 Merge of: 1500_1_F4_av 1500_5_F4_av
1500_1_F4_av  Conc = .10E+01  Mult = .10E+01  N1 =   20  N2 =  300  SCALE =  1
1500_5_F4_av  Conc = .50E+01  Mult = .14E+00  N1 =  100  N2 = 2619  SCALE =  1
 0.201222E+00  0.230412E-02  0.117313E-03
 0.204016E+00  0.216569E-02  0.118682E-03
 0.206811E+00  0.233428E-02  0.119332E-03
 0.209606E+00  0.219170E-02  0.121424E-03
 0.212401E+00  0.221377E-02  0.118908E-03
 0.215195E+00  0.210692E-02  0.119354E-03
 0.217990E+00  0.213362E-02  0.119827E-03
 0.220785E+00  0.203759E-02  0.119543E-03
 0.223580E+00  0.193404E-02  0.120442E-03
 0.226374E+00  0.207614E-02  0.117333E-03
 0.229169E+00  0.211120E-02  0.118948E-03
 0.231964E+00  0.191176E-02  0.118330E-03
 0.234759E+00  0.170478E-02  0.117518E-03
 0.237553E+00  0.192199E-02  0.118093E-03
 0.240348E+00  0.208000E-02  0.115748E-03
 0.243143E+00  0.198714E-02  0.118379E-03
 0.245938E+00  0.211617E-02  0.116146E-03
 0.248732E+00  0.185732E-02  0.115933E-03
 0.251527E+00  0.185125E-02  0.116243E-03
 0.254322E+00  0.188581E-02  0.114734E-03
 0.257117E+00  0.196379E-02  0.116077E-03
 0.259911E+00  0.181779E-02  0.113504E-03
 0.262706E+00  0.192056E-02  0.113491E-03
 0.265501E+00  0.184938E-02  0.114512E-03
 0.268296E+00  0.182079E-02  0.112999E-03
 0.271090E+00  0.183283E-02  0.114126E-03
 0.273885E+00  0.166458E-02  0.111291E-03
 0.276680E+00  0.179897E-02  0.112189E-03
 0.279475E+00  0.180602E-02  0.112052E-03
 0.282269E+00  0.182969E-02  0.110906E-03
 0.285064E+00  0.168452E-02  0.111121E-03
 0.287859E+00  0.184959E-02  0.109860E-03
 0.290654E+00  0.201526E-02  0.110780E-03
 0.293448E+00  0.191805E-02  0.109994E-03
 0.296243E+00  0.185837E-02  0.762114E-04
 0.299038E+00  0.186824E-02  0.582110E-04
 0.301833E+00  0.180879E-02  0.576652E-04
 0.304627E+00  0.167362E-02  0.576936E-04
 0.307422E+00  0.173166E-02  0.569837E-04
 0.310217E+00  0.178011E-02  0.566584E-04
 0.313011E+00  0.161663E-02  0.568005E-04
 0.315806E+00  0.174337E-02  0.567114E-04
 0.318601E+00  0.167562E-02  0.563247E-04
 0.321396E+00  0.160707E-02  0.560896E-04
 0.324190E+00  0.170081E-02  0.573362E-04
 0.326985E+00  0.178192E-02  0.581111E-04
 0.329780E+00  0.166978E-02  0.587191E-04
 0.332575E+00  0.155623E-02  0.584983E-04
 0.335369E+00  0.160193E-02  0.590972E-04
 0.338164E+00  0.152939E-02  0.599223E-04
 0.340959E+00  0.158162E-02  0.596003E-04
 0.343754E+00  0.156608E-02  0.599223E-04
 0.346548E+00  0.155869E-02  0.601797E-04
 0.349343E+00  0.155387E-02  0.596691E-04
 0.352138E+00  0.158039E-02  0.610720E-04
 0.354933E+00  0.164442E-02  0.602106E-04
 0.357727E+00  0.148493E-02  0.606514E-04
 0.360522E+00  0.150807E-02  0.607754E-04
 0.363317E+00  0.141544E-02  0.610041E-04
 0.366112E+00  0.147917E-02  0.610800E-04
 0.368906E+00  0.146902E-02  0.611078E-04
 0.371701E+00  0.148017E-02  0.615099E-04
 0.374496E+00  0.138408E-02  0.611709E-04
 0.377291E+00  0.144050E-02  0.610635E-04
 0.380085E+00  0.126459E-02  0.613840E-04
 0.382880E+00  0.130649E-02  0.614013E-04
 0.385675E+00  0.132933E-02  0.620031E-04
 0.388470E+00  0.135158E-02  0.614087E-04
 0.391264E+00  0.139175E-02  0.602888E-04
 0.394059E+00  0.133383E-02  0.584795E-04
 0.396854E+00  0.131501E-02  0.581250E-04
 0.399649E+00  0.126950E-02  0.575363E-04
 0.402443E+00  0.122318E-02  0.568061E-04
 0.405238E+00  0.118086E-02  0.569862E-04
 0.408033E+00  0.117369E-02  0.560611E-04
 0.410828E+00  0.129906E-02  0.558061E-04
 0.413622E+00  0.123000E-02  0.555311E-04
 0.416417E+00  0.121377E-02  0.548734E-04
 0.419212E+00  0.132805E-02  0.551086E-04
 0.422007E+00  0.125269E-02  0.542545E-04
 0.424801E+00  0.118658E-02  0.541909E-04
 0.427596E+00  0.111553E-02  0.537599E-04
 0.430391E+00  0.119375E-02  0.536942E-04
 0.433186E+00  0.109159E-02  0.540712E-04
 0.435980E+00  0.106065E-02  0.530822E-04
 0.438775E+00  0.113686E-02  0.533558E-04
 0.441570E+00  0.111820E-02  0.525635E-04
 0.444365E+00  0.108058E-02  0.528070E-04
 0.447159E+00  0.104544E-02  0.526815E-04
 0.449954E+00  0.971798E-03  0.520856E-04
 0.452749E+00  0.966862E-03  0.519445E-04
 0.455544E+00  0.103364E-02  0.520435E-04
 0.458338E+00  0.105600E-02  0.518185E-04
 0.461133E+00  0.108912E-02  0.514938E-04
 0.463928E+00  0.958379E-03  0.507577E-04
 0.466723E+00  0.920809E-03  0.513715E-04
 0.469517E+00  0.857320E-03  0.509249E-04
 0.472312E+00  0.100132E-02  0.506562E-04
 0.475107E+00  0.870107E-03  0.505972E-04
 0.477901E+00  0.976552E-03  0.503228E-04
 0.480696E+00  0.890853E-03  0.503119E-04
 0.483491E+00  0.955153E-03  0.502828E-04
 0.486286E+00  0.890386E-03  0.497798E-04
 0.489080E+00  0.888804E-03  0.496526E-04
 0.491875E+00  0.804127E-03  0.496724E-04
 0.494670E+00  0.765274E-03  0.495930E-04
 0.497465E+00  0.776276E-03  0.493089E-04
 0.500259E+00  0.815317E-03  0.492778E-04
 0.503054E+00  0.743467E-03  0.491244E-04
 0.505849E+00  0.798863E-03  0.490670E-04
 0.508644E+00  0.825504E-03  0.487445E-04
 0.511438E+00  0.793591E-03  0.495261E-04
 0.514233E+00  0.765973E-03  0.502880E-04
 0.517028E+00  0.701761E-03  0.509696E-04
 0.519823E+00  0.794971E-03  0.513293E-04
 0.522617E+00  0.755734E-03  0.513736E-04
 0.525412E+00  0.777051E-03  0.518711E-04
 0.528207E+00  0.781283E-03  0.523547E-04
 0.531002E+00  0.730993E-03  0.522712E-04
 0.533796E+00  0.648489E-03  0.525580E-04
 0.536591E+00  0.755856E-03  0.525659E-04
 0.539386E+00  0.687593E-03  0.528091E-04
 0.542181E+00  0.690903E-03  0.529841E-04
 0.544975E+00  0.635319E-03  0.526609E-04
 0.547770E+00  0.652884E-03  0.529997E-04
 0.550565E+00  0.589143E-03  0.521582E-04
 0.553360E+00  0.675346E-03  0.511610E-04
 0.556154E+00  0.607748E-03  0.499367E-04
 0.558949E+00  0.585426E-03  0.492389E-04
 0.561744E+00  0.496078E-03  0.492875E-04
 0.564539E+00  0.491549E-03  0.489085E-04
 0.567333E+00  0.644637E-03  0.483924E-04
 0.570128E+00  0.546222E-03  0.476696E-04
 0.572923E+00  0.478625E-03  0.476463E-04
 0.575718E+00  0.633565E-03  0.475656E-04
 0.578512E+00  0.544742E-03  0.468958E-04
 0.581307E+00  0.444251E-03  0.469276E-04
 0.584102E+00  0.412195E-03  0.464310E-04
 0.586897E+00  0.454601E-03  0.466551E-04
 0.589691E+00  0.589836E-03  0.461121E-04
 0.592486E+00  0.542941E-03  0.458522E-04
 0.595281E+00  0.467197E-03  0.459795E-04
 0.598076E+00  0.425558E-03  0.457564E-04
 0.600870E+00  0.478449E-03  0.457892E-04
 0.603665E+00  0.411872E-03  0.453471E-04
 0.606460E+00  0.486549E-03  0.453373E-04
 0.609255E+00  0.442133E-03  0.451549E-04
 0.612049E+00  0.456048E-03  0.449099E-04
 0.614844E+00  0.343946E-03  0.448834E-04
 0.617639E+00  0.388567E-03  0.443179E-04
 0.620434E+00  0.418567E-03  0.444561E-04
 0.623228E+00  0.444610E-03  0.444212E-04
 0.626023E+00  0.357853E-03  0.439301E-04
 0.628818E+00  0.307924E-03  0.439336E-04
 0.631612E+00  0.396971E-03  0.435142E-04
 0.634407E+00  0.322062E-03  0.437157E-04
 0.637202E+00  0.331053E-03  0.433490E-04
 0.639997E+00  0.323849E-03  0.432489E-04
 0.642791E+00  0.306025E-03  0.433194E-04
 0.645586E+00  0.281033E-03  0.431161E-04
 0.648381E+00  0.332629E-03  0.433320E-04
 0.651176E+00  0.313558E-03  0.428474E-04
 0.653970E+00  0.313241E-03  0.430828E-04
 0.656765E+00  0.320022E-03  0.430854E-04
 0.659560E+00  0.210959E-03  0.431267E-04
 0.662355E+00  0.263784E-03  0.429900E-04
 0.665149E+00  0.322297E-03  0.427276E-04
 0.667944E+00  0.383577E-03  0.430532E-04
 0.670739E+00  0.292966E-03  0.430346E-04
 0.673534E+00  0.196428E-03  0.427541E-04
 0.676328E+00  0.232326E-03  0.424857E-04
 0.679123E+00  0.225489E-03  0.426187E-04
 0.681918E+00  0.195695E-03  0.427479E-04
 0.684713E+00  0.268820E-03  0.424505E-04
 0.687507E+00  0.216719E-03  0.423614E-04
 0.690302E+00  0.209978E-03  0.421957E-04
 0.693097E+00  0.246851E-03  0.420923E-04
 0.695892E+00  0.187041E-03  0.422779E-04
 0.698686E+00  0.167465E-03  0.417444E-04
 0.701481E+00  0.143276E-03  0.419691E-04
 0.704276E+00  0.154435E-03  0.417981E-04
 0.707071E+00  0.119984E-03  0.416932E-04
 0.709865E+00  0.152610E-03  0.417051E-04
 0.712660E+00  0.133365E-03  0.413601E-04
 0.715455E+00  0.148412E-03  0.416899E-04
 0.718250E+00  0.158916E-03  0.413219E-04
 0.721044E+00  0.222595E-03  0.412838E-04
 0.723839E+00  0.229824E-03  0.412078E-04
 0.726634E+00  0.244073E-03  0.411279E-04
 0.729429E+00  0.148226E-03  0.412739E-04
 0.732223E+00  0.169520E-03  0.408472E-04
 0.735018E+00  0.204247E-03  0.407980E-04
 0.737813E+00  0.686863E-04  0.407574E-04
 0.740608E+00  0.207671E-03  0.408228E-04
 0.743402E+00  0.216797E-03  0.409668E-04
 0.746197E+00  0.141582E-03  0.404768E-04
 0.748992E+00  0.670790E-04  0.406022E-04
 0.751787E+00  0.899597E-04  0.404783E-04
 0.754581E+00  0.110694E-03  0.404066E-04
 0.757376E+00  0.931548E-04  0.403307E-04
 0.760171E+00  0.177701E-03  0.401084E-04
 0.762966E+00  0.183659E-03  0.401948E-04
 0.765760E+00  0.120565E-03  0.400340E-04
 0.768555E+00  0.119436E-03  0.399354E-04
 0.771350E+00  0.177090E-03  0.399211E-04
 0.774145E+00  0.509218E-04  0.399270E-04
 0.776939E+00  0.597413E-04  0.400165E-04
 0.779734E+00  0.106322E-03  0.394972E-04
 0.782529E+00  0.938824E-04  0.396378E-04
 0.785323E+00  0.113840E-03  0.396165E-04
 0.788118E+00  0.122652E-03  0.395571E-04
 0.790913E+00  0.134093E-03  0.394758E-04
 0.793708E+00  0.343272E-04  0.392619E-04
 0.796502E+00  0.161150E-03  0.394217E-04
 0.799297E+00  0.139815E-03  0.391777E-04
 0.802092E+00  0.130280E-03  0.393312E-04
 0.804887E+00  0.136926E-03  0.391229E-04
 0.807681E+00  0.988725E-04  0.388409E-04
 0.810476E+00  0.156192E-03  0.391248E-04
 0.813271E+00  0.693654E-04  0.389496E-04
 0.816066E+00  0.855357E-04  0.389103E-04
 0.818860E+00  0.300921E-04  0.387365E-04
 0.821655E+00  0.688662E-04  0.385733E-04
 0.824450E+00  0.351870E-04  0.387755E-04
 0.827245E+00  0.173549E-04  0.383988E-04
 0.830039E+00  0.453277E-05  0.385503E-04
 0.832834E+00  0.713769E-04  0.384447E-04
 0.835629E+00  0.293167E-04  0.384584E-04
 0.838424E+00  0.109927E-03  0.387924E-04
 0.841218E+00  0.134049E-03  0.388363E-04
 0.844013E+00  0.973378E-05  0.394251E-04
 0.846808E+00  0.486651E-04  0.393737E-04
 0.849603E+00  0.670486E-04  0.396026E-04
 0.852397E+00  0.940791E-04  0.397620E-04
 0.855192E+00  0.873403E-04  0.397607E-04
 0.857987E+00 -0.313484E-04  0.427695E-04
 0.860782E+00  0.309252E-04  0.226349E-04
 0.863576E+00  0.192435E-04  0.227275E-04
 0.866371E+00  0.566500E-04  0.226160E-04
 0.869166E+00  0.422215E-04  0.227063E-04
 0.871961E+00  0.602953E-04  0.228090E-04
 0.874755E+00  0.100036E-03  0.226949E-04
 0.877550E+00  0.584965E-04  0.225374E-04
 0.880345E+00  0.713034E-04  0.224063E-04
 0.883140E+00  0.598489E-04  0.223143E-04
 0.885934E+00  0.873172E-04  0.221297E-04
 0.888729E+00  0.642227E-04  0.217917E-04
 0.891524E+00  0.469449E-04  0.217578E-04
 0.894319E+00  0.643570E-04  0.216074E-04
 0.897113E+00  0.633487E-04  0.216311E-04
 0.899908E+00  0.516248E-04  0.215451E-04
 0.902703E+00  0.523379E-04  0.212892E-04
 0.905498E+00  0.690727E-04  0.214403E-04
 0.908292E+00  0.415356E-04  0.211516E-04
 0.911087E+00  0.498496E-04  0.211523E-04
 0.913882E+00  0.216072E-04  0.210055E-04
 0.916677E+00  0.647141E-04  0.215124E-04
 0.919471E+00  0.638251E-04  0.217179E-04
 0.922266E+00  0.588562E-04  0.216778E-04
 0.925061E+00  0.585834E-04  0.219015E-04
 0.927856E+00  0.954769E-04  0.220030E-04
 0.930650E+00  0.743002E-04  0.222908E-04
 0.933445E+00  0.682217E-04  0.222680E-04
 0.936240E+00  0.852624E-04  0.222512E-04
 0.939034E+00  0.277554E-04  0.223430E-04
 0.941829E+00  0.812698E-04  0.225352E-04
 0.944624E+00  0.582126E-04  0.227262E-04
 0.947419E+00  0.665405E-04  0.227817E-04
 0.950213E+00  0.717022E-04  0.229023E-04
 0.953008E+00  0.794310E-04  0.229328E-04
 0.955803E+00  0.868255E-04  0.230368E-04
 0.958598E+00  0.917866E-04  0.231950E-04
 0.961392E+00  0.119687E-03  0.230223E-04
 0.964187E+00  0.745507E-04  0.231920E-04
 0.966982E+00  0.596987E-04  0.232061E-04
 0.969777E+00  0.937455E-04  0.231732E-04
 0.972571E+00  0.103925E-03  0.235000E-04
 0.975366E+00  0.111404E-03  0.233801E-04
 0.978161E+00  0.887018E-04  0.235177E-04
 0.980956E+00  0.113535E-03  0.234191E-04
 0.983750E+00  0.112015E-03  0.229970E-04
 0.986545E+00  0.113652E-03  0.228253E-04
 0.989340E+00  0.118473E-03  0.224531E-04
 0.992135E+00  0.842710E-04  0.223452E-04
 0.994929E+00  0.833972E-04  0.220853E-04
 0.997724E+00  0.905705E-04  0.220199E-04
 0.100052E+01  0.113431E-03  0.221556E-04
 0.100331E+01  0.967448E-04  0.218661E-04
 0.100611E+01  0.117609E-03  0.219897E-04
 0.100890E+01  0.129517E-03  0.216193E-04
 0.101170E+01  0.125393E-03  0.218350E-04
 0.101449E+01  0.102827E-03  0.216417E-04
 0.101729E+01  0.131944E-03  0.215592E-04
 0.102008E+01  0.153943E-03  0.215851E-04
 0.102288E+01  0.105339E-03  0.213639E-04
 0.102567E+01  0.104527E-03  0.213884E-04
 0.102847E+01  0.133760E-03  0.213483E-04
 0.103126E+01  0.126240E-03  0.211900E-04
 0.103406E+01  0.139591E-03  0.212712E-04
 0.103685E+01  0.128825E-03  0.210662E-04
 0.103965E+01  0.123562E-03  0.211817E-04
 0.104244E+01  0.115128E-03  0.210575E-04
 0.104523E+01  0.141087E-03  0.209943E-04
 0.104803E+01  0.113024E-03  0.210163E-04
 0.105082E+01  0.984918E-04  0.207413E-04
 0.105362E+01  0.156944E-03  0.210825E-04
 0.105641E+01  0.145163E-03  0.207443E-04
 0.105921E+01  0.139953E-03  0.208329E-04
 0.106200E+01  0.143536E-03  0.206899E-04
 0.106480E+01  0.154606E-03  0.207005E-04
 0.106759E+01  0.145048E-03  0.206276E-04
 0.107039E+01  0.141403E-03  0.205470E-04
 0.107318E+01  0.163840E-03  0.204902E-04
 0.107598E+01  0.157374E-03  0.204284E-04
 0.107877E+01  0.162705E-03  0.204188E-04
 0.108157E+01  0.166090E-03  0.205241E-04
 0.108436E+01  0.183782E-03  0.204057E-04
 0.108716E+01  0.204637E-03  0.205174E-04
 0.108995E+01  0.187170E-03  0.202477E-04
 0.109275E+01  0.181486E-03  0.203081E-04
 0.109554E+01  0.178110E-03  0.203447E-04
 0.109833E+01  0.158352E-03  0.201571E-04
 0.110113E+01  0.197871E-03  0.203721E-04
 0.110392E+01  0.193389E-03  0.201136E-04
 0.110672E+01  0.180586E-03  0.202778E-04
 0.110951E+01  0.186457E-03  0.201351E-04
 0.111231E+01  0.180916E-03  0.202014E-04
 0.111510E+01  0.203473E-03  0.201508E-04
 0.111790E+01  0.195274E-03  0.201895E-04
 0.112069E+01  0.220051E-03  0.202802E-04
 0.112349E+01  0.207546E-03  0.201860E-04
 0.112628E+01  0.199261E-03  0.200235E-04
 0.112908E+01  0.206997E-03  0.201465E-04
 0.113187E+01  0.223932E-03  0.200316E-04
 0.113467E+01  0.194021E-03  0.201135E-04
 0.113746E+01  0.207381E-03  0.199152E-04
 0.114026E+01  0.237907E-03  0.200797E-04
 0.114305E+01  0.217869E-03  0.200056E-04
 0.114585E+01  0.213980E-03  0.199841E-04
 0.114864E+01  0.250505E-03  0.199583E-04
 0.115144E+01  0.245630E-03  0.199478E-04
 0.115423E+01  0.233799E-03  0.199904E-04
 0.115702E+01  0.240221E-03  0.198251E-04
 0.115982E+01  0.244342E-03  0.198955E-04
 0.116261E+01  0.221168E-03  0.197320E-04
 0.116541E+01  0.264430E-03  0.198670E-04
 0.116820E+01  0.256085E-03  0.198092E-04
 0.117100E+01  0.243108E-03  0.197661E-04
 0.117379E+01  0.234913E-03  0.196928E-04
 0.117659E+01  0.232661E-03  0.197925E-04
 0.117938E+01  0.245354E-03  0.196537E-04
 0.118218E+01  0.234586E-03  0.196981E-04
 0.118497E+01  0.221191E-03  0.195604E-04
 0.118777E+01  0.243968E-03  0.197213E-04
 0.119056E+01  0.283733E-03  0.196998E-04
 0.119336E+01  0.244742E-03  0.196316E-04
 0.119615E+01  0.235773E-03  0.195650E-04
 0.119895E+01  0.249910E-03  0.195463E-04
 0.120174E+01  0.263264E-03  0.196030E-04
 0.120454E+01  0.266736E-03  0.195329E-04
 0.120733E+01  0.251565E-03  0.195246E-04
 0.121012E+01  0.250072E-03  0.194586E-04
 0.121292E+01  0.256852E-03  0.194297E-04
 0.121571E+01  0.271891E-03  0.194400E-04
 0.121851E+01  0.265736E-03  0.194348E-04
 0.122130E+01  0.260534E-03  0.193538E-04
 0.122410E+01  0.280856E-03  0.194912E-04
 0.122689E+01  0.273667E-03  0.194396E-04
 0.122969E+01  0.275944E-03  0.193975E-04
 0.123248E+01  0.270016E-03  0.192198E-04
 0.123528E+01  0.268076E-03  0.193596E-04
 0.123807E+01  0.270687E-03  0.193120E-04
 0.124087E+01  0.260706E-03  0.192840E-04
 0.124366E+01  0.276854E-03  0.192144E-04
 0.124646E+01  0.301828E-03  0.192116E-04
 0.124925E+01  0.299486E-03  0.192602E-04
 0.125205E+01  0.320605E-03  0.192093E-04
 0.125484E+01  0.296736E-03  0.190667E-04
 0.125764E+01  0.284537E-03  0.191188E-04
 0.126043E+01  0.283435E-03  0.190556E-04
 0.126322E+01  0.276986E-03  0.190208E-04
 0.126602E+01  0.278173E-03  0.189520E-04
 0.126881E+01  0.292845E-03  0.189468E-04
 0.127161E+01  0.284282E-03  0.189284E-04
 0.127440E+01  0.294602E-03  0.189318E-04
 0.127720E+01  0.311098E-03  0.190125E-04
 0.127999E+01  0.298456E-03  0.188876E-04
 0.128279E+01  0.284855E-03  0.189904E-04
 0.128558E+01  0.278236E-03  0.188093E-04
 0.128838E+01  0.314149E-03  0.189849E-04
 0.129117E+01  0.298168E-03  0.188559E-04
 0.129397E+01  0.322138E-03  0.189386E-04
 0.129676E+01  0.316401E-03  0.189242E-04
 0.129956E+01  0.319393E-03  0.189137E-04
 0.130235E+01  0.304681E-03  0.188769E-04
 0.130515E+01  0.295307E-03  0.188766E-04
 0.130794E+01  0.357629E-03  0.189063E-04
 0.131074E+01  0.322559E-03  0.190087E-04
 0.131353E+01  0.314521E-03  0.188403E-04
 0.131633E+01  0.307278E-03  0.188563E-04
 0.131912E+01  0.284301E-03  0.188849E-04
 0.132191E+01  0.332842E-03  0.188164E-04
 0.132471E+01  0.325750E-03  0.189084E-04
 0.132750E+01  0.311012E-03  0.187361E-04
 0.133030E+01  0.339491E-03  0.188996E-04
 0.133309E+01  0.311264E-03  0.188639E-04
 0.133589E+01  0.343132E-03  0.187948E-04
 0.133868E+01  0.350786E-03  0.187183E-04
 0.134148E+01  0.320366E-03  0.187424E-04
 0.134427E+01  0.315019E-03  0.187302E-04
 0.134707E+01  0.313180E-03  0.188096E-04
 0.134986E+01  0.320091E-03  0.186517E-04
 0.135266E+01  0.322344E-03  0.186659E-04
 0.135545E+01  0.329967E-03  0.186821E-04
 0.135825E+01  0.339431E-03  0.187343E-04
 0.136104E+01  0.335106E-03  0.186592E-04
 0.136384E+01  0.317470E-03  0.186049E-04
 0.136663E+01  0.315479E-03  0.185291E-04
 0.136943E+01  0.303391E-03  0.186022E-04
 0.137222E+01  0.345276E-03  0.186077E-04
 0.137501E+01  0.336067E-03  0.185013E-04
 0.137781E+01  0.337936E-03  0.186593E-04
 0.138060E+01  0.336124E-03  0.185919E-04
 0.138340E+01  0.302268E-03  0.185438E-04
 0.138619E+01  0.351281E-03  0.184940E-04
 0.138899E+01  0.338909E-03  0.185580E-04
 0.139178E+01  0.320422E-03  0.185174E-04
 0.139458E+01  0.320899E-03  0.185048E-04
 0.139737E+01  0.324347E-03  0.184244E-04
 0.140017E+01  0.318133E-03  0.183999E-04
 0.140296E+01  0.325928E-03  0.184069E-04
 0.140576E+01  0.310040E-03  0.184178E-04
 0.140855E+01  0.323339E-03  0.183107E-04
 0.141135E+01  0.318582E-03  0.184073E-04
 0.141414E+01  0.330874E-03  0.183335E-04
 0.141694E+01  0.359172E-03  0.184918E-04
 0.141973E+01  0.324960E-03  0.182805E-04
 0.142253E+01  0.328672E-03  0.182860E-04
 0.142532E+01  0.324113E-03  0.183598E-04
 0.142811E+01  0.332534E-03  0.182658E-04
 0.143091E+01  0.336969E-03  0.182986E-04
 0.143370E+01  0.368695E-03  0.182116E-04
 0.143650E+01  0.335217E-03  0.183137E-04
 0.143929E+01  0.323636E-03  0.181740E-04
 0.144209E+01  0.319515E-03  0.181687E-04
 0.144488E+01  0.328873E-03  0.181669E-04
 0.144768E+01  0.363585E-03  0.181797E-04
 0.145047E+01  0.340789E-03  0.181712E-04
 0.145327E+01  0.320002E-03  0.181717E-04
 0.145606E+01  0.344688E-03  0.180424E-04
 0.145886E+01  0.353913E-03  0.181345E-04
 0.146165E+01  0.349821E-03  0.180752E-04
 0.146445E+01  0.319071E-03  0.181274E-04
 0.146724E+01  0.323249E-03  0.179419E-04
 0.147004E+01  0.347081E-03  0.180634E-04
 0.147283E+01  0.348535E-03  0.180501E-04
 0.147563E+01  0.345294E-03  0.180152E-04
 0.147842E+01  0.350499E-03  0.180075E-04
 0.148122E+01  0.354735E-03  0.179327E-04
 0.148401E+01  0.317334E-03  0.179653E-04
 0.148680E+01  0.323164E-03  0.179044E-04
 0.148960E+01  0.314562E-03  0.178644E-04
 0.149239E+01  0.326269E-03  0.178984E-04
 0.149519E+01  0.349892E-03  0.178301E-04
 0.149798E+01  0.318831E-03  0.177956E-04
 0.150078E+01  0.332193E-03  0.178544E-04
 0.150357E+01  0.340618E-03  0.177771E-04
 0.150637E+01  0.332197E-03  0.178988E-04
 0.150916E+01  0.323099E-03  0.180188E-04
 0.151196E+01  0.319907E-03  0.183393E-04
 0.151475E+01  0.319901E-03  0.182622E-04
 0.151755E+01  0.305392E-03  0.184018E-04
 0.152034E+01  0.333867E-03  0.185436E-04
 0.152314E+01  0.325793E-03  0.186638E-04
 0.152593E+01  0.322521E-03  0.187178E-04
 0.152873E+01  0.309063E-03  0.187003E-04
 0.153152E+01  0.297718E-03  0.188304E-04
 0.153432E+01  0.294879E-03  0.189023E-04
 0.153711E+01  0.341242E-03  0.189768E-04
 0.153990E+01  0.330507E-03  0.190123E-04
 0.154270E+01  0.330618E-03  0.190359E-04
 0.154549E+01  0.310593E-03  0.191283E-04
 0.154829E+01  0.317788E-03  0.191508E-04
 0.155108E+01  0.313743E-03  0.191714E-04
 0.155388E+01  0.332388E-03  0.192694E-04
 0.155667E+01  0.347078E-03  0.192581E-04
 0.155947E+01  0.335554E-03  0.194869E-04
 0.156226E+01  0.317714E-03  0.192438E-04
 0.156506E+01  0.321885E-03  0.193870E-04
 0.156785E+01  0.329790E-03  0.194635E-04
 0.157065E+01  0.309247E-03  0.195300E-04
 0.157344E+01  0.323661E-03  0.194205E-04
 0.157624E+01  0.324017E-03  0.191109E-04
 0.157903E+01  0.310439E-03  0.189523E-04
 0.158183E+01  0.306076E-03  0.188076E-04
 0.158462E+01  0.358703E-03  0.187304E-04
 0.158742E+01  0.316929E-03  0.186649E-04
 0.159021E+01  0.318928E-03  0.184868E-04
 0.159300E+01  0.282200E-03  0.184637E-04
 0.159580E+01  0.263211E-03  0.182942E-04
 0.159859E+01  0.301412E-03  0.182262E-04
 0.160139E+01  0.286840E-03  0.182119E-04
 0.160418E+01  0.295741E-03  0.180755E-04
 0.160698E+01  0.297044E-03  0.182048E-04
 0.160977E+01  0.319392E-03  0.180280E-04
 0.161257E+01  0.309527E-03  0.180982E-04
 0.161536E+01  0.284413E-03  0.180101E-04
 0.161816E+01  0.290358E-03  0.179426E-04
 0.162095E+01  0.302815E-03  0.179111E-04
 0.162375E+01  0.315716E-03  0.179257E-04
 0.162654E+01  0.307354E-03  0.178862E-04
 0.162934E+01  0.281435E-03  0.178528E-04
 0.163213E+01  0.301223E-03  0.176901E-04
 0.163493E+01  0.299481E-03  0.177859E-04
 0.163772E+01  0.278143E-03  0.176327E-04
 0.164052E+01  0.286169E-03  0.177681E-04
 0.164331E+01  0.284680E-03  0.175787E-04
 0.164611E+01  0.278716E-03  0.176756E-04
 0.164890E+01  0.295260E-03  0.176676E-04
 0.165169E+01  0.285696E-03  0.175417E-04
 0.165449E+01  0.284644E-03  0.176259E-04
 0.165728E+01  0.281855E-03  0.175168E-04
 0.166008E+01  0.301696E-03  0.176040E-04
 0.166287E+01  0.289028E-03  0.175078E-04
 0.166567E+01  0.296524E-03  0.176192E-04
 0.166846E+01  0.281945E-03  0.174118E-04
 0.167126E+01  0.281720E-03  0.174769E-04
 0.167405E+01  0.257467E-03  0.174538E-04
 0.167685E+01  0.278497E-03  0.174757E-04
 0.167964E+01  0.294752E-03  0.173795E-04
 0.168244E+01  0.267547E-03  0.173858E-04
 0.168523E+01  0.269419E-03  0.173021E-04
 0.168803E+01  0.305112E-03  0.174728E-04
 0.169082E+01  0.293549E-03  0.172827E-04
 0.169362E+01  0.275321E-03  0.173890E-04
 0.169641E+01  0.258031E-03  0.171551E-04
 0.169921E+01  0.289734E-03  0.173076E-04
 0.170200E+01  0.268343E-03  0.172945E-04
 0.170479E+01  0.248597E-03  0.171429E-04
 0.170759E+01  0.239863E-03  0.172339E-04
 0.171038E+01  0.225806E-03  0.170572E-04
 0.171318E+01  0.289919E-03  0.172801E-04
 0.171597E+01  0.259879E-03  0.170836E-04
 0.171877E+01  0.252132E-03  0.171190E-04
 0.172156E+01  0.274873E-03  0.171299E-04
 0.172436E+01  0.264344E-03  0.170947E-04
 0.172715E+01  0.258566E-03  0.170387E-04
 0.172995E+01  0.270354E-03  0.170668E-04
 0.173274E+01  0.251010E-03  0.168919E-04
 0.173554E+01  0.250885E-03  0.169859E-04
 0.173833E+01  0.244616E-03  0.168080E-04
 0.174113E+01  0.250724E-03  0.169702E-04
 0.174392E+01  0.227974E-03  0.167443E-04
 0.174672E+01  0.241306E-03  0.168176E-04
 0.174951E+01  0.235488E-03  0.167683E-04
 0.175231E+01  0.222563E-03  0.167090E-04
 0.175510E+01  0.249650E-03  0.168428E-04
 0.175789E+01  0.231091E-03  0.166821E-04
 0.176069E+01  0.239989E-03  0.168014E-04
 0.176348E+01  0.229284E-03  0.166506E-04
 0.176628E+01  0.255605E-03  0.166464E-04
 0.176907E+01  0.257561E-03  0.167782E-04
 0.177187E+01  0.232421E-03  0.166632E-04
 0.177466E+01  0.226892E-03  0.166202E-04
 0.177746E+01  0.234789E-03  0.166149E-04
 0.178025E+01  0.249485E-03  0.166289E-04
 0.178305E+01  0.228091E-03  0.166721E-04
 0.178584E+01  0.216815E-03  0.164920E-04
 0.178864E+01  0.234994E-03  0.166260E-04
 0.179143E+01  0.239894E-03  0.165308E-04
 0.179423E+01  0.220409E-03  0.165956E-04
 0.179702E+01  0.207012E-03  0.164898E-04
 0.179982E+01  0.214844E-03  0.165263E-04
 0.180261E+01  0.228386E-03  0.165486E-04
 0.180541E+01  0.215360E-03  0.165276E-04
 0.180820E+01  0.217031E-03  0.164749E-04
 0.181100E+01  0.224865E-03  0.164980E-04
 0.181379E+01  0.228610E-03  0.164422E-04
 0.181658E+01  0.210980E-03  0.164806E-04
 0.181938E+01  0.223095E-03  0.164640E-04
 0.182217E+01  0.234266E-03  0.164098E-04
 0.182497E+01  0.203773E-03  0.163810E-04
 0.182776E+01  0.196371E-03  0.163209E-04
 0.183056E+01  0.197550E-03  0.164429E-04
 0.183335E+01  0.200986E-03  0.162530E-04
 0.183615E+01  0.199136E-03  0.163788E-04
 0.183894E+01  0.192414E-03  0.162334E-04
 0.184174E+01  0.225048E-03  0.164005E-04
 0.184453E+01  0.233807E-03  0.163191E-04
 0.184733E+01  0.212638E-03  0.162682E-04
 0.185012E+01  0.213732E-03  0.162649E-04
 0.185292E+01  0.194564E-03  0.161995E-04
 0.185571E+01  0.178547E-03  0.161939E-04
 0.185851E+01  0.198929E-03  0.162111E-04
 0.186130E+01  0.213577E-03  0.161573E-04
 0.186410E+01  0.207396E-03  0.162358E-04
 0.186689E+01  0.210621E-03  0.161837E-04
 0.186968E+01  0.185193E-03  0.160704E-04
 0.187248E+01  0.184877E-03  0.161017E-04
 0.187527E+01  0.179389E-03  0.160686E-04
 0.187807E+01  0.191077E-03  0.161541E-04
 0.188086E+01  0.194374E-03  0.160245E-04
 0.188366E+01  0.176671E-03  0.160983E-04
 0.188645E+01  0.201344E-03  0.159969E-04
 0.188925E+01  0.187193E-03  0.160992E-04
 0.189204E+01  0.166427E-03  0.159653E-04
 0.189484E+01  0.191174E-03  0.160260E-04
 0.189763E+01  0.183650E-03  0.159945E-04
 0.190043E+01  0.181027E-03  0.161014E-04
 0.190322E+01  0.203687E-03  0.161266E-04
 0.190602E+01  0.182374E-03  0.161059E-04
 0.190881E+01  0.169543E-03  0.160725E-04
 0.191161E+01  0.173984E-03  0.162151E-04
 0.191440E+01  0.190043E-03  0.161780E-04
 0.191720E+01  0.197231E-03  0.162526E-04
 0.191999E+01  0.181081E-03  0.161673E-04
 0.192278E+01  0.158658E-03  0.161724E-04
 0.192558E+01  0.152623E-03  0.162165E-04
 0.192837E+01  0.154655E-03  0.160926E-04
 0.193117E+01  0.158367E-03  0.161295E-04
 0.193396E+01  0.163300E-03  0.160241E-04
 0.193676E+01  0.155685E-03  0.162007E-04
 0.193955E+01  0.172047E-03  0.160539E-04
 0.194235E+01  0.155277E-03  0.160755E-04
 0.194514E+01  0.159381E-03  0.159509E-04
 0.194794E+01  0.160394E-03  0.159956E-04
 0.195073E+01  0.167684E-03  0.159596E-04
 0.195353E+01  0.162834E-03  0.159045E-04
 0.195632E+01  0.164215E-03  0.158608E-04
 0.195912E+01  0.161363E-03  0.159168E-04
 0.196191E+01  0.172857E-03  0.158359E-04
 0.196471E+01  0.156903E-03  0.159490E-04
 0.196750E+01  0.148130E-03  0.157812E-04
 0.197030E+01  0.150807E-03  0.159646E-04
 0.197309E+01  0.150022E-03  0.158279E-04
 0.197589E+01  0.149317E-03  0.158372E-04
 0.197868E+01  0.138996E-03  0.158213E-04
 0.198147E+01  0.160608E-03  0.158007E-04
 0.198427E+01  0.130825E-03  0.158789E-04
 0.198706E+01  0.155602E-03  0.157344E-04
 0.198986E+01  0.159775E-03  0.158257E-04
 0.199265E+01  0.156201E-03  0.157419E-04
 0.199545E+01  0.154889E-03  0.158044E-04
 0.199824E+01  0.159148E-03  0.157648E-04
 0.200104E+01  0.158462E-03  0.156774E-04
 0.200383E+01  0.143785E-03  0.156408E-04
 0.200663E+01  0.135160E-03  0.157386E-04
 0.200942E+01  0.130092E-03  0.156424E-04
 0.201222E+01  0.141780E-03  0.156514E-04
 0.201501E+01  0.147266E-03  0.155153E-04
 0.201781E+01  0.123192E-03  0.156607E-04
 0.202060E+01  0.139169E-03  0.155644E-04
 0.202340E+01  0.138656E-03  0.155900E-04
 0.202619E+01  0.128537E-03  0.155153E-04
 0.202899E+01  0.130606E-03  0.155092E-04
 0.203178E+01  0.145137E-03  0.156474E-04
 0.203457E+01  0.136056E-03  0.154399E-04
 0.203737E+01  0.135858E-03  0.155444E-04
 0.204016E+01  0.142551E-03  0.155075E-04
 0.204296E+01  0.146194E-03  0.155105E-04
 0.204575E+01  0.124835E-03  0.155155E-04
 0.204855E+01  0.119122E-03  0.154366E-04
 0.205134E+01  0.154312E-03  0.154707E-04
 0.205414E+01  0.123592E-03  0.154273E-04
 0.205693E+01  0.111515E-03  0.153632E-04
 0.205973E+01  0.127186E-03  0.154420E-04
 0.206252E+01  0.133871E-03  0.153075E-04
 0.206532E+01  0.156322E-03  0.155046E-04
 0.206811E+01  0.117104E-03  0.153393E-04
 0.207091E+01  0.106708E-03  0.153692E-04
 0.207370E+01  0.107582E-03  0.153086E-04
 0.207650E+01  0.924336E-04  0.152839E-04
 0.207929E+01  0.818028E-04  0.152858E-04
 0.208209E+01  0.109306E-03  0.152664E-04
 0.208488E+01  0.121137E-03  0.153680E-04
 0.208767E+01  0.962643E-04  0.152624E-04
 0.209047E+01  0.105328E-03  0.152990E-04
 0.209326E+01  0.106763E-03  0.152633E-04
 0.209606E+01  0.100068E-03  0.152260E-04
 0.209885E+01  0.100708E-03  0.152494E-04
 0.210165E+01  0.107467E-03  0.154981E-04
 0.210444E+01  0.909110E-04  0.155788E-04
 0.210724E+01  0.788725E-04  0.156686E-04
 0.211003E+01  0.100121E-03  0.157292E-04
 0.211283E+01  0.928437E-04  0.158641E-04
 0.211562E+01  0.125736E-03  0.158800E-04
 0.211842E+01  0.153954E-03  0.160176E-04
 0.212121E+01  0.117088E-03  0.159598E-04
 0.212401E+01  0.105719E-03  0.160317E-04
 0.212680E+01  0.119979E-03  0.160603E-04
 0.212960E+01  0.963265E-04  0.161109E-04
 0.213239E+01  0.808614E-04  0.159796E-04
 0.213519E+01  0.100795E-03  0.161637E-04
 0.213798E+01  0.104515E-03  0.161804E-04
 0.214078E+01  0.873821E-04  0.162879E-04
 0.214357E+01  0.917006E-04  0.162705E-04
 0.214636E+01  0.843370E-04  0.162751E-04
 0.214916E+01  0.795409E-04  0.164018E-04
 0.215195E+01  0.999951E-04  0.164642E-04
 0.215475E+01  0.900528E-04  0.165009E-04
 0.215754E+01  0.101837E-03  0.164973E-04
 0.216034E+01  0.809960E-04  0.165664E-04
 0.216313E+01  0.657848E-04  0.165506E-04
 0.216593E+01  0.693702E-04  0.164993E-04
 0.216872E+01  0.865473E-04  0.163173E-04
 0.217152E+01  0.881936E-04  0.162195E-04
 0.217431E+01  0.706770E-04  0.159939E-04
 0.217711E+01  0.494004E-04  0.159500E-04
 0.217990E+01  0.580076E-04  0.158154E-04
 0.218270E+01  0.541622E-04  0.158680E-04
 0.218549E+01  0.684174E-04  0.157951E-04
 0.218829E+01  0.903523E-04  0.158196E-04
 0.219108E+01  0.886734E-04  0.156981E-04
 0.219388E+01  0.105819E-03  0.156973E-04
 0.219667E+01  0.871692E-04  0.156853E-04
 0.219946E+01  0.577819E-04  0.156224E-04
 0.220226E+01  0.495195E-04  0.155539E-04
 0.220505E+01  0.562940E-04  0.155151E-04
 0.220785E+01  0.825695E-04  0.155927E-04
 0.221064E+01  0.603204E-04  0.154348E-04
 0.221344E+01  0.714225E-04  0.155357E-04
 0.221623E+01  0.711973E-04  0.153617E-04
 0.221903E+01  0.620352E-04  0.155077E-04
 0.222182E+01  0.605716E-04  0.153720E-04
 0.222462E+01  0.634449E-04  0.153873E-04
 0.222741E+01  0.725081E-04  0.153384E-04
 0.223021E+01  0.716709E-04  0.153995E-04
 0.223300E+01  0.678189E-04  0.154287E-04
 0.223580E+01  0.579004E-04  0.154147E-04
 0.223859E+01  0.732949E-04  0.153994E-04
 0.224139E+01  0.780513E-04  0.155200E-04
 0.224418E+01  0.805541E-04  0.154103E-04
 0.224698E+01  0.419591E-04  0.153905E-04
 0.224977E+01  0.614870E-04  0.153608E-04
 0.225256E+01  0.819250E-04  0.154140E-04
 0.225536E+01  0.841372E-04  0.154975E-04
 0.225815E+01  0.756202E-04  0.153646E-04
 0.226095E+01  0.465736E-04  0.153800E-04
 0.226374E+01  0.666516E-04  0.152446E-04
 0.226654E+01  0.618561E-04  0.154221E-04
 0.226933E+01  0.791717E-04  0.154191E-04
 0.227213E+01  0.732626E-04  0.153532E-04
 0.227492E+01  0.842903E-04  0.153496E-04
 0.227772E+01  0.611184E-04  0.152525E-04
 0.228051E+01  0.838240E-04  0.153359E-04
 0.228331E+01  0.741587E-04  0.153183E-04
 0.228610E+01  0.908669E-04  0.152199E-04
 0.228890E+01  0.799317E-04  0.153839E-04
 0.229169E+01  0.607874E-04  0.151986E-04
 0.229449E+01  0.618254E-04  0.152991E-04
 0.229728E+01  0.679399E-04  0.151642E-04
 0.230008E+01  0.618935E-04  0.151889E-04
 0.230287E+01  0.611203E-04  0.151949E-04
 0.230567E+01  0.658565E-04  0.152025E-04
 0.230846E+01  0.510709E-04  0.151472E-04
 0.231125E+01  0.555879E-04  0.150567E-04
 0.231405E+01  0.667028E-04  0.151210E-04
 0.231684E+01  0.721353E-04  0.150922E-04
 0.231964E+01  0.577014E-04  0.150480E-04
 0.232243E+01  0.593562E-04  0.150044E-04
 0.232523E+01  0.376985E-04  0.150236E-04
 0.232802E+01  0.427694E-04  0.150152E-04
 0.233082E+01  0.669951E-04  0.150173E-04
 0.233361E+01  0.711788E-04  0.149642E-04
 0.233641E+01  0.615147E-04  0.150464E-04
 0.233920E+01  0.514949E-04  0.149576E-04
 0.234200E+01  0.645803E-04  0.150362E-04
 0.234479E+01  0.626976E-04  0.148709E-04
 0.234759E+01  0.417061E-04  0.149663E-04
 0.235038E+01  0.604836E-04  0.149380E-04
 0.235318E+01  0.554170E-04  0.149266E-04
 0.235597E+01  0.605334E-04  0.149249E-04
 0.235877E+01  0.494739E-04  0.148511E-04
 0.236156E+01  0.443557E-04  0.149026E-04
 0.236435E+01  0.430315E-04  0.148280E-04
 0.236715E+01  0.456176E-04  0.148352E-04
 0.236994E+01  0.425854E-04  0.147804E-04
 0.237274E+01  0.686036E-04  0.148419E-04
 0.237553E+01  0.630634E-04  0.148463E-04
 0.237833E+01  0.348714E-04  0.147692E-04
 0.238112E+01  0.500758E-04  0.147535E-04
 0.238392E+01  0.462096E-04  0.147970E-04
 0.238671E+01  0.366864E-04  0.147053E-04
 0.238951E+01  0.464061E-04  0.148098E-04
 0.239230E+01  0.689231E-04  0.147389E-04
 0.239510E+01  0.479039E-04  0.147297E-04
 0.239789E+01  0.411098E-04  0.146303E-04
 0.240069E+01  0.181414E-04  0.146468E-04
 0.240348E+01  0.510001E-04  0.146534E-04
 0.240628E+01  0.531123E-04  0.146484E-04
 0.240907E+01  0.445778E-04  0.145887E-04
 0.241187E+01  0.339891E-04  0.145792E-04
 0.241466E+01  0.274909E-04  0.145726E-04
 0.241745E+01  0.183394E-04  0.144701E-04
 0.242025E+01  0.589307E-04  0.145376E-04
 0.242304E+01  0.571468E-04  0.145266E-04
 0.242584E+01  0.670357E-04  0.144805E-04
 0.242863E+01  0.611484E-04  0.144635E-04
 0.243143E+01  0.384508E-04  0.144753E-04
 0.243422E+01  0.447483E-04  0.144210E-04
 0.243702E+01  0.387335E-04  0.144398E-04
 0.243981E+01  0.480631E-04  0.143219E-04
 0.244261E+01  0.510265E-04  0.144282E-04
 0.244540E+01  0.561674E-04  0.143989E-04
 0.244820E+01  0.314437E-04  0.144111E-04
 0.245099E+01  0.458721E-04  0.143669E-04
 0.245379E+01  0.387710E-04  0.143569E-04
 0.245658E+01  0.326995E-04  0.143650E-04
 0.245938E+01  0.361385E-04  0.143636E-04
 0.246217E+01  0.302201E-04  0.143299E-04
 0.246497E+01  0.477902E-04  0.143803E-04
 0.246776E+01  0.388131E-04  0.142994E-04
 0.247056E+01  0.429356E-04  0.144207E-04
 0.247335E+01  0.234030E-04  0.142760E-04
 0.247614E+01  0.349142E-04  0.142901E-04
 0.247894E+01  0.488731E-04  0.143720E-04
 0.248173E+01  0.418856E-04  0.143630E-04
 0.248453E+01  0.318662E-04  0.143547E-04
 0.248732E+01  0.317632E-04  0.142422E-04
 0.249012E+01  0.309107E-04  0.143730E-04
 0.249291E+01  0.538822E-04  0.143127E-04
 0.249571E+01  0.449641E-04  0.143853E-04
 0.249850E+01  0.448487E-04  0.143124E-04
 0.250130E+01  0.440262E-04  0.143018E-04
 0.250409E+01  0.215451E-04  0.143155E-04
 0.250689E+01  0.186985E-04  0.142706E-04
 0.250968E+01  0.394799E-04  0.142909E-04
 0.251248E+01  0.465640E-04  0.143013E-04
 0.251527E+01  0.108816E-04  0.142109E-04
 0.251807E+01  0.256224E-04  0.143158E-04
 0.252086E+01  0.186201E-04  0.141895E-04
 0.252366E+01  0.312334E-04  0.142794E-04
 0.252645E+01  0.466350E-04  0.142582E-04
 0.252924E+01  0.604810E-04  0.142627E-04
 0.253204E+01  0.511077E-04  0.142917E-04
 0.253483E+01  0.389268E-04  0.141588E-04
 0.253763E+01  0.367563E-04  0.142963E-04
 0.254042E+01  0.342407E-04  0.142035E-04
 0.254322E+01  0.478665E-04  0.142467E-04
 0.254601E+01  0.315327E-04  0.141315E-04
 0.254881E+01  0.201275E-04  0.141608E-04
 0.255160E+01  0.481964E-04  0.142515E-04
 0.255440E+01  0.430822E-04  0.142249E-04
 0.255719E+01  0.427552E-04  0.141487E-04
 0.255999E+01  0.353296E-04  0.141744E-04
 0.256278E+01  0.531178E-04  0.141616E-04
 0.256558E+01  0.541511E-04  0.142717E-04
 0.256837E+01  0.963540E-05  0.140709E-04
 0.257117E+01  0.243580E-04  0.141473E-04
 0.257396E+01  0.349255E-04  0.140969E-04
 0.257676E+01  0.286852E-04  0.141719E-04
 0.257955E+01  0.290424E-04  0.141343E-04
 0.258234E+01  0.356246E-04  0.140474E-04
 0.258514E+01  0.158528E-04  0.141233E-04
 0.258793E+01  0.107049E-04  0.140418E-04
 0.259073E+01  0.288933E-04  0.141125E-04
 0.259352E+01  0.443765E-04  0.141067E-04
 0.259632E+01  0.311619E-04  0.140698E-04
 0.259911E+01  0.293660E-04  0.140951E-04
 0.260191E+01  0.199282E-04  0.140625E-04
 0.260470E+01  0.980293E-05  0.140326E-04
 0.260750E+01  0.422599E-04  0.140592E-04
 0.261029E+01  0.371466E-04  0.140037E-04
 0.261309E+01  0.256170E-04  0.141123E-04
 0.261588E+01  0.210087E-04  0.139887E-04
 0.261868E+01  0.305323E-04  0.140512E-04
 0.262147E+01  0.213635E-04  0.139868E-04
 0.262427E+01  0.433115E-04  0.141046E-04
 0.262706E+01  0.523552E-04  0.140303E-04
 0.262986E+01  0.291596E-04  0.139782E-04
 0.263265E+01  0.350815E-04  0.139943E-04
 0.263545E+01  0.279840E-04  0.139818E-04
 0.263824E+01  0.358691E-04  0.140418E-04
 0.264103E+01  0.348845E-04  0.139541E-04
 0.264383E+01  0.282863E-04  0.139929E-04
 0.264662E+01  0.253989E-04  0.139527E-04
 0.264942E+01  0.115240E-04  0.139505E-04
 0.265221E+01  0.236933E-04  0.139374E-04
 0.265501E+01  0.164991E-04  0.139089E-04
 0.265780E+01  0.167013E-04  0.139149E-04
 0.266060E+01  0.290546E-04  0.139604E-04
 0.266339E+01  0.290030E-04  0.139033E-04
 0.266619E+01  0.337330E-04  0.139391E-04
 0.266898E+01  0.197978E-04  0.138730E-04
 0.267178E+01  0.199802E-04  0.139623E-04
 0.267457E+01  0.446490E-04  0.138932E-04
 0.267737E+01  0.981303E-05  0.138733E-04
 0.268016E+01  0.267717E-04  0.138636E-04
 0.268296E+01  0.318945E-04  0.139433E-04
 0.268575E+01  0.432410E-04  0.138591E-04
 0.268855E+01  0.322465E-04  0.138538E-04
 0.269134E+01  0.356543E-04  0.138899E-04
 0.269413E+01  0.333541E-04  0.140293E-04
 0.269693E+01  0.164556E-04  0.141774E-04
 0.269972E+01  0.233469E-04  0.142202E-04
 0.270252E+01  0.189401E-04  0.142800E-04
 0.270531E+01  0.493562E-04  0.144007E-04
 0.270811E+01  0.498396E-04  0.144796E-04
 0.271090E+01  0.412057E-04  0.144712E-04
 0.271370E+01  0.134523E-04  0.144867E-04
 0.271649E+01  0.149168E-04  0.144790E-04
 0.271929E+01  0.769645E-05  0.146628E-04
 0.272208E+01  0.195988E-04  0.145945E-04
 0.272488E+01  0.956812E-05  0.146631E-04
 0.272767E+01  0.382386E-04  0.147152E-04
 0.273047E+01  0.455378E-05  0.147930E-04
 0.273326E+01 -0.742919E-05  0.147905E-04
 0.273606E+01  0.160395E-04  0.148485E-04
 0.273885E+01  0.327086E-04  0.149447E-04
 0.274165E+01  0.524722E-04  0.150181E-04
 0.274444E+01  0.147532E-04  0.149682E-04
 0.274723E+01  0.130595E-04  0.149658E-04
 0.275003E+01  0.285023E-04  0.150025E-04
 0.275282E+01  0.465002E-04  0.150874E-04
 0.275562E+01  0.270575E-04  0.151391E-04
 0.275841E+01  0.837492E-05  0.149956E-04
 0.276121E+01  0.209375E-04  0.149487E-04
 0.276400E+01  0.246521E-04  0.147522E-04
 0.276680E+01  0.374161E-04  0.147856E-04
 0.276959E+01  0.432016E-04  0.145628E-04
 0.277239E+01  0.233315E-04  0.145913E-04
 0.277518E+01  0.376333E-04  0.145377E-04
 0.277798E+01  0.342665E-04  0.145157E-04
 0.278077E+01  0.288294E-04  0.144587E-04
 0.278357E+01  0.189278E-04  0.143481E-04
 0.278636E+01  0.423488E-04  0.143997E-04
 0.278916E+01  0.183334E-04  0.144329E-04
 0.279195E+01  0.213173E-04  0.142877E-04
 0.279475E+01  0.214396E-04  0.143273E-04
 0.279754E+01  0.363163E-04  0.142379E-04
 0.280034E+01  0.364664E-04  0.143144E-04
 0.280313E+01  0.389685E-04  0.142933E-04
 0.280592E+01  0.208832E-04  0.141936E-04
 0.280872E+01  0.908671E-05  0.142186E-04
 0.281151E+01  0.336165E-05  0.141695E-04
 0.281431E+01  0.133797E-04  0.142779E-04
 0.281710E+01  0.217365E-04  0.141470E-04
 0.281990E+01  0.103558E-04  0.141806E-04
 0.282269E+01  0.247474E-04  0.141730E-04
 0.282549E+01  0.398282E-04  0.141972E-04
 0.282828E+01  0.333508E-04  0.140940E-04
 0.283108E+01  0.109777E-04  0.140489E-04
 0.283387E+01  0.811824E-05  0.140283E-04
 0.283667E+01  0.377974E-04  0.140978E-04
 0.283946E+01  0.264314E-04  0.139891E-04
 0.284226E+01  0.236216E-04  0.140386E-04
 0.284505E+01  0.331068E-04  0.139324E-04
 0.284785E+01  0.139711E-04  0.140259E-04
 0.285064E+01  0.927696E-05  0.138891E-04
 0.285344E+01  0.971421E-05  0.139197E-04
 0.285623E+01  0.164050E-04  0.139131E-04
 0.285902E+01  0.262237E-04  0.138881E-04
 0.286182E+01  0.564143E-05  0.139315E-04
 0.286461E+01  0.255507E-04  0.138396E-04
 0.286741E+01  0.118535E-04  0.138826E-04
 0.287020E+01  0.183194E-04  0.138722E-04
 0.287300E+01 -0.224232E-05  0.138689E-04
 0.287579E+01  0.118265E-04  0.138388E-04
 0.287859E+01  0.201831E-04  0.138421E-04
 0.288138E+01  0.246181E-04  0.138298E-04
 0.288418E+01  0.336119E-04  0.139142E-04
 0.288697E+01  0.196514E-04  0.138240E-04
 0.288977E+01 -0.837289E-05  0.138383E-04
 0.289256E+01  0.920730E-05  0.137977E-04
 0.289536E+01  0.127410E-04  0.139239E-04
 0.289815E+01  0.220867E-04  0.138069E-04
 0.290095E+01  0.231988E-04  0.138988E-04
 0.290374E+01  0.211961E-04  0.138489E-04
 0.290654E+01  0.925272E-05  0.138751E-04
 0.290933E+01  0.146041E-04  0.139115E-04
 0.291212E+01 -0.852571E-05  0.137385E-04
 0.291492E+01  0.542453E-05  0.138431E-04
 0.291771E+01  0.339655E-04  0.138032E-04
 0.292051E+01  0.368433E-04  0.139264E-04
 0.292330E+01  0.305797E-04  0.137851E-04
 0.292610E+01  0.336148E-04  0.137698E-04
 0.292889E+01  0.255155E-04  0.138274E-04
 0.293169E+01  0.106758E-04  0.137927E-04
 0.293448E+01  0.269570E-04  0.138061E-04
 0.293728E+01  0.378283E-04  0.138260E-04
 0.294007E+01  0.372546E-04  0.137527E-04
 0.294287E+01  0.114305E-04  0.138364E-04
 0.294566E+01  0.180676E-04  0.136955E-04
 0.294846E+01  0.168275E-04  0.137699E-04
 0.295125E+01  0.187382E-04  0.137085E-04
 0.295405E+01  0.669914E-05  0.137577E-04
 0.295684E+01  0.203460E-04  0.136983E-04
 0.295964E+01  0.323411E-04  0.137187E-04
 0.296243E+01  0.110980E-05  0.136678E-04
 0.296523E+01  0.102999E-04  0.136909E-04
 0.296802E+01  0.215992E-04  0.137290E-04
 0.297081E+01  0.172496E-04  0.136406E-04
 0.297361E+01  0.830324E-05  0.136323E-04
 0.297640E+01  0.148901E-04  0.136458E-04
 0.297920E+01  0.134878E-04  0.136945E-04
 0.298199E+01  0.136815E-04  0.136085E-04
 0.298479E+01  0.923099E-05  0.136439E-04
 0.298758E+01  0.235598E-04  0.136358E-04
 0.299038E+01  0.829102E-06  0.136504E-04
 0.299317E+01 -0.748079E-05  0.135833E-04
 0.299597E+01  0.134807E-04  0.136386E-04
 0.299876E+01  0.103777E-04  0.135927E-04
 0.300156E+01  0.102804E-04  0.136293E-04
 0.300435E+01  0.175554E-04  0.135757E-04
 0.300715E+01  0.693757E-05  0.135642E-04
 0.300994E+01  0.197430E-04  0.135707E-04
 0.301274E+01  0.233213E-04  0.136348E-04
 0.301553E+01  0.304671E-04  0.135994E-04
 0.301833E+01  0.149981E-04  0.135780E-04
 0.302112E+01  0.147459E-04  0.135436E-04
 0.302391E+01 -0.784981E-05  0.134866E-04
 0.302671E+01  0.733537E-05  0.135910E-04
 0.302950E+01  0.464581E-04  0.135555E-04
 0.303230E+01  0.172120E-04  0.135699E-04
 0.303509E+01  0.573773E-05  0.134854E-04
 0.303789E+01 -0.391488E-05  0.135663E-04
 0.304068E+01  0.266813E-04  0.134632E-04
 0.304348E+01  0.134940E-04  0.135453E-04
 0.304627E+01  0.256591E-04  0.134585E-04
 0.304907E+01  0.222262E-04  0.135366E-04
 0.305186E+01  0.259015E-04  0.135018E-04
 0.305466E+01  0.214374E-04  0.135183E-04
 0.305745E+01  0.216288E-04  0.134821E-04
 0.306025E+01  0.173262E-04  0.134706E-04
 0.306304E+01 -0.158995E-04  0.134270E-04
 0.306584E+01 -0.123293E-04  0.134731E-04
 0.306863E+01  0.835855E-05  0.133902E-04
 0.307143E+01  0.854780E-06  0.134246E-04
 0.307422E+01  0.150872E-04  0.134222E-04
 0.307701E+01  0.484949E-04  0.134107E-04
 0.307981E+01  0.163082E-04  0.134140E-04
 0.308260E+01 -0.938533E-05  0.133367E-04
 0.308540E+01  0.213312E-04  0.134365E-04
 0.308819E+01  0.206448E-04  0.133421E-04
 0.309099E+01  0.226011E-04  0.133619E-04
 0.309378E+01  0.277824E-04  0.133066E-04
 0.309658E+01  0.148895E-04  0.134157E-04
 0.309937E+01  0.118449E-04  0.133478E-04
 0.310217E+01  0.142639E-04  0.133185E-04
 0.310496E+01  0.992224E-05  0.133172E-04
 0.310776E+01  0.241375E-04  0.133627E-04
 0.311055E+01  0.265166E-05  0.133135E-04
 0.311335E+01 -0.265047E-05  0.133279E-04
 0.311614E+01  0.918804E-05  0.132780E-04
 0.311894E+01  0.541690E-05  0.133500E-04
 0.312173E+01  0.153573E-04  0.132940E-04
 0.312453E+01  0.254260E-04  0.133437E-04
 0.312732E+01  0.224682E-04  0.133115E-04
 0.313011E+01  0.233235E-04  0.133233E-04
 0.313291E+01  0.236589E-04  0.134060E-04
 0.313570E+01  0.351888E-04  0.132772E-04
 0.313850E+01  0.263159E-04  0.133328E-04
 0.314129E+01  0.154531E-04  0.132390E-04
 0.314409E+01  0.127530E-04  0.133252E-04
 0.314688E+01  0.808035E-05  0.132661E-04
 0.314968E+01  0.171927E-04  0.132538E-04
 0.315247E+01  0.114816E-05  0.132195E-04
 0.315527E+01 -0.108995E-06  0.132472E-04
 0.315806E+01  0.112134E-04  0.132550E-04
 0.316086E+01  0.322301E-04  0.132601E-04
 0.316365E+01  0.179185E-04  0.131791E-04
 0.316645E+01  0.625963E-05  0.132519E-04
 0.316924E+01  0.227990E-04  0.132122E-04
 0.317204E+01  0.179388E-04  0.132341E-04
 0.317483E+01  0.884345E-06  0.131616E-04
 0.317763E+01  0.562638E-05  0.132189E-04
 0.318042E+01  0.829528E-06  0.131768E-04
 0.318322E+01 -0.970902E-05  0.131682E-04
 0.318601E+01  0.504550E-05  0.131880E-04
 0.318880E+01  0.160337E-04  0.131479E-04
 0.319160E+01  0.113487E-04  0.132114E-04
 0.319439E+01  0.283862E-05  0.131001E-04
 0.319719E+01  0.144326E-04  0.131721E-04
 0.319998E+01  0.209815E-04  0.131312E-04
 0.320278E+01 -0.624676E-05  0.131375E-04
 0.320557E+01  0.201874E-05  0.131159E-04
 0.320837E+01  0.170883E-04  0.131227E-04
 0.321116E+01 -0.746527E-05  0.130752E-04
 0.321396E+01  0.766756E-05  0.131372E-04
 0.321675E+01 -0.427931E-05  0.130944E-04
 0.321955E+01  0.297669E-04  0.131787E-04
 0.322234E+01  0.305289E-04  0.130545E-04
 0.322514E+01 -0.452157E-05  0.131209E-04
 0.322793E+01  0.384364E-05  0.130624E-04
 0.323073E+01  0.195547E-04  0.131134E-04
 0.323352E+01  0.931358E-05  0.130518E-04
 0.323632E+01  0.482911E-05  0.130572E-04
 0.323911E+01  0.108038E-05  0.131088E-04
 0.324190E+01  0.123036E-04  0.130118E-04
 0.324470E+01  0.959819E-05  0.130851E-04
 0.324749E+01 -0.516772E-05  0.129990E-04
 0.325029E+01  0.190848E-04  0.130486E-04
 0.325308E+01  0.243143E-04  0.131098E-04
 0.325588E+01  0.494566E-05  0.130001E-04
 0.325867E+01  0.464247E-05  0.129860E-04
 0.326147E+01 -0.271735E-05  0.130552E-04
 0.326426E+01  0.523945E-05  0.129925E-04
 0.326706E+01  0.174467E-05  0.130369E-04
 0.326985E+01  0.118762E-04  0.129372E-04
 0.327265E+01  0.121948E-04  0.130758E-04
 0.327544E+01  0.207604E-05  0.129861E-04
 0.327824E+01 -0.100421E-04  0.130001E-04
 0.328103E+01 -0.651800E-05  0.129554E-04
 0.328383E+01  0.156401E-04  0.129964E-04
 0.328662E+01  0.164250E-04  0.131776E-04
 0.328942E+01  0.112639E-04  0.132796E-04
 0.329221E+01  0.193659E-04  0.134198E-04
 0.329500E+01  0.125554E-04  0.134065E-04
 0.329780E+01  0.186886E-04  0.135332E-04
 0.330059E+01  0.106699E-04  0.135230E-04
 0.330339E+01  0.582512E-05  0.135682E-04
 0.330618E+01  0.168566E-04  0.136534E-04
 0.330898E+01  0.124440E-04  0.137263E-04
 0.331177E+01  0.235813E-04  0.137215E-04
 0.331457E+01  0.333809E-04  0.138275E-04
 0.331736E+01  0.208416E-05  0.137113E-04
 0.332016E+01 -0.192897E-05  0.138773E-04
 0.332295E+01 -0.161171E-05  0.137912E-04
 0.332575E+01  0.253911E-04  0.139763E-04
 0.332854E+01  0.104696E-04  0.139264E-04
 0.333134E+01  0.149385E-04  0.139592E-04
 0.333413E+01  0.129953E-04  0.140179E-04
 0.333693E+01  0.151444E-04  0.139770E-04
 0.333972E+01  0.929323E-05  0.139788E-04
 0.334252E+01  0.887871E-05  0.141014E-04
 0.334531E+01 -0.124810E-04  0.140253E-04
 0.334811E+01  0.115212E-05  0.141717E-04
 0.335090E+01  0.152737E-04  0.141111E-04
 0.335369E+01  0.517158E-05  0.139545E-04
 0.335649E+01  0.630324E-05  0.138986E-04
 0.335928E+01  0.117778E-04  0.137762E-04
 0.336208E+01  0.173457E-04  0.137836E-04
 0.336487E+01  0.322842E-04  0.136728E-04
 0.336767E+01  0.160999E-05  0.136985E-04
 0.337046E+01  0.158001E-04  0.136148E-04
 0.337326E+01  0.205202E-05  0.136427E-04
 0.337605E+01  0.341462E-04  0.136156E-04
 0.337885E+01  0.273253E-04  0.136177E-04
 0.338164E+01  0.134168E-05  0.135615E-04
 0.338444E+01  0.236930E-04  0.135155E-04
 0.338723E+01  0.173613E-05  0.134676E-04
 0.339003E+01  0.136148E-04  0.134905E-04
 0.339282E+01  0.176854E-04  0.134555E-04
 0.339562E+01  0.276469E-05  0.135030E-04
 0.339841E+01  0.713969E-05  0.133797E-04
 0.340121E+01 -0.363696E-06  0.134238E-04
 0.340400E+01  0.176448E-04  0.133856E-04
 0.340679E+01 -0.174864E-05  0.133703E-04
 0.340959E+01 -0.504377E-07  0.133990E-04
 0.341238E+01 -0.904236E-06  0.133125E-04
 0.341518E+01 -0.258631E-06  0.134096E-04
 0.341797E+01  0.590550E-05  0.132897E-04
 0.342077E+01 -0.156567E-05  0.133527E-04
 0.342356E+01 -0.368788E-05  0.132707E-04
 0.342636E+01  0.724698E-05  0.133055E-04
 0.342915E+01  0.260249E-04  0.133390E-04
 0.343195E+01  0.182306E-04  0.133156E-04
 0.343474E+01  0.348349E-05  0.132549E-04
 0.343754E+01  0.459904E-04  0.133269E-04
 0.344033E+01  0.175545E-04  0.132529E-04
 0.344313E+01  0.198525E-04  0.133382E-04
 0.344592E+01  0.250952E-04  0.132147E-04
 0.344872E+01  0.912487E-05  0.133198E-04
 0.345151E+01  0.207711E-04  0.132140E-04
 0.345431E+01  0.906777E-05  0.132496E-04
 0.345710E+01  0.610278E-05  0.132092E-04
 0.345989E+01  0.470929E-05  0.131782E-04
 0.346269E+01  0.150517E-05  0.132986E-04
 0.346548E+01 -0.182616E-05  0.132009E-04
 0.346828E+01  0.633469E-05  0.132596E-04
 0.347107E+01  0.119600E-04  0.131717E-04
 0.347387E+01  0.779255E-05  0.132464E-04
 0.347666E+01  0.128763E-04  0.132168E-04
 0.347946E+01  0.553932E-05  0.132280E-04
 0.348225E+01 -0.158858E-05  0.131616E-04
 0.348505E+01  0.113701E-04  0.131846E-04
 0.348784E+01  0.228524E-04  0.132148E-04
 0.349064E+01 -0.578592E-05  0.131748E-04
 0.349343E+01  0.137466E-04  0.131779E-04
 0.349623E+01  0.180315E-04  0.132219E-04
 0.349902E+01  0.593872E-05  0.130812E-04
 0.350182E+01  0.114789E-04  0.131876E-04
 0.350461E+01  0.133941E-04  0.130698E-04
 0.350741E+01  0.120196E-04  0.131579E-04
 0.351020E+01 -0.136128E-04  0.130790E-04
 0.351300E+01 -0.166954E-04  0.130588E-04
 0.351579E+01  0.419165E-05  0.130942E-04
 0.351858E+01  0.187588E-05  0.130029E-04
 0.352138E+01  0.246788E-04  0.131483E-04
 0.352417E+01  0.147529E-04  0.131089E-04
 0.352697E+01 -0.841494E-06  0.130901E-04
 0.352976E+01 -0.683562E-05  0.130706E-04
 0.353256E+01  0.607784E-05  0.130804E-04
 0.353535E+01 -0.281527E-05  0.130746E-04
 0.353815E+01  0.273522E-05  0.131010E-04
 0.354094E+01 -0.200421E-04  0.129806E-04
 0.354374E+01  0.582183E-05  0.131456E-04
 0.354653E+01  0.245315E-04  0.130946E-04
 0.354933E+01  0.301806E-04  0.131811E-04
 0.355212E+01 -0.962244E-06  0.130523E-04
 0.355492E+01  0.128548E-04  0.131327E-04
 0.355771E+01  0.386603E-05  0.131162E-04
 0.356051E+01  0.708620E-05  0.131320E-04
 0.356330E+01  0.212404E-04  0.131499E-04
 0.356610E+01  0.746398E-06  0.130703E-04
 0.356889E+01  0.627169E-05  0.131720E-04
 0.357168E+01  0.314808E-05  0.131136E-04
 0.357448E+01  0.146217E-05  0.131104E-04
 0.357727E+01 -0.782548E-06  0.130966E-04
 0.358007E+01 -0.141246E-04  0.131011E-04
 0.358286E+01 -0.758238E-05  0.131367E-04
 0.358566E+01  0.941977E-05  0.131443E-04
 0.358845E+01  0.103763E-04  0.130665E-04
 0.359125E+01  0.112337E-04  0.131700E-04
 0.359404E+01  0.145246E-04  0.130988E-04
 0.359684E+01  0.239939E-04  0.132284E-04
 0.359963E+01  0.127018E-04  0.130446E-04
 0.360243E+01  0.110354E-04  0.131084E-04
 0.360522E+01  0.349055E-05  0.130981E-04
 0.360802E+01 -0.749197E-05  0.131054E-04
 0.361081E+01 -0.790308E-05  0.130726E-04
 0.361361E+01 -0.395973E-05  0.130594E-04
---------C:\Work\Proprietary\AbbVie\2022_Aug\F4_Oct22\averaged\1500_1_F4_avrg.dat-------------------
Sample description:                                                                                                                                                                                                                                             
Sample:   c= 1 mg/ml  Code: 1500_1_F4_H2O                                                                                                                                                                                                                       
Parent(s): C:/Work/Proprietary/AbbVie/2022_June/F4_Oct22/subtracted/1500_1_F4_H2O_0840_sub.dat C:/Work/Proprietary/AbbVie/2022_June/F4_Oct22/subtracted/1500_1_F4_H2O_0841_sub.dat C:/Work/Proprietary/AbbVie/2022_June/F4_Oct22/subtracted/1500_1_F4_H2O_0844_s
---------C:\Work\Proprietary\AbbVie\2022_Aug\F4_Oct22\averaged\1500_5_F4_avrg.dat-------------------
Sample description:                                                                                                                                                                                                                                             
Sample:   c= 5 mg/ml  Code: 1500_5_F4_H2O                                                                                                                                                                                                                       
Parent(s): C:/Work/Proprietary/AbbVie/2022_June/F4_Oct22/subtracted/1500_5_F4_H2O_0803_sub.dat C:/Work/Proprietary/AbbVie/2022_June/F4_Oct22/subtracted/1500_5_F4_H2O_0804_sub.dat C:/Work/Proprietary/AbbVie/2022_June/F4_Oct22/subtracted/1500_5_F4_H2O_0805_s
