 12-Apr-2005       (peter_039.d - 1.000 *Avrag22.dat) / 20.0000               
peter_039.da  Conc = .20E+02  Mult = .10E+01  N1 =    1  N2 = 1987  SCALE =  1
 Avrag22.dat  Conc = .10E+01  Mult = .10E+01  N1 =    1  N2 = 1987  SCALE =  1
  0.202030E+00  0.151070E+04  0.150228E+02
  0.204220E+00  0.152180E+04  0.140619E+02
  0.206410E+00  0.150280E+04  0.137635E+02
  0.208601E+00  0.149410E+04  0.133258E+02
  0.210791E+00  0.147470E+04  0.127302E+02
  0.212982E+00  0.146695E+04  0.124640E+02
  0.215172E+00  0.146875E+04  0.119531E+02
  0.217362E+00  0.149040E+04  0.118257E+02
  0.219553E+00  0.148350E+04  0.114687E+02
  0.221743E+00  0.147040E+04  0.108695E+02
  0.223934E+00  0.148310E+04  0.105727E+02
  0.226124E+00  0.147825E+04  0.100201E+02
  0.228314E+00  0.148295E+04  0.100462E+02
  0.230505E+00  0.148108E+04  0.956875E+01
  0.232695E+00  0.148178E+04  0.935582E+01
  0.234886E+00  0.146352E+04  0.918794E+01
  0.237076E+00  0.148063E+04  0.883500E+01
  0.239266E+00  0.148419E+04  0.884701E+01
  0.241457E+00  0.147202E+04  0.859486E+01
  0.243647E+00  0.148402E+04  0.853756E+01
  0.245838E+00  0.149754E+04  0.831741E+01
  0.248028E+00  0.148372E+04  0.817765E+01
  0.250219E+00  0.147897E+04  0.806392E+01
  0.252409E+00  0.147678E+04  0.783390E+01
  0.254599E+00  0.147999E+04  0.786314E+01
  0.256790E+00  0.147306E+04  0.769484E+01
  0.258980E+00  0.147459E+04  0.754888E+01
  0.261171E+00  0.147043E+04  0.755116E+01
  0.263361E+00  0.146140E+04  0.731069E+01
  0.265551E+00  0.146660E+04  0.733655E+01
  0.267742E+00  0.146054E+04  0.713171E+01
  0.269932E+00  0.146577E+04  0.712126E+01
  0.272123E+00  0.147695E+04  0.700707E+01
  0.274313E+00  0.146219E+04  0.687158E+01
  0.276503E+00  0.146069E+04  0.686194E+01
  0.278694E+00  0.146905E+04  0.670084E+01
  0.280884E+00  0.145884E+04  0.668444E+01
  0.283075E+00  0.145686E+04  0.658208E+01
  0.285265E+00  0.144741E+04  0.650013E+01
  0.287455E+00  0.145221E+04  0.649642E+01
  0.289646E+00  0.145334E+04  0.632892E+01
  0.291836E+00  0.146610E+04  0.632719E+01
  0.294027E+00  0.146040E+04  0.622225E+01
  0.296217E+00  0.145857E+04  0.614822E+01
  0.298407E+00  0.146395E+04  0.613313E+01
  0.300598E+00  0.145272E+04  0.600376E+01
  0.302788E+00  0.145309E+04  0.600426E+01
  0.304979E+00  0.144767E+04  0.588513E+01
  0.307169E+00  0.145414E+04  0.589870E+01
  0.309359E+00  0.144819E+04  0.578395E+01
  0.311550E+00  0.145563E+04  0.573900E+01
  0.313740E+00  0.145200E+04  0.574470E+01
  0.315931E+00  0.144756E+04  0.561492E+01
  0.318121E+00  0.144555E+04  0.561186E+01
  0.320311E+00  0.145422E+04  0.552233E+01
  0.322502E+00  0.145602E+04  0.550989E+01
  0.324692E+00  0.144163E+04  0.549546E+01
  0.326883E+00  0.144399E+04  0.536903E+01
  0.329073E+00  0.145114E+04  0.539533E+01
  0.331264E+00  0.144857E+04  0.529993E+01
  0.333454E+00  0.144211E+04  0.528624E+01
  0.335644E+00  0.144212E+04  0.523684E+01
  0.337835E+00  0.143576E+04  0.517538E+01
  0.340025E+00  0.143931E+04  0.517326E+01
  0.342216E+00  0.144128E+04  0.506749E+01
  0.344406E+00  0.143633E+04  0.511022E+01
  0.346596E+00  0.143963E+04  0.503856E+01
  0.348787E+00  0.143405E+04  0.496714E+01
  0.350977E+00  0.143138E+04  0.499752E+01
  0.353168E+00  0.142474E+04  0.488510E+01
  0.355358E+00  0.142682E+04  0.489834E+01
  0.357548E+00  0.142127E+04  0.481455E+01
  0.359739E+00  0.142640E+04  0.480947E+01
  0.361929E+00  0.142502E+04  0.476305E+01
  0.364120E+00  0.142514E+04  0.473720E+01
  0.366310E+00  0.142463E+04  0.472380E+01
  0.368500E+00  0.142611E+04  0.465517E+01
  0.370691E+00  0.142607E+04  0.464620E+01
  0.372881E+00  0.141916E+04  0.462250E+01
  0.375072E+00  0.141365E+04  0.457700E+01
  0.377262E+00  0.141101E+04  0.459591E+01
  0.379452E+00  0.140697E+04  0.449082E+01
  0.381643E+00  0.140603E+04  0.453675E+01
  0.383833E+00  0.140909E+04  0.445583E+01
  0.386024E+00  0.140627E+04  0.444152E+01
  0.388214E+00  0.140277E+04  0.444165E+01
  0.390404E+00  0.140160E+04  0.437232E+01
  0.392595E+00  0.140748E+04  0.439934E+01
  0.394785E+00  0.140450E+04  0.432170E+01
  0.396976E+00  0.140030E+04  0.433761E+01
  0.399166E+00  0.139247E+04  0.429768E+01
  0.401357E+00  0.140406E+04  0.428737E+01
  0.403547E+00  0.139878E+04  0.433142E+01
  0.405737E+00  0.139045E+04  0.428846E+01
  0.407928E+00  0.138909E+04  0.432373E+01
  0.410118E+00  0.138235E+04  0.433127E+01
  0.412309E+00  0.138401E+04  0.431270E+01
  0.414499E+00  0.139015E+04  0.436407E+01
  0.416689E+00  0.139394E+04  0.429446E+01
  0.418880E+00  0.138419E+04  0.435759E+01
  0.421070E+00  0.138211E+04  0.429412E+01
  0.423261E+00  0.138055E+04  0.432328E+01
  0.425451E+00  0.139299E+04  0.431729E+01
  0.427641E+00  0.138043E+04  0.427679E+01
  0.429832E+00  0.138268E+04  0.431003E+01
  0.432022E+00  0.137383E+04  0.424448E+01
  0.434213E+00  0.137711E+04  0.429821E+01
  0.436403E+00  0.137986E+04  0.426699E+01
  0.438593E+00  0.137637E+04  0.426541E+01
  0.440784E+00  0.136205E+04  0.426488E+01
  0.442974E+00  0.136739E+04  0.421667E+01
  0.445165E+00  0.136708E+04  0.427089E+01
  0.447355E+00  0.136589E+04  0.422204E+01
  0.449545E+00  0.135926E+04  0.421953E+01
  0.451736E+00  0.136192E+04  0.422590E+01
  0.453926E+00  0.136958E+04  0.416703E+01
  0.456117E+00  0.136592E+04  0.422294E+01
  0.458307E+00  0.134432E+04  0.410271E+01
  0.460497E+00  0.135601E+04  0.417904E+01
  0.462688E+00  0.135378E+04  0.416968E+01
  0.464878E+00  0.135369E+04  0.415164E+01
  0.467069E+00  0.135663E+04  0.417206E+01
  0.469259E+00  0.134982E+04  0.409542E+01
  0.471449E+00  0.135557E+04  0.415746E+01
  0.473640E+00  0.135371E+04  0.410669E+01
  0.475830E+00  0.135080E+04  0.410940E+01
  0.478021E+00  0.134751E+04  0.413053E+01
  0.480211E+00  0.134083E+04  0.405736E+01
  0.482402E+00  0.133451E+04  0.412376E+01
  0.484592E+00  0.133788E+04  0.404986E+01
  0.486782E+00  0.133758E+04  0.407244E+01
  0.488973E+00  0.133750E+04  0.408564E+01
  0.491163E+00  0.133259E+04  0.403307E+01
  0.493354E+00  0.133072E+04  0.408048E+01
  0.495544E+00  0.133104E+04  0.398275E+01
  0.497734E+00  0.133074E+04  0.404546E+01
  0.499925E+00  0.132354E+04  0.401610E+01
  0.502115E+00  0.132112E+04  0.401624E+01
  0.504306E+00  0.132389E+04  0.402165E+01
  0.506496E+00  0.132231E+04  0.395956E+01
  0.508686E+00  0.131841E+04  0.400533E+01
  0.510877E+00  0.132083E+04  0.396800E+01
  0.513067E+00  0.131944E+04  0.397267E+01
  0.515258E+00  0.131842E+04  0.396267E+01
  0.517448E+00  0.132037E+04  0.394125E+01
  0.519638E+00  0.131151E+04  0.395994E+01
  0.521829E+00  0.130929E+04  0.393250E+01
  0.524019E+00  0.130615E+04  0.392467E+01
  0.526210E+00  0.130764E+04  0.391949E+01
  0.528400E+00  0.130540E+04  0.391042E+01
  0.530590E+00  0.130195E+04  0.391679E+01
  0.532781E+00  0.129645E+04  0.389549E+01
  0.534971E+00  0.129163E+04  0.389635E+01
  0.537162E+00  0.129554E+04  0.385975E+01
  0.539352E+00  0.129823E+04  0.387598E+01
  0.541542E+00  0.129222E+04  0.386929E+01
  0.543733E+00  0.129374E+04  0.385352E+01
  0.545923E+00  0.128626E+04  0.386898E+01
  0.548114E+00  0.128456E+04  0.382791E+01
  0.550304E+00  0.127822E+04  0.384439E+01
  0.552495E+00  0.127876E+04  0.382862E+01
  0.554685E+00  0.127920E+04  0.382711E+01
  0.556875E+00  0.127848E+04  0.381977E+01
  0.559066E+00  0.128123E+04  0.379916E+01
  0.561256E+00  0.127659E+04  0.379908E+01
  0.563447E+00  0.127491E+04  0.378969E+01
  0.565637E+00  0.127009E+04  0.379544E+01
  0.567827E+00  0.126886E+04  0.379135E+01
  0.570018E+00  0.126798E+04  0.376661E+01
  0.572208E+00  0.126732E+04  0.379284E+01
  0.574399E+00  0.126468E+04  0.374539E+01
  0.576589E+00  0.126069E+04  0.376163E+01
  0.578779E+00  0.126025E+04  0.373606E+01
  0.580970E+00  0.126617E+04  0.374933E+01
  0.583160E+00  0.125767E+04  0.375064E+01
  0.585351E+00  0.125010E+04  0.371716E+01
  0.587541E+00  0.124821E+04  0.373628E+01
  0.589731E+00  0.124768E+04  0.368922E+01
  0.591922E+00  0.124584E+04  0.372315E+01
  0.594112E+00  0.124945E+04  0.371657E+01
  0.596303E+00  0.124552E+04  0.368708E+01
  0.598493E+00  0.123791E+04  0.371414E+01
  0.600683E+00  0.123854E+04  0.365897E+01
  0.602874E+00  0.123568E+04  0.369879E+01
  0.605064E+00  0.123690E+04  0.367837E+01
  0.607255E+00  0.123396E+04  0.364516E+01
  0.609445E+00  0.122608E+04  0.368228E+01
  0.611635E+00  0.123098E+04  0.363323E+01
  0.613826E+00  0.123011E+04  0.365633E+01
  0.616016E+00  0.122253E+04  0.362676E+01
  0.618207E+00  0.121463E+04  0.363397E+01
  0.620397E+00  0.121501E+04  0.364302E+01
  0.622587E+00  0.121156E+04  0.361829E+01
  0.624778E+00  0.121413E+04  0.363265E+01
  0.626968E+00  0.121449E+04  0.360407E+01
  0.629159E+00  0.120502E+04  0.359663E+01
  0.631349E+00  0.120368E+04  0.361793E+01
  0.633540E+00  0.120384E+04  0.358714E+01
  0.635730E+00  0.120436E+04  0.361783E+01
  0.637920E+00  0.120083E+04  0.358524E+01
  0.640111E+00  0.120149E+04  0.359446E+01
  0.642301E+00  0.119540E+04  0.357864E+01
  0.644492E+00  0.119205E+04  0.356253E+01
  0.646682E+00  0.119060E+04  0.357675E+01
  0.648872E+00  0.119366E+04  0.354985E+01
  0.651063E+00  0.118237E+04  0.355777E+01
  0.653253E+00  0.117868E+04  0.354380E+01
  0.655444E+00  0.119002E+04  0.354387E+01
  0.657634E+00  0.118506E+04  0.355582E+01
  0.659824E+00  0.117851E+04  0.352795E+01
  0.662015E+00  0.117219E+04  0.353842E+01
  0.664205E+00  0.116795E+04  0.351011E+01
  0.666396E+00  0.116436E+04  0.352772E+01
  0.668586E+00  0.117158E+04  0.352654E+01
  0.670776E+00  0.116505E+04  0.349834E+01
  0.672967E+00  0.115924E+04  0.348939E+01
  0.675157E+00  0.115613E+04  0.349883E+01
  0.677348E+00  0.115484E+04  0.351494E+01
  0.679538E+00  0.115447E+04  0.348750E+01
  0.681728E+00  0.114848E+04  0.347402E+01
  0.683919E+00  0.115690E+04  0.348857E+01
  0.686109E+00  0.114416E+04  0.346074E+01
  0.688300E+00  0.114507E+04  0.349217E+01
  0.690490E+00  0.114372E+04  0.344057E+01
  0.692680E+00  0.114634E+04  0.347497E+01
  0.694871E+00  0.114391E+04  0.344791E+01
  0.697061E+00  0.114321E+04  0.345823E+01
  0.699252E+00  0.114125E+04  0.345536E+01
  0.701442E+00  0.113601E+04  0.341114E+01
  0.703633E+00  0.112989E+04  0.345670E+01
  0.705823E+00  0.112733E+04  0.342844E+01
  0.708013E+00  0.112289E+04  0.343272E+01
  0.710204E+00  0.111853E+04  0.342446E+01
  0.712394E+00  0.112058E+04  0.339070E+01
  0.714585E+00  0.111468E+04  0.343295E+01
  0.716775E+00  0.111725E+04  0.339252E+01
  0.718965E+00  0.110695E+04  0.340147E+01
  0.721156E+00  0.110902E+04  0.340360E+01
  0.723346E+00  0.110816E+04  0.337423E+01
  0.725537E+00  0.111022E+04  0.340174E+01
  0.727727E+00  0.110788E+04  0.336076E+01
  0.729917E+00  0.110805E+04  0.338796E+01
  0.732108E+00  0.110542E+04  0.337123E+01
  0.734298E+00  0.109514E+04  0.336679E+01
  0.736489E+00  0.109380E+04  0.335570E+01
  0.738679E+00  0.108975E+04  0.332747E+01
  0.740869E+00  0.108672E+04  0.336274E+01
  0.743060E+00  0.109140E+04  0.334188E+01
  0.745250E+00  0.109054E+04  0.334551E+01
  0.747441E+00  0.108349E+04  0.334237E+01
  0.749631E+00  0.107512E+04  0.332015E+01
  0.751821E+00  0.107666E+04  0.334484E+01
  0.754012E+00  0.108056E+04  0.329859E+01
  0.756202E+00  0.108149E+04  0.331866E+01
  0.758393E+00  0.108226E+04  0.332063E+01
  0.760583E+00  0.106600E+04  0.330240E+01
  0.762773E+00  0.106850E+04  0.330959E+01
  0.764964E+00  0.106121E+04  0.328277E+01
  0.767154E+00  0.106543E+04  0.330180E+01
  0.769345E+00  0.106369E+04  0.328694E+01
  0.771535E+00  0.105511E+04  0.328987E+01
  0.773726E+00  0.106383E+04  0.328854E+01
  0.775916E+00  0.105511E+04  0.325771E+01
  0.778106E+00  0.105876E+04  0.327541E+01
  0.780297E+00  0.105591E+04  0.327026E+01
  0.782487E+00  0.105001E+04  0.325685E+01
  0.784678E+00  0.104755E+04  0.325389E+01
  0.786868E+00  0.104428E+04  0.324311E+01
  0.789058E+00  0.104608E+04  0.327041E+01
  0.791249E+00  0.104210E+04  0.322453E+01
  0.793439E+00  0.103591E+04  0.324054E+01
  0.795630E+00  0.103125E+04  0.323212E+01
  0.797820E+00  0.103336E+04  0.322717E+01
  0.800010E+00  0.102811E+04  0.324055E+01
  0.802201E+00  0.102751E+04  0.321060E+01
  0.804391E+00  0.102616E+04  0.321736E+01
  0.806582E+00  0.101948E+04  0.319411E+01
  0.808772E+00  0.101400E+04  0.321181E+01
  0.810962E+00  0.101780E+04  0.320916E+01
  0.813153E+00  0.101403E+04  0.319599E+01
  0.815343E+00  0.101385E+04  0.320139E+01
  0.817534E+00  0.101472E+04  0.317976E+01
  0.819724E+00  0.100999E+04  0.319113E+01
  0.821914E+00  0.100980E+04  0.316863E+01
  0.824105E+00  0.101031E+04  0.317485E+01
  0.826295E+00  0.100519E+04  0.317997E+01
  0.828486E+00  0.999065E+03  0.314141E+01
  0.830676E+00  0.995130E+03  0.317805E+01
  0.832866E+00  0.992610E+03  0.314756E+01
  0.835057E+00  0.979490E+03  0.315374E+01
  0.837247E+00  0.975825E+03  0.315710E+01
  0.839438E+00  0.984520E+03  0.313338E+01
  0.841628E+00  0.989340E+03  0.315853E+01
  0.843818E+00  0.989560E+03  0.312398E+01
  0.846009E+00  0.976375E+03  0.313917E+01
  0.848199E+00  0.977065E+03  0.312955E+01
  0.850390E+00  0.976775E+03  0.311375E+01
  0.852580E+00  0.973680E+03  0.313360E+01
  0.854771E+00  0.971705E+03  0.310670E+01
  0.856961E+00  0.967210E+03  0.310835E+01
  0.859151E+00  0.966700E+03  0.309763E+01
  0.861342E+00  0.964455E+03  0.310057E+01
  0.863532E+00  0.955625E+03  0.312033E+01
  0.865723E+00  0.953180E+03  0.307581E+01
  0.867913E+00  0.952280E+03  0.309339E+01
  0.870103E+00  0.952490E+03  0.308247E+01
  0.872294E+00  0.947290E+03  0.308130E+01
  0.874484E+00  0.946115E+03  0.308640E+01
  0.876675E+00  0.950070E+03  0.306918E+01
  0.878865E+00  0.951075E+03  0.308021E+01
  0.881055E+00  0.948280E+03  0.305804E+01
  0.883246E+00  0.945385E+03  0.308104E+01
  0.885436E+00  0.939245E+03  0.306173E+01
  0.887627E+00  0.940425E+03  0.304774E+01
  0.889817E+00  0.939270E+03  0.305807E+01
  0.892007E+00  0.935815E+03  0.305101E+01
  0.894198E+00  0.932535E+03  0.304086E+01
  0.896388E+00  0.923895E+03  0.303136E+01
  0.898579E+00  0.926475E+03  0.303790E+01
  0.900769E+00  0.920760E+03  0.303774E+01
  0.902959E+00  0.913455E+03  0.301568E+01
  0.905150E+00  0.914820E+03  0.304551E+01
  0.907340E+00  0.916435E+03  0.300737E+01
  0.909531E+00  0.912265E+03  0.302941E+01
  0.911721E+00  0.908160E+03  0.301276E+01
  0.913911E+00  0.908705E+03  0.299472E+01
  0.916102E+00  0.901565E+03  0.301979E+01
  0.918292E+00  0.904995E+03  0.299189E+01
  0.920483E+00  0.902620E+03  0.301094E+01
  0.922673E+00  0.900675E+03  0.299155E+01
  0.924864E+00  0.893610E+03  0.299612E+01
  0.927054E+00  0.891635E+03  0.299409E+01
  0.929244E+00  0.888615E+03  0.297902E+01
  0.931435E+00  0.884385E+03  0.299180E+01
  0.933625E+00  0.889540E+03  0.296485E+01
  0.935816E+00  0.883870E+03  0.298284E+01
  0.938006E+00  0.880905E+03  0.297456E+01
  0.940196E+00  0.883820E+03  0.295378E+01
  0.942387E+00  0.878910E+03  0.298099E+01
  0.944577E+00  0.873105E+03  0.295177E+01
  0.946768E+00  0.868315E+03  0.296968E+01
  0.948958E+00  0.870735E+03  0.294634E+01
  0.951148E+00  0.869925E+03  0.294893E+01
  0.953339E+00  0.867850E+03  0.295411E+01
  0.955529E+00  0.866645E+03  0.293908E+01
  0.957720E+00  0.861565E+03  0.295057E+01
  0.959910E+00  0.862315E+03  0.292861E+01
  0.962100E+00  0.857880E+03  0.293297E+01
  0.964291E+00  0.855660E+03  0.293125E+01
  0.966481E+00  0.852060E+03  0.292263E+01
  0.968672E+00  0.853720E+03  0.293240E+01
  0.970862E+00  0.848430E+03  0.290651E+01
  0.973052E+00  0.843600E+03  0.292304E+01
  0.975243E+00  0.844655E+03  0.291798E+01
  0.977433E+00  0.844490E+03  0.290516E+01
  0.979624E+00  0.841610E+03  0.290914E+01
  0.981814E+00  0.842140E+03  0.289537E+01
  0.984004E+00  0.833415E+03  0.290803E+01
  0.986195E+00  0.833415E+03  0.288874E+01
  0.988385E+00  0.834005E+03  0.289955E+01
  0.990576E+00  0.832670E+03  0.290014E+01
  0.992766E+00  0.827140E+03  0.287780E+01
  0.994956E+00  0.826835E+03  0.290030E+01
  0.997147E+00  0.822515E+03  0.286678E+01
  0.999337E+00  0.820495E+03  0.288238E+01
  0.100153E+01  0.820040E+03  0.286680E+01
  0.100372E+01  0.816160E+03  0.286560E+01
  0.100591E+01  0.811630E+03  0.287475E+01
  0.100810E+01  0.811815E+03  0.284829E+01
  0.101029E+01  0.806530E+03  0.286881E+01
  0.101248E+01  0.808390E+03  0.286065E+01
  0.101467E+01  0.803430E+03  0.284694E+01
  0.101686E+01  0.798050E+03  0.285649E+01
  0.101905E+01  0.795100E+03  0.283836E+01
  0.102124E+01  0.789125E+03  0.285446E+01
  0.102343E+01  0.790780E+03  0.282691E+01
  0.102562E+01  0.787680E+03  0.283732E+01
  0.102781E+01  0.794070E+03  0.283983E+01
  0.103000E+01  0.788125E+03  0.283094E+01
  0.103219E+01  0.787425E+03  0.284294E+01
  0.103438E+01  0.780890E+03  0.280524E+01
  0.103657E+01  0.784150E+03  0.282604E+01
  0.103876E+01  0.777675E+03  0.281739E+01
  0.104096E+01  0.779035E+03  0.281607E+01
  0.104315E+01  0.778055E+03  0.282364E+01
  0.104534E+01  0.768850E+03  0.279399E+01
  0.104753E+01  0.769480E+03  0.281098E+01
  0.104972E+01  0.769985E+03  0.279909E+01
  0.105191E+01  0.764230E+03  0.279466E+01
  0.105410E+01  0.761755E+03  0.280169E+01
  0.105629E+01  0.759240E+03  0.278362E+01
  0.105848E+01  0.761305E+03  0.281184E+01
  0.106067E+01  0.763850E+03  0.277346E+01
  0.106286E+01  0.758530E+03  0.279215E+01
  0.106505E+01  0.756505E+03  0.278178E+01
  0.106724E+01  0.751065E+03  0.277150E+01
  0.106943E+01  0.748860E+03  0.278908E+01
  0.107162E+01  0.754280E+03  0.276424E+01
  0.107381E+01  0.751725E+03  0.277225E+01
  0.107600E+01  0.744170E+03  0.276391E+01
  0.107819E+01  0.741800E+03  0.276699E+01
  0.108038E+01  0.742535E+03  0.277393E+01
  0.108257E+01  0.730975E+03  0.274927E+01
  0.108476E+01  0.724575E+03  0.276903E+01
  0.108695E+01  0.726030E+03  0.274456E+01
  0.108914E+01  0.730715E+03  0.274463E+01
  0.109133E+01  0.726945E+03  0.275629E+01
  0.109352E+01  0.719465E+03  0.273585E+01
  0.109572E+01  0.719940E+03  0.275329E+01
  0.109791E+01  0.720510E+03  0.273453E+01
  0.110010E+01  0.718275E+03  0.273621E+01
  0.110229E+01  0.716120E+03  0.273336E+01
  0.110448E+01  0.712625E+03  0.273011E+01
  0.110667E+01  0.710590E+03  0.273201E+01
  0.110886E+01  0.711160E+03  0.271664E+01
  0.111105E+01  0.706575E+03  0.273191E+01
  0.111324E+01  0.701225E+03  0.271748E+01
  0.111543E+01  0.705090E+03  0.272800E+01
  0.111762E+01  0.702680E+03  0.270324E+01
  0.111981E+01  0.698045E+03  0.271266E+01
  0.112200E+01  0.694010E+03  0.271944E+01
  0.112419E+01  0.686265E+03  0.270210E+01
  0.112638E+01  0.691055E+03  0.271378E+01
  0.112857E+01  0.693970E+03  0.269799E+01
  0.113076E+01  0.691230E+03  0.269512E+01
  0.113295E+01  0.689385E+03  0.271096E+01
  0.113514E+01  0.687905E+03  0.268301E+01
  0.113733E+01  0.675795E+03  0.269934E+01
  0.113952E+01  0.676900E+03  0.267612E+01
  0.114171E+01  0.672220E+03  0.268620E+01
  0.114390E+01  0.668750E+03  0.268594E+01
  0.114609E+01  0.669005E+03  0.266794E+01
  0.114828E+01  0.665435E+03  0.268733E+01
  0.115048E+01  0.664890E+03  0.266578E+01
  0.115267E+01  0.665495E+03  0.267957E+01
  0.115486E+01  0.662885E+03  0.266682E+01
  0.115705E+01  0.662290E+03  0.265698E+01
  0.115924E+01  0.663205E+03  0.267231E+01
  0.116143E+01  0.663195E+03  0.265753E+01
  0.116362E+01  0.660305E+03  0.266745E+01
  0.116581E+01  0.658420E+03  0.265878E+01
  0.116800E+01  0.655945E+03  0.264981E+01
  0.117019E+01  0.654425E+03  0.266131E+01
  0.117238E+01  0.654780E+03  0.264047E+01
  0.117457E+01  0.650345E+03  0.266311E+01
  0.117676E+01  0.646355E+03  0.263429E+01
  0.117895E+01  0.644330E+03  0.264332E+01
  0.118114E+01  0.639400E+03  0.263706E+01
  0.118333E+01  0.638550E+03  0.262469E+01
  0.118552E+01  0.637825E+03  0.264457E+01
  0.118771E+01  0.636340E+03  0.262967E+01
  0.118990E+01  0.631345E+03  0.263554E+01
  0.119209E+01  0.629115E+03  0.262069E+01
  0.119428E+01  0.627830E+03  0.262440E+01
  0.119647E+01  0.626040E+03  0.262155E+01
  0.119866E+01  0.625475E+03  0.260862E+01
  0.120085E+01  0.620855E+03  0.261947E+01
  0.120305E+01  0.614885E+03  0.260514E+01
  0.120524E+01  0.617030E+03  0.261293E+01
  0.120743E+01  0.614785E+03  0.261588E+01
  0.120962E+01  0.613795E+03  0.259521E+01
  0.121181E+01  0.615505E+03  0.260095E+01
  0.121400E+01  0.607450E+03  0.259385E+01
  0.121619E+01  0.608160E+03  0.260504E+01
  0.121838E+01  0.608705E+03  0.259943E+01
  0.122057E+01  0.605085E+03  0.258860E+01
  0.122276E+01  0.602050E+03  0.258796E+01
  0.122495E+01  0.599540E+03  0.257915E+01
  0.122714E+01  0.597465E+03  0.259756E+01
  0.122933E+01  0.592715E+03  0.257609E+01
  0.123152E+01  0.591090E+03  0.257946E+01
  0.123371E+01  0.590475E+03  0.258772E+01
  0.123590E+01  0.593020E+03  0.256938E+01
  0.123809E+01  0.591680E+03  0.258363E+01
  0.124028E+01  0.591325E+03  0.256967E+01
  0.124247E+01  0.584195E+03  0.256790E+01
  0.124466E+01  0.582295E+03  0.256795E+01
  0.124685E+01  0.583965E+03  0.255749E+01
  0.124904E+01  0.575595E+03  0.256780E+01
  0.125123E+01  0.575515E+03  0.254541E+01
  0.125342E+01  0.573795E+03  0.256534E+01
  0.125561E+01  0.570095E+03  0.255527E+01
  0.125781E+01  0.571685E+03  0.255456E+01
  0.126000E+01  0.570015E+03  0.255607E+01
  0.126219E+01  0.570865E+03  0.254173E+01
  0.126438E+01  0.564465E+03  0.255150E+01
  0.126657E+01  0.560640E+03  0.252833E+01
  0.126876E+01  0.563205E+03  0.255177E+01
  0.127095E+01  0.556955E+03  0.254360E+01
  0.127314E+01  0.553465E+03  0.253236E+01
  0.127533E+01  0.554030E+03  0.254308E+01
  0.127752E+01  0.550235E+03  0.252273E+01
  0.127971E+01  0.549570E+03  0.253840E+01
  0.128190E+01  0.546640E+03  0.253006E+01
  0.128409E+01  0.546880E+03  0.251795E+01
  0.128628E+01  0.539860E+03  0.252635E+01
  0.128847E+01  0.546230E+03  0.251216E+01
  0.129066E+01  0.544700E+03  0.253251E+01
  0.129285E+01  0.538685E+03  0.251065E+01
  0.129504E+01  0.535185E+03  0.251117E+01
  0.129723E+01  0.536500E+03  0.251627E+01
  0.129942E+01  0.529235E+03  0.250652E+01
  0.130161E+01  0.534005E+03  0.251079E+01
  0.130380E+01  0.531515E+03  0.249752E+01
  0.130599E+01  0.529225E+03  0.250747E+01
  0.130818E+01  0.525405E+03  0.250492E+01
  0.131037E+01  0.526495E+03  0.249322E+01
  0.131257E+01  0.523535E+03  0.250433E+01
  0.131476E+01  0.516115E+03  0.249285E+01
  0.131695E+01  0.518235E+03  0.249552E+01
  0.131914E+01  0.521225E+03  0.249166E+01
  0.132133E+01  0.519795E+03  0.248623E+01
  0.132352E+01  0.518195E+03  0.249336E+01
  0.132571E+01  0.511825E+03  0.248071E+01
  0.132790E+01  0.511440E+03  0.249137E+01
  0.133009E+01  0.507995E+03  0.247264E+01
  0.133228E+01  0.505880E+03  0.247417E+01
  0.133447E+01  0.501300E+03  0.247384E+01
  0.133666E+01  0.500725E+03  0.247857E+01
  0.133885E+01  0.500560E+03  0.247540E+01
  0.134104E+01  0.500840E+03  0.245919E+01
  0.134323E+01  0.499985E+03  0.247450E+01
  0.134542E+01  0.496495E+03  0.246989E+01
  0.134761E+01  0.493550E+03  0.245792E+01
  0.134980E+01  0.492705E+03  0.246479E+01
  0.135199E+01  0.487850E+03  0.245400E+01
  0.135418E+01  0.486645E+03  0.246665E+01
  0.135637E+01  0.487540E+03  0.245031E+01
  0.135856E+01  0.480925E+03  0.245310E+01
  0.136075E+01  0.476575E+03  0.245302E+01
  0.136294E+01  0.479425E+03  0.244197E+01
  0.136514E+01  0.481040E+03  0.246754E+01
  0.136733E+01  0.477205E+03  0.243068E+01
  0.136952E+01  0.475850E+03  0.245307E+01
  0.137171E+01  0.471120E+03  0.243596E+01
  0.137390E+01  0.468110E+03  0.243376E+01
  0.137609E+01  0.466315E+03  0.244574E+01
  0.137828E+01  0.468720E+03  0.241357E+01
  0.138047E+01  0.468790E+03  0.244348E+01
  0.138266E+01  0.464790E+03  0.243528E+01
  0.138485E+01  0.461870E+03  0.242026E+01
  0.138704E+01  0.458775E+03  0.243080E+01
  0.138923E+01  0.456850E+03  0.241771E+01
  0.139142E+01  0.458465E+03  0.243310E+01
  0.139361E+01  0.455670E+03  0.242044E+01
  0.139580E+01  0.454065E+03  0.242208E+01
  0.139799E+01  0.451550E+03  0.241594E+01
  0.140018E+01  0.450950E+03  0.240730E+01
  0.140237E+01  0.449390E+03  0.243003E+01
  0.140456E+01  0.445590E+03  0.240096E+01
  0.140675E+01  0.446500E+03  0.241337E+01
  0.140894E+01  0.445750E+03  0.241480E+01
  0.141113E+01  0.442985E+03  0.240607E+01
  0.141332E+01  0.443950E+03  0.241171E+01
  0.141551E+01  0.439300E+03  0.239101E+01
  0.141770E+01  0.437615E+03  0.241316E+01
  0.141990E+01  0.437550E+03  0.239570E+01
  0.142209E+01  0.434465E+03  0.240377E+01
  0.142428E+01  0.426735E+03  0.239170E+01
  0.142647E+01  0.427090E+03  0.238519E+01
  0.142866E+01  0.429270E+03  0.239398E+01
  0.143085E+01  0.429340E+03  0.238265E+01
  0.143304E+01  0.429130E+03  0.239231E+01
  0.143523E+01  0.426920E+03  0.239473E+01
  0.143742E+01  0.422890E+03  0.237819E+01
  0.143961E+01  0.421160E+03  0.239746E+01
  0.144180E+01  0.420995E+03  0.236682E+01
  0.144399E+01  0.420635E+03  0.238763E+01
  0.144618E+01  0.416120E+03  0.236918E+01
  0.144837E+01  0.408650E+03  0.238349E+01
  0.145056E+01  0.407380E+03  0.237674E+01
  0.145275E+01  0.409185E+03  0.236480E+01
  0.145494E+01  0.410410E+03  0.237870E+01
  0.145713E+01  0.406535E+03  0.236219E+01
  0.145932E+01  0.406510E+03  0.237353E+01
  0.146151E+01  0.404510E+03  0.236469E+01
  0.146370E+01  0.404735E+03  0.236290E+01
  0.146589E+01  0.402615E+03  0.236570E+01
  0.146808E+01  0.397120E+03  0.235120E+01
  0.147027E+01  0.391850E+03  0.235963E+01
  0.147246E+01  0.395970E+03  0.235967E+01
  0.147466E+01  0.391735E+03  0.235200E+01
  0.147685E+01  0.394540E+03  0.236073E+01
  0.147904E+01  0.391265E+03  0.233618E+01
  0.148123E+01  0.391845E+03  0.235326E+01
  0.148342E+01  0.389345E+03  0.234049E+01
  0.148561E+01  0.382230E+03  0.235789E+01
  0.148780E+01  0.382060E+03  0.234661E+01
  0.148999E+01  0.381280E+03  0.233245E+01
  0.149218E+01  0.376390E+03  0.234572E+01
  0.149437E+01  0.375040E+03  0.233220E+01
  0.149656E+01  0.374525E+03  0.233445E+01
  0.149875E+01  0.376785E+03  0.233704E+01
  0.150094E+01  0.374950E+03  0.232728E+01
  0.150313E+01  0.373310E+03  0.234032E+01
  0.150532E+01  0.371480E+03  0.232498E+01
  0.150751E+01  0.371775E+03  0.233339E+01
  0.150970E+01  0.367910E+03  0.231668E+01
  0.151189E+01  0.366970E+03  0.232452E+01
  0.151408E+01  0.364665E+03  0.232989E+01
  0.151627E+01  0.365740E+03  0.230796E+01
  0.151846E+01  0.362875E+03  0.233128E+01
  0.152065E+01  0.361985E+03  0.230207E+01
  0.152284E+01  0.355995E+03  0.231981E+01
  0.152503E+01  0.361655E+03  0.232232E+01
  0.152723E+01  0.355610E+03  0.230330E+01
  0.152942E+01  0.355640E+03  0.231868E+01
  0.153161E+01  0.353465E+03  0.229930E+01
  0.153380E+01  0.351980E+03  0.230449E+01
  0.153599E+01  0.347615E+03  0.229801E+01
  0.153818E+01  0.345260E+03  0.229982E+01
  0.154037E+01  0.347175E+03  0.230664E+01
  0.154256E+01  0.344495E+03  0.229707E+01
  0.154475E+01  0.346055E+03  0.229974E+01
  0.154694E+01  0.341380E+03  0.229149E+01
  0.154913E+01  0.343745E+03  0.229460E+01
  0.155132E+01  0.345520E+03  0.229956E+01
  0.155351E+01  0.344725E+03  0.228612E+01
  0.155570E+01  0.334120E+03  0.229185E+01
  0.155789E+01  0.337195E+03  0.228435E+01
  0.156008E+01  0.332795E+03  0.228996E+01
  0.156227E+01  0.332390E+03  0.228349E+01
  0.156446E+01  0.337155E+03  0.228123E+01
  0.156665E+01  0.333335E+03  0.228769E+01
  0.156884E+01  0.336695E+03  0.227739E+01
  0.157103E+01  0.332125E+03  0.228283E+01
  0.157322E+01  0.326715E+03  0.226994E+01
  0.157541E+01  0.323620E+03  0.227497E+01
  0.157760E+01  0.322925E+03  0.228014E+01
  0.157979E+01  0.320915E+03  0.226512E+01
  0.158199E+01  0.320235E+03  0.228004E+01
  0.158418E+01  0.323280E+03  0.225588E+01
  0.158637E+01  0.317210E+03  0.227517E+01
  0.158856E+01  0.317835E+03  0.226920E+01
  0.159075E+01  0.316535E+03  0.225489E+01
  0.159294E+01  0.315050E+03  0.227563E+01
  0.159513E+01  0.310085E+03  0.224885E+01
  0.159732E+01  0.308695E+03  0.226978E+01
  0.159951E+01  0.306360E+03  0.224519E+01
  0.160170E+01  0.309070E+03  0.225482E+01
  0.160389E+01  0.306540E+03  0.226113E+01
  0.160608E+01  0.303550E+03  0.225141E+01
  0.160827E+01  0.303360E+03  0.225612E+01
  0.161046E+01  0.303800E+03  0.223924E+01
  0.161265E+01  0.302720E+03  0.225551E+01
  0.161484E+01  0.298610E+03  0.225265E+01
  0.161703E+01  0.295495E+03  0.223910E+01
  0.161922E+01  0.293850E+03  0.225150E+01
  0.162141E+01  0.294740E+03  0.223284E+01
  0.162360E+01  0.295850E+03  0.224889E+01
  0.162579E+01  0.290275E+03  0.224065E+01
  0.162798E+01  0.289165E+03  0.222889E+01
  0.163017E+01  0.290370E+03  0.224687E+01
  0.163236E+01  0.289380E+03  0.222798E+01
  0.163456E+01  0.287340E+03  0.224265E+01
  0.163675E+01  0.286080E+03  0.222543E+01
  0.163894E+01  0.289725E+03  0.223207E+01
  0.164113E+01  0.289420E+03  0.223408E+01
  0.164332E+01  0.284015E+03  0.222667E+01
  0.164551E+01  0.278045E+03  0.222681E+01
  0.164770E+01  0.278560E+03  0.222151E+01
  0.164989E+01  0.278340E+03  0.222936E+01
  0.165208E+01  0.276055E+03  0.223087E+01
  0.165427E+01  0.273140E+03  0.221879E+01
  0.165646E+01  0.273560E+03  0.221868E+01
  0.165865E+01  0.274720E+03  0.221138E+01
  0.166084E+01  0.274820E+03  0.222503E+01
  0.166303E+01  0.271800E+03  0.221090E+01
  0.166522E+01  0.271765E+03  0.221623E+01
  0.166741E+01  0.268840E+03  0.221927E+01
  0.166960E+01  0.266800E+03  0.219854E+01
  0.167179E+01  0.266705E+03  0.222008E+01
  0.167398E+01  0.262590E+03  0.219499E+01
  0.167617E+01  0.262530E+03  0.221108E+01
  0.167836E+01  0.262020E+03  0.220777E+01
  0.168055E+01  0.258315E+03  0.219982E+01
  0.168274E+01  0.263840E+03  0.221088E+01
  0.168493E+01  0.261135E+03  0.218776E+01
  0.168712E+01  0.259065E+03  0.220970E+01
  0.168932E+01  0.254845E+03  0.219697E+01
  0.169151E+01  0.257725E+03  0.219412E+01
  0.169370E+01  0.256370E+03  0.220256E+01
  0.169589E+01  0.255700E+03  0.218324E+01
  0.169808E+01  0.252975E+03  0.220631E+01
  0.170027E+01  0.250555E+03  0.218300E+01
  0.170246E+01  0.250070E+03  0.219004E+01
  0.170465E+01  0.247705E+03  0.219919E+01
  0.170684E+01  0.247805E+03  0.218609E+01
  0.170903E+01  0.246605E+03  0.219231E+01
  0.171122E+01  0.250595E+03  0.216994E+01
  0.171341E+01  0.248670E+03  0.218871E+01
  0.171560E+01  0.244005E+03  0.217945E+01
  0.171779E+01  0.241285E+03  0.217736E+01
  0.171998E+01  0.239540E+03  0.219081E+01
  0.172217E+01  0.241475E+03  0.216834E+01
  0.172436E+01  0.239330E+03  0.218516E+01
  0.172655E+01  0.235835E+03  0.217107E+01
  0.172874E+01  0.233870E+03  0.216947E+01
  0.173093E+01  0.231035E+03  0.217249E+01
  0.173312E+01  0.232395E+03  0.216930E+01
  0.173531E+01  0.233740E+03  0.217818E+01
  0.173750E+01  0.230310E+03  0.216032E+01
  0.173969E+01  0.232020E+03  0.216456E+01
  0.174188E+01  0.227810E+03  0.217100E+01
  0.174408E+01  0.226470E+03  0.215967E+01
  0.174627E+01  0.227920E+03  0.217589E+01
  0.174846E+01  0.222285E+03  0.214445E+01
  0.175065E+01  0.225640E+03  0.216234E+01
  0.175284E+01  0.224180E+03  0.215529E+01
  0.175503E+01  0.219605E+03  0.216289E+01
  0.175722E+01  0.219090E+03  0.215961E+01
  0.175941E+01  0.219960E+03  0.215101E+01
  0.176160E+01  0.217990E+03  0.215724E+01
  0.176379E+01  0.217300E+03  0.214620E+01
  0.176598E+01  0.212920E+03  0.214947E+01
  0.176817E+01  0.215715E+03  0.215098E+01
  0.177036E+01  0.215430E+03  0.214402E+01
  0.177255E+01  0.212680E+03  0.215904E+01
  0.177474E+01  0.212070E+03  0.213582E+01
  0.177693E+01  0.209530E+03  0.214353E+01
  0.177912E+01  0.210870E+03  0.214203E+01
  0.178131E+01  0.206690E+03  0.213890E+01
  0.178350E+01  0.208025E+03  0.214624E+01
  0.178569E+01  0.207460E+03  0.213237E+01
  0.178788E+01  0.202835E+03  0.215063E+01
  0.179007E+01  0.202360E+03  0.212898E+01
  0.179226E+01  0.199135E+03  0.213967E+01
  0.179445E+01  0.205270E+03  0.213593E+01
  0.179665E+01  0.202075E+03  0.212943E+01
  0.179884E+01  0.199395E+03  0.213949E+01
  0.180103E+01  0.201405E+03  0.212348E+01
  0.180322E+01  0.199845E+03  0.213070E+01
  0.180541E+01  0.199670E+03  0.212291E+01
  0.180760E+01  0.201875E+03  0.212788E+01
  0.180979E+01  0.196030E+03  0.214059E+01
  0.181198E+01  0.195775E+03  0.211217E+01
  0.181417E+01  0.193220E+03  0.213292E+01
  0.181636E+01  0.193300E+03  0.211459E+01
  0.181855E+01  0.192015E+03  0.212252E+01
  0.182074E+01  0.191490E+03  0.212105E+01
  0.182293E+01  0.186930E+03  0.210833E+01
  0.182512E+01  0.191545E+03  0.212380E+01
  0.182731E+01  0.187225E+03  0.211107E+01
  0.182950E+01  0.189710E+03  0.211829E+01
  0.183169E+01  0.189090E+03  0.212026E+01
  0.183388E+01  0.185955E+03  0.210119E+01
  0.183607E+01  0.181740E+03  0.212486E+01
  0.183826E+01  0.182730E+03  0.209604E+01
  0.184045E+01  0.177715E+03  0.211113E+01
  0.184264E+01  0.181995E+03  0.210573E+01
  0.184483E+01  0.181090E+03  0.209805E+01
  0.184702E+01  0.181990E+03  0.211400E+01
  0.184921E+01  0.179625E+03  0.209909E+01
  0.185141E+01  0.179040E+03  0.210161E+01
  0.185360E+01  0.180010E+03  0.209234E+01
  0.185579E+01  0.177690E+03  0.209998E+01
  0.185798E+01  0.175250E+03  0.210104E+01
  0.186017E+01  0.173145E+03  0.208684E+01
  0.186236E+01  0.174245E+03  0.210626E+01
  0.186455E+01  0.173155E+03  0.208987E+01
  0.186674E+01  0.172120E+03  0.209632E+01
  0.186893E+01  0.170305E+03  0.209660E+01
  0.187112E+01  0.173820E+03  0.208593E+01
  0.187331E+01  0.173345E+03  0.209323E+01
  0.187550E+01  0.169550E+03  0.208924E+01
  0.187769E+01  0.169135E+03  0.209316E+01
  0.187988E+01  0.171190E+03  0.208514E+01
  0.188207E+01  0.165895E+03  0.208903E+01
  0.188426E+01  0.164775E+03  0.208597E+01
  0.188645E+01  0.166685E+03  0.207506E+01
  0.188864E+01  0.164520E+03  0.208997E+01
  0.189083E+01  0.164795E+03  0.207816E+01
  0.189302E+01  0.164240E+03  0.209076E+01
  0.189521E+01  0.159655E+03  0.208186E+01
  0.189740E+01  0.161220E+03  0.206979E+01
  0.189959E+01  0.161705E+03  0.209218E+01
  0.190178E+01  0.158770E+03  0.206718E+01
  0.190397E+01  0.155805E+03  0.208493E+01
  0.190617E+01  0.154215E+03  0.206801E+01
  0.190836E+01  0.155745E+03  0.207099E+01
  0.191055E+01  0.157430E+03  0.207678E+01
  0.191274E+01  0.153145E+03  0.206785E+01
  0.191493E+01  0.153525E+03  0.207861E+01
  0.191712E+01  0.150550E+03  0.205993E+01
  0.191931E+01  0.147665E+03  0.206847E+01
  0.192150E+01  0.145245E+03  0.207671E+01
  0.192369E+01  0.151285E+03  0.205671E+01
  0.192588E+01  0.153930E+03  0.207319E+01
  0.192807E+01  0.149755E+03  0.205436E+01
  0.193026E+01  0.149605E+03  0.207204E+01
  0.193245E+01  0.147900E+03  0.205899E+01
  0.193464E+01  0.148090E+03  0.205964E+01
  0.193683E+01  0.146965E+03  0.206451E+01
  0.193902E+01  0.141685E+03  0.205353E+01
  0.194121E+01  0.143375E+03  0.206436E+01
  0.194340E+01  0.143615E+03  0.205065E+01
  0.194559E+01  0.145385E+03  0.205676E+01
  0.194778E+01  0.141780E+03  0.206019E+01
  0.194997E+01  0.142360E+03  0.205315E+01
  0.195216E+01  0.141640E+03  0.205834E+01
  0.195435E+01  0.140685E+03  0.203965E+01
  0.195654E+01  0.142845E+03  0.205309E+01
  0.195874E+01  0.141940E+03  0.205575E+01
  0.196093E+01  0.139955E+03  0.204051E+01
  0.196312E+01  0.138680E+03  0.205819E+01
  0.196531E+01  0.136940E+03  0.204017E+01
  0.196750E+01  0.134945E+03  0.205342E+01
  0.196969E+01  0.134370E+03  0.203814E+01
  0.197188E+01  0.134235E+03  0.204301E+01
  0.197407E+01  0.137075E+03  0.204928E+01
  0.197626E+01  0.134680E+03  0.203692E+01
  0.197845E+01  0.130220E+03  0.204360E+01
  0.198064E+01  0.130735E+03  0.203287E+01
  0.198283E+01  0.132610E+03  0.204018E+01
  0.198502E+01  0.129545E+03  0.203836E+01
  0.198721E+01  0.130515E+03  0.203314E+01
  0.198940E+01  0.130585E+03  0.204839E+01
  0.199159E+01  0.126385E+03  0.204001E+01
  0.199378E+01  0.124625E+03  0.205233E+01
  0.199597E+01  0.121390E+03  0.205318E+01
  0.199816E+01  0.121160E+03  0.204710E+01
  0.200035E+01  0.125770E+03  0.205473E+01
  0.200254E+01  0.123415E+03  0.205543E+01
  0.200473E+01  0.125500E+03  0.206571E+01
  0.200692E+01  0.124795E+03  0.204644E+01
  0.200911E+01  0.122665E+03  0.205279E+01
  0.201130E+01  0.120150E+03  0.205363E+01
  0.201350E+01  0.122635E+03  0.204911E+01
  0.201569E+01  0.118625E+03  0.206433E+01
  0.201788E+01  0.120655E+03  0.204218E+01
  0.202007E+01  0.119575E+03  0.205596E+01
  0.202226E+01  0.118265E+03  0.204604E+01
  0.202445E+01  0.116790E+03  0.204489E+01
  0.202664E+01  0.116490E+03  0.205310E+01
  0.202883E+01  0.113780E+03  0.202999E+01
  0.203102E+01  0.113100E+03  0.206067E+01
  0.203321E+01  0.115480E+03  0.204107E+01
  0.203540E+01  0.113730E+03  0.204433E+01
  0.203759E+01  0.112215E+03  0.204933E+01
  0.203978E+01  0.115065E+03  0.203468E+01
  0.204197E+01  0.114325E+03  0.206008E+01
  0.204416E+01  0.113970E+03  0.203095E+01
  0.204635E+01  0.114660E+03  0.204600E+01
  0.204854E+01  0.114675E+03  0.204695E+01
  0.205073E+01  0.112655E+03  0.203606E+01
  0.205292E+01  0.110550E+03  0.205049E+01
  0.205511E+01  0.109185E+03  0.202461E+01
  0.205730E+01  0.110645E+03  0.205179E+01
  0.205949E+01  0.110170E+03  0.203488E+01
  0.206168E+01  0.105600E+03  0.203225E+01
  0.206387E+01  0.104640E+03  0.204145E+01
  0.206606E+01  0.106305E+03  0.202313E+01
  0.206826E+01  0.105910E+03  0.204389E+01
  0.207045E+01  0.106055E+03  0.203855E+01
  0.207264E+01  0.105245E+03  0.202591E+01
  0.207483E+01  0.102065E+03  0.203699E+01
  0.207702E+01  0.101420E+03  0.202539E+01
  0.207921E+01  0.103245E+03  0.204153E+01
  0.208140E+01  0.103235E+03  0.202013E+01
  0.208359E+01  0.102160E+03  0.202789E+01
  0.208578E+01  0.103965E+03  0.203345E+01
  0.208797E+01  0.100560E+03  0.202473E+01
  0.209016E+01  0.994400E+02  0.202700E+01
  0.209235E+01  0.995150E+02  0.202032E+01
  0.209454E+01  0.103445E+03  0.202622E+01
  0.209673E+01  0.100155E+03  0.202616E+01
  0.209892E+01  0.981250E+02  0.202355E+01
  0.210111E+01  0.993900E+02  0.202201E+01
  0.210330E+01  0.974150E+02  0.201267E+01
  0.210549E+01  0.963550E+02  0.202614E+01
  0.210768E+01  0.979900E+02  0.201859E+01
  0.210987E+01  0.951350E+02  0.201598E+01
  0.211206E+01  0.937400E+02  0.201177E+01
  0.211425E+01  0.943600E+02  0.200992E+01
  0.211644E+01  0.933000E+02  0.202132E+01
  0.211863E+01  0.947550E+02  0.199973E+01
  0.212083E+01  0.954950E+02  0.201401E+01
  0.212302E+01  0.948350E+02  0.200221E+01
  0.212521E+01  0.909850E+02  0.201159E+01
  0.212740E+01  0.938100E+02  0.200110E+01
  0.212959E+01  0.936200E+02  0.199737E+01
  0.213178E+01  0.942750E+02  0.200631E+01
  0.213397E+01  0.912550E+02  0.199141E+01
  0.213616E+01  0.892950E+02  0.200008E+01
  0.213835E+01  0.942950E+02  0.199741E+01
  0.214054E+01  0.918250E+02  0.198798E+01
  0.214273E+01  0.915850E+02  0.200058E+01
  0.214492E+01  0.861150E+02  0.198093E+01
  0.214711E+01  0.852000E+02  0.199422E+01
  0.214930E+01  0.883050E+02  0.198215E+01
  0.215149E+01  0.870000E+02  0.198589E+01
  0.215368E+01  0.892000E+02  0.198218E+01
  0.215587E+01  0.893800E+02  0.196408E+01
  0.215806E+01  0.902600E+02  0.198315E+01
  0.216025E+01  0.871850E+02  0.197111E+01
  0.216244E+01  0.860100E+02  0.197741E+01
  0.216463E+01  0.849450E+02  0.197040E+01
  0.216682E+01  0.824000E+02  0.196089E+01
  0.216901E+01  0.836400E+02  0.197567E+01
  0.217120E+01  0.815150E+02  0.195550E+01
  0.217339E+01  0.831700E+02  0.197422E+01
  0.217559E+01  0.787850E+02  0.195999E+01
  0.217778E+01  0.810850E+02  0.195976E+01
  0.217997E+01  0.826800E+02  0.197090E+01
  0.218216E+01  0.832300E+02  0.195796E+01
  0.218435E+01  0.794500E+02  0.196590E+01
  0.218654E+01  0.825750E+02  0.195810E+01
  0.218873E+01  0.842700E+02  0.196136E+01
  0.219092E+01  0.808700E+02  0.197253E+01
  0.219311E+01  0.795700E+02  0.194655E+01
  0.219530E+01  0.773800E+02  0.196516E+01
  0.219749E+01  0.756650E+02  0.194887E+01
  0.219968E+01  0.777400E+02  0.196181E+01
  0.220187E+01  0.780600E+02  0.195957E+01
  0.220406E+01  0.789800E+02  0.194826E+01
  0.220625E+01  0.804800E+02  0.196314E+01
  0.220844E+01  0.771150E+02  0.194473E+01
  0.221063E+01  0.787400E+02  0.195487E+01
  0.221282E+01  0.793550E+02  0.195319E+01
  0.221501E+01  0.747000E+02  0.194752E+01
  0.221720E+01  0.716050E+02  0.195276E+01
  0.221939E+01  0.727600E+02  0.194470E+01
  0.222158E+01  0.744550E+02  0.195252E+01
  0.222377E+01  0.716450E+02  0.194238E+01
  0.222596E+01  0.726200E+02  0.194136E+01
  0.222815E+01  0.736600E+02  0.195194E+01
  0.223035E+01  0.704200E+02  0.193548E+01
  0.223254E+01  0.710250E+02  0.195230E+01
  0.223473E+01  0.705800E+02  0.194006E+01
  0.223692E+01  0.725600E+02  0.194225E+01
  0.223911E+01  0.688050E+02  0.193999E+01
  0.224130E+01  0.676850E+02  0.193265E+01
  0.224349E+01  0.682300E+02  0.194513E+01
  0.224568E+01  0.709250E+02  0.193385E+01
  0.224787E+01  0.680450E+02  0.193759E+01
  0.225006E+01  0.684500E+02  0.193613E+01
  0.225225E+01  0.690800E+02  0.193693E+01
  0.225444E+01  0.677750E+02  0.193918E+01
  0.225663E+01  0.682800E+02  0.193224E+01
  0.225882E+01  0.640950E+02  0.193694E+01
  0.226101E+01  0.663450E+02  0.192636E+01
  0.226320E+01  0.651750E+02  0.193808E+01
  0.226539E+01  0.658050E+02  0.193443E+01
  0.226758E+01  0.681000E+02  0.192240E+01
  0.226977E+01  0.666600E+02  0.193801E+01
  0.227196E+01  0.694350E+02  0.191960E+01
  0.227415E+01  0.670700E+02  0.193811E+01
  0.227634E+01  0.648700E+02  0.192739E+01
  0.227853E+01  0.628000E+02  0.192199E+01
  0.228072E+01  0.625100E+02  0.193029E+01
  0.228292E+01  0.657000E+02  0.192304E+01
  0.228511E+01  0.662000E+02  0.193272E+01
  0.228730E+01  0.653600E+02  0.192095E+01
  0.228949E+01  0.666350E+02  0.192486E+01
  0.229168E+01  0.604200E+02  0.192954E+01
  0.229387E+01  0.626600E+02  0.191790E+01
  0.229606E+01  0.617550E+02  0.192559E+01
  0.229825E+01  0.612750E+02  0.191312E+01
  0.230044E+01  0.627300E+02  0.192459E+01
  0.230263E+01  0.611750E+02  0.192463E+01
  0.230482E+01  0.606550E+02  0.191485E+01
  0.230701E+01  0.609250E+02  0.192163E+01
  0.230920E+01  0.595850E+02  0.191560E+01
  0.231139E+01  0.569300E+02  0.192367E+01
  0.231358E+01  0.585050E+02  0.191050E+01
  0.231577E+01  0.582900E+02  0.191607E+01
  0.231796E+01  0.605550E+02  0.191743E+01
  0.232015E+01  0.574050E+02  0.191242E+01
  0.232234E+01  0.572650E+02  0.191975E+01
  0.232453E+01  0.610900E+02  0.190604E+01
  0.232672E+01  0.582850E+02  0.192199E+01
  0.232891E+01  0.592900E+02  0.191410E+01
  0.233110E+01  0.587500E+02  0.190543E+01
  0.233329E+01  0.579000E+02  0.190642E+01
  0.233548E+01  0.559750E+02  0.190865E+01
  0.233768E+01  0.539150E+02  0.191889E+01
  0.233987E+01  0.605700E+02  0.190626E+01
  0.234206E+01  0.597550E+02  0.190756E+01
  0.234425E+01  0.543250E+02  0.190721E+01
  0.234644E+01  0.542050E+02  0.190067E+01
  0.234863E+01  0.536950E+02  0.191274E+01
  0.235082E+01  0.576400E+02  0.189661E+01
  0.235301E+01  0.551200E+02  0.190527E+01
  0.235520E+01  0.590850E+02  0.190767E+01
  0.235739E+01  0.586400E+02  0.190108E+01
  0.235958E+01  0.580200E+02  0.191027E+01
  0.236177E+01  0.597200E+02  0.189000E+01
  0.236396E+01  0.577900E+02  0.190995E+01
  0.236615E+01  0.549250E+02  0.190454E+01
  0.236834E+01  0.568100E+02  0.189957E+01
  0.237053E+01  0.569150E+02  0.190223E+01
  0.237272E+01  0.586000E+02  0.188898E+01
  0.237491E+01  0.541150E+02  0.190556E+01
  0.237710E+01  0.511400E+02  0.189705E+01
  0.237929E+01  0.536950E+02  0.189826E+01
  0.238148E+01  0.528950E+02  0.190091E+01
  0.238367E+01  0.540750E+02  0.188475E+01
  0.238586E+01  0.552050E+02  0.190355E+01
  0.238805E+01  0.542100E+02  0.188790E+01
  0.239025E+01  0.537050E+02  0.189647E+01
  0.239244E+01  0.544400E+02  0.189671E+01
  0.239463E+01  0.547750E+02  0.189269E+01
  0.239682E+01  0.501550E+02  0.189316E+01
  0.239901E+01  0.506700E+02  0.188015E+01
  0.240120E+01  0.527550E+02  0.189505E+01
  0.240339E+01  0.527400E+02  0.188966E+01
  0.240558E+01  0.506450E+02  0.189343E+01
  0.240777E+01  0.531850E+02  0.189093E+01
  0.240996E+01  0.502700E+02  0.188232E+01
  0.241215E+01  0.496100E+02  0.190051E+01
  0.241434E+01  0.499250E+02  0.188156E+01
  0.241653E+01  0.489500E+02  0.188460E+01
  0.241872E+01  0.505900E+02  0.189422E+01
  0.242091E+01  0.473350E+02  0.188257E+01
  0.242310E+01  0.491350E+02  0.189167E+01
  0.242529E+01  0.482200E+02  0.187319E+01
  0.242748E+01  0.505650E+02  0.188696E+01
  0.242967E+01  0.500350E+02  0.188687E+01
  0.243186E+01  0.490200E+02  0.188856E+01
  0.243405E+01  0.461100E+02  0.188225E+01
  0.243624E+01  0.479850E+02  0.187628E+01
  0.243843E+01  0.482050E+02  0.188523E+01
  0.244062E+01  0.471800E+02  0.187890E+01
  0.244281E+01  0.475950E+02  0.188008E+01
  0.244501E+01  0.493000E+02  0.188147E+01
  0.244720E+01  0.468250E+02  0.187546E+01
  0.244939E+01  0.469250E+02  0.189353E+01
  0.245158E+01  0.447600E+02  0.187085E+01
  0.245377E+01  0.444000E+02  0.187600E+01
  0.245596E+01  0.460650E+02  0.187853E+01
  0.245815E+01  0.430700E+02  0.187416E+01
  0.246034E+01  0.442200E+02  0.188481E+01
  0.246253E+01  0.455400E+02  0.186568E+01
  0.246472E+01  0.465000E+02  0.187664E+01
  0.246691E+01  0.466450E+02  0.187149E+01
  0.246910E+01  0.435900E+02  0.188054E+01
  0.247129E+01  0.470100E+02  0.187904E+01
  0.247348E+01  0.472900E+02  0.186490E+01
  0.247567E+01  0.468350E+02  0.188377E+01
  0.247786E+01  0.446100E+02  0.187250E+01
  0.248005E+01  0.435500E+02  0.187237E+01
  0.248224E+01  0.445550E+02  0.187279E+01
  0.248443E+01  0.446200E+02  0.186922E+01
  0.248662E+01  0.456700E+02  0.187936E+01
  0.248881E+01  0.460500E+02  0.186380E+01
  0.249100E+01  0.469850E+02  0.187167E+01
  0.249319E+01  0.431900E+02  0.186345E+01
  0.249538E+01  0.412500E+02  0.187018E+01
  0.249757E+01  0.419650E+02  0.187741E+01
  0.249977E+01  0.414300E+02  0.186256E+01
  0.250196E+01  0.443250E+02  0.187633E+01
  0.250415E+01  0.448700E+02  0.186184E+01
  0.250634E+01  0.450050E+02  0.186922E+01
  0.250853E+01  0.446150E+02  0.186157E+01
  0.251072E+01  0.444550E+02  0.185975E+01
  0.251291E+01  0.445550E+02  0.187206E+01
  0.251510E+01  0.443950E+02  0.186211E+01
  0.251729E+01  0.431500E+02  0.186443E+01
  0.251948E+01  0.454900E+02  0.185741E+01
  0.252167E+01  0.451700E+02  0.186486E+01
  0.252386E+01  0.450100E+02  0.187445E+01
  0.252605E+01  0.419400E+02  0.185707E+01
  0.252824E+01  0.456550E+02  0.186234E+01
  0.253043E+01  0.397000E+02  0.185820E+01
  0.253262E+01  0.394550E+02  0.186205E+01
  0.253481E+01  0.426550E+02  0.186378E+01
  0.253700E+01  0.447250E+02  0.185912E+01
  0.253919E+01  0.443000E+02  0.186368E+01
  0.254138E+01  0.426700E+02  0.185627E+01
  0.254357E+01  0.423850E+02  0.186668E+01
  0.254576E+01  0.419100E+02  0.185584E+01
  0.254795E+01  0.399650E+02  0.185308E+01
  0.255014E+01  0.396150E+02  0.186027E+01
  0.255234E+01  0.408650E+02  0.185457E+01
  0.255453E+01  0.405700E+02  0.186334E+01
  0.255672E+01  0.395000E+02  0.185125E+01
  0.255891E+01  0.420950E+02  0.186004E+01
  0.256110E+01  0.411550E+02  0.185712E+01
  0.256329E+01  0.407700E+02  0.184672E+01
  0.256548E+01  0.415250E+02  0.186058E+01
  0.256767E+01  0.393600E+02  0.184958E+01
  0.256986E+01  0.409450E+02  0.186179E+01
  0.257205E+01  0.420350E+02  0.185273E+01
  0.257424E+01  0.375550E+02  0.184686E+01
  0.257643E+01  0.415450E+02  0.186038E+01
  0.257862E+01  0.398050E+02  0.184066E+01
  0.258081E+01  0.384900E+02  0.186318E+01
  0.258300E+01  0.390350E+02  0.184412E+01
  0.258519E+01  0.402700E+02  0.185240E+01
  0.258738E+01  0.389800E+02  0.185939E+01
  0.258957E+01  0.396000E+02  0.184173E+01
  0.259176E+01  0.367800E+02  0.185907E+01
  0.259395E+01  0.404800E+02  0.183740E+01
  0.259614E+01  0.395300E+02  0.185425E+01
  0.259833E+01  0.398850E+02  0.185479E+01
  0.260052E+01  0.394400E+02  0.184184E+01
  0.260271E+01  0.385800E+02  0.185520E+01
  0.260490E+01  0.405250E+02  0.183972E+01
  0.260710E+01  0.384000E+02  0.185439E+01
  0.260929E+01  0.397300E+02  0.185534E+01
  0.261148E+01  0.401150E+02  0.183871E+01
  0.261367E+01  0.367550E+02  0.185316E+01
  0.261586E+01  0.370750E+02  0.183538E+01
  0.261805E+01  0.347900E+02  0.185048E+01
  0.262024E+01  0.389000E+02  0.183859E+01
  0.262243E+01  0.384550E+02  0.183966E+01
  0.262462E+01  0.379100E+02  0.185125E+01
  0.262681E+01  0.364050E+02  0.184071E+01
  0.262900E+01  0.379600E+02  0.185112E+01
  0.263119E+01  0.382900E+02  0.183420E+01
  0.263338E+01  0.365550E+02  0.184372E+01
  0.263557E+01  0.373800E+02  0.184721E+01
  0.263776E+01  0.385050E+02  0.184003E+01
  0.263995E+01  0.384900E+02  0.184666E+01
  0.264214E+01  0.359800E+02  0.182900E+01
  0.264433E+01  0.348150E+02  0.184281E+01
  0.264652E+01  0.370950E+02  0.183882E+01
  0.264871E+01  0.365800E+02  0.183708E+01
  0.265090E+01  0.355050E+02  0.184127E+01
  0.265309E+01  0.380100E+02  0.184197E+01
  0.265528E+01  0.388800E+02  0.184338E+01
  0.265747E+01  0.377000E+02  0.183272E+01
  0.265966E+01  0.365800E+02  0.183634E+01
  0.266186E+01  0.361850E+02  0.184110E+01
  0.266405E+01  0.401400E+02  0.184126E+01
  0.266624E+01  0.358750E+02  0.183983E+01
  0.266843E+01  0.363650E+02  0.182667E+01
  0.267062E+01  0.375850E+02  0.184163E+01
  0.267281E+01  0.390200E+02  0.183909E+01
  0.267500E+01  0.356850E+02  0.183419E+01
  0.267719E+01  0.354850E+02  0.183767E+01
  0.267938E+01  0.373400E+02  0.182834E+01
  0.268157E+01  0.379850E+02  0.184046E+01
  0.268376E+01  0.381100E+02  0.182781E+01
  0.268595E+01  0.355750E+02  0.183226E+01
  0.268814E+01  0.343400E+02  0.183372E+01
  0.269033E+01  0.319100E+02  0.182998E+01
  0.269252E+01  0.361100E+02  0.184263E+01
  0.269471E+01  0.348250E+02  0.181690E+01
  0.269690E+01  0.345600E+02  0.183459E+01
  0.269909E+01  0.351650E+02  0.183226E+01
  0.270128E+01  0.369000E+02  0.183295E+01
  0.270347E+01  0.367550E+02  0.183738E+01
  0.270566E+01  0.343350E+02  0.181778E+01
  0.270785E+01  0.338050E+02  0.183598E+01
  0.271004E+01  0.321800E+02  0.182401E+01
  0.271223E+01  0.334950E+02  0.182818E+01
  0.271443E+01  0.352450E+02  0.183058E+01
  0.271662E+01  0.373300E+02  0.182615E+01
  0.271881E+01  0.394850E+02  0.184227E+01
  0.272100E+01  0.351350E+02  0.181540E+01
  0.272319E+01  0.356900E+02  0.182441E+01
  0.272538E+01  0.341750E+02  0.182465E+01
  0.272757E+01  0.343550E+02  0.182419E+01
  0.272976E+01  0.354900E+02  0.183992E+01
  0.273195E+01  0.359850E+02  0.181292E+01
  0.273414E+01  0.374750E+02  0.182832E+01
  0.273633E+01  0.363400E+02  0.182458E+01
  0.273852E+01  0.372500E+02  0.182732E+01
  0.274071E+01  0.347250E+02  0.182573E+01
  0.274290E+01  0.324450E+02  0.181816E+01
  0.274509E+01  0.335900E+02  0.182826E+01
  0.274728E+01  0.339200E+02  0.182074E+01
  0.274947E+01  0.310000E+02  0.182174E+01
  0.275166E+01  0.314900E+02  0.182465E+01
  0.275385E+01  0.310750E+02  0.181665E+01
  0.275604E+01  0.329350E+02  0.183182E+01
  0.275823E+01  0.338750E+02  0.181643E+01
  0.276042E+01  0.336750E+02  0.181911E+01
  0.276261E+01  0.355600E+02  0.182163E+01
  0.276480E+01  0.314350E+02  0.181676E+01
  0.276699E+01  0.348950E+02  0.182635E+01
  0.276919E+01  0.347750E+02  0.181508E+01
  0.277138E+01  0.326200E+02  0.182136E+01
  0.277357E+01  0.337500E+02  0.181736E+01
  0.277576E+01  0.336550E+02  0.182005E+01
  0.277795E+01  0.332100E+02  0.181624E+01
  0.278014E+01  0.341500E+02  0.181049E+01
  0.278233E+01  0.348500E+02  0.182639E+01
  0.278452E+01  0.343650E+02  0.181623E+01
  0.278671E+01  0.329800E+02  0.182235E+01
  0.278890E+01  0.344950E+02  0.181689E+01
  0.279109E+01  0.338950E+02  0.181139E+01
  0.279328E+01  0.306550E+02  0.182351E+01
  0.279547E+01  0.309750E+02  0.180464E+01
  0.279766E+01  0.336950E+02  0.182052E+01
  0.279985E+01  0.317350E+02  0.181056E+01
  0.280204E+01  0.336350E+02  0.181357E+01
  0.280423E+01  0.338300E+02  0.181938E+01
  0.280642E+01  0.355800E+02  0.180280E+01
  0.280861E+01  0.339450E+02  0.181889E+01
  0.281080E+01  0.331550E+02  0.180829E+01
  0.281299E+01  0.309900E+02  0.182065E+01
  0.281518E+01  0.339200E+02  0.181113E+01
  0.281737E+01  0.342900E+02  0.180268E+01
  0.281956E+01  0.356100E+02  0.182173E+01
  0.282175E+01  0.334400E+02  0.180150E+01
  0.282395E+01  0.328500E+02  0.181763E+01
  0.282614E+01  0.326350E+02  0.180659E+01
  0.282833E+01  0.301750E+02  0.180517E+01
  0.283052E+01  0.327850E+02  0.181880E+01
  0.283271E+01  0.337700E+02  0.180334E+01
  0.283490E+01  0.319950E+02  0.181302E+01
  0.283709E+01  0.338050E+02  0.180405E+01
  0.283928E+01  0.338450E+02  0.181301E+01
  0.284147E+01  0.358750E+02  0.181562E+01
  0.284366E+01  0.335000E+02  0.179829E+01
  0.284585E+01  0.332250E+02  0.181143E+01
  0.284804E+01  0.334100E+02  0.179675E+01
  0.285023E+01  0.372650E+02  0.181335E+01
  0.285242E+01  0.362400E+02  0.180959E+01
  0.285461E+01  0.332700E+02  0.179957E+01
  0.285680E+01  0.334250E+02  0.181208E+01
  0.285899E+01  0.322550E+02  0.180273E+01
  0.286118E+01  0.328650E+02  0.180770E+01
  0.286337E+01  0.328450E+02  0.180059E+01
  0.286556E+01  0.315300E+02  0.180261E+01
  0.286775E+01  0.312600E+02  0.180644E+01
  0.286994E+01  0.311850E+02  0.179808E+01
  0.287213E+01  0.324600E+02  0.180139E+01
  0.287432E+01  0.303100E+02  0.179642E+01
  0.287652E+01  0.322850E+02  0.180667E+01
  0.287871E+01  0.323700E+02  0.180468E+01
  0.288090E+01  0.315900E+02  0.179577E+01
  0.288309E+01  0.303150E+02  0.180389E+01
  0.288528E+01  0.325400E+02  0.179387E+01
  0.288747E+01  0.310000E+02  0.180689E+01
  0.288966E+01  0.330650E+02  0.179704E+01
  0.289185E+01  0.330050E+02  0.179889E+01
  0.289404E+01  0.322000E+02  0.180846E+01
  0.289623E+01  0.332300E+02  0.179294E+01
  0.289842E+01  0.329950E+02  0.180559E+01
  0.290061E+01  0.324500E+02  0.178477E+01
  0.290280E+01  0.337850E+02  0.180049E+01
  0.290499E+01  0.351050E+02  0.180342E+01
  0.290718E+01  0.358750E+02  0.179399E+01
  0.290937E+01  0.353700E+02  0.180436E+01
  0.291156E+01  0.348650E+02  0.178583E+01
  0.291375E+01  0.318450E+02  0.180259E+01
  0.291594E+01  0.322800E+02  0.180060E+01
  0.291813E+01  0.336450E+02  0.179024E+01
  0.292032E+01  0.354700E+02  0.180383E+01
  0.292251E+01  0.344900E+02  0.178938E+01
  0.292470E+01  0.297950E+02  0.180105E+01
  0.292689E+01  0.309300E+02  0.178872E+01
  0.292908E+01  0.325450E+02  0.179618E+01
  0.293128E+01  0.366950E+02  0.180112E+01
  0.293347E+01  0.329750E+02  0.179018E+01
  0.293566E+01  0.357950E+02  0.179855E+01
  0.293785E+01  0.314750E+02  0.178667E+01
  0.294004E+01  0.326950E+02  0.179436E+01
  0.294223E+01  0.325750E+02  0.180360E+01
  0.294442E+01  0.316150E+02  0.178797E+01
  0.294661E+01  0.324900E+02  0.180150E+01
  0.294880E+01  0.316100E+02  0.178550E+01
  0.295099E+01  0.327500E+02  0.180207E+01
  0.295318E+01  0.335650E+02  0.179016E+01
  0.295537E+01  0.324450E+02  0.178885E+01
  0.295756E+01  0.310650E+02  0.179619E+01
  0.295975E+01  0.305100E+02  0.178947E+01
  0.296194E+01  0.336200E+02  0.180337E+01
  0.296413E+01  0.330500E+02  0.178578E+01
  0.296632E+01  0.360250E+02  0.179251E+01
  0.296851E+01  0.350050E+02  0.179644E+01
  0.297070E+01  0.317300E+02  0.178753E+01
  0.297289E+01  0.333600E+02  0.179759E+01
  0.297508E+01  0.342050E+02  0.178417E+01
  0.297727E+01  0.297050E+02  0.179902E+01
  0.297946E+01  0.299550E+02  0.179477E+01
  0.298165E+01  0.283350E+02  0.178961E+01
  0.298385E+01  0.270950E+02  0.179118E+01
  0.298604E+01  0.305650E+02  0.178552E+01
  0.298823E+01  0.327950E+02  0.180113E+01
  0.299042E+01  0.310250E+02  0.178411E+01
  0.299261E+01  0.309850E+02  0.178835E+01
  0.299480E+01  0.314650E+02  0.179133E+01
  0.299699E+01  0.302700E+02  0.178624E+01
  0.299918E+01  0.307100E+02  0.180206E+01
  0.300137E+01  0.297300E+02  0.178395E+01
  0.300356E+01  0.299250E+02  0.179341E+01
  0.300575E+01  0.293600E+02  0.179022E+01
  0.300794E+01  0.306300E+02  0.178574E+01
  0.301013E+01  0.305700E+02  0.179782E+01
  0.301232E+01  0.287900E+02  0.177742E+01
  0.301451E+01  0.329050E+02  0.179626E+01
  0.301670E+01  0.313850E+02  0.178860E+01
  0.301889E+01  0.335550E+02  0.179003E+01
  0.302108E+01  0.318400E+02  0.179028E+01
  0.302327E+01  0.308300E+02  0.178233E+01
  0.302546E+01  0.281700E+02  0.180114E+01
  0.302765E+01  0.289550E+02  0.178074E+01
  0.302984E+01  0.318850E+02  0.179133E+01
  0.303203E+01  0.331950E+02  0.179225E+01
  0.303422E+01  0.325250E+02  0.178435E+01
  0.303641E+01  0.306750E+02  0.179975E+01
  0.303861E+01  0.313150E+02  0.177266E+01
  0.304080E+01  0.310150E+02  0.179174E+01
  0.304299E+01  0.316500E+02  0.178965E+01
  0.304518E+01  0.323500E+02  0.178718E+01
  0.304737E+01  0.328450E+02  0.179134E+01
  0.304956E+01  0.327050E+02  0.177930E+01
  0.305175E+01  0.332200E+02  0.179508E+01
  0.305394E+01  0.334450E+02  0.178779E+01
  0.305613E+01  0.327100E+02  0.178903E+01
  0.305832E+01  0.302750E+02  0.178494E+01
  0.306051E+01  0.309550E+02  0.177952E+01
  0.306270E+01  0.328600E+02  0.179098E+01
  0.306489E+01  0.319050E+02  0.178003E+01
  0.306708E+01  0.297600E+02  0.178653E+01
  0.306927E+01  0.298300E+02  0.178741E+01
  0.307146E+01  0.316800E+02  0.178048E+01
  0.307365E+01  0.350450E+02  0.178882E+01
  0.307584E+01  0.346150E+02  0.177524E+01
  0.307803E+01  0.330200E+02  0.178935E+01
  0.308022E+01  0.326350E+02  0.178245E+01
  0.308241E+01  0.314350E+02  0.179033E+01
  0.308460E+01  0.264750E+02  0.178292E+01
  0.308679E+01  0.288250E+02  0.177568E+01
  0.308898E+01  0.283950E+02  0.178936E+01
  0.309117E+01  0.307450E+02  0.178147E+01
  0.309337E+01  0.335950E+02  0.178898E+01
  0.309556E+01  0.309700E+02  0.178207E+01
  0.309775E+01  0.289250E+02  0.178116E+01
  0.309994E+01  0.307850E+02  0.179178E+01
  0.310213E+01  0.327850E+02  0.177374E+01
  0.310432E+01  0.312300E+02  0.178696E+01
  0.310651E+01  0.354100E+02  0.178023E+01
  0.310870E+01  0.356200E+02  0.178536E+01
  0.311089E+01  0.340600E+02  0.178737E+01
  0.311308E+01  0.326200E+02  0.177281E+01
  0.311527E+01  0.292350E+02  0.178699E+01
  0.311746E+01  0.298900E+02  0.177497E+01
  0.311965E+01  0.314500E+02  0.178664E+01
  0.312184E+01  0.305500E+02  0.178113E+01
  0.312403E+01  0.306050E+02  0.177574E+01
  0.312622E+01  0.327300E+02  0.178973E+01
  0.312841E+01  0.293450E+02  0.177390E+01
  0.313060E+01  0.273200E+02  0.178263E+01
  0.313279E+01  0.262550E+02  0.178297E+01
  0.313498E+01  0.284600E+02  0.177677E+01
  0.313717E+01  0.328250E+02  0.179653E+01
  0.313936E+01  0.346450E+02  0.177243E+01
  0.314155E+01  0.316400E+02  0.177828E+01
  0.314374E+01  0.336500E+02  0.177472E+01
  0.314594E+01  0.340250E+02  0.178592E+01
  0.314813E+01  0.314500E+02  0.178350E+01
  0.315032E+01  0.298100E+02  0.177037E+01
  0.315251E+01  0.303950E+02  0.178553E+01
  0.315470E+01  0.300900E+02  0.176999E+01
  0.315689E+01  0.263350E+02  0.178577E+01
  0.315908E+01  0.283500E+02  0.177835E+01
  0.316127E+01  0.292550E+02  0.177194E+01
  0.316346E+01  0.262350E+02  0.178355E+01
  0.316565E+01  0.255600E+02  0.177131E+01
  0.316784E+01  0.265700E+02  0.177594E+01
  0.317003E+01  0.300150E+02  0.176883E+01
  0.317222E+01  0.296600E+02  0.177375E+01
  0.317441E+01  0.298200E+02  0.178125E+01
  0.317660E+01  0.272700E+02  0.177167E+01
  0.317879E+01  0.297800E+02  0.177751E+01
  0.318098E+01  0.291950E+02  0.176699E+01
  0.318317E+01  0.301850E+02  0.177787E+01
  0.318536E+01  0.312700E+02  0.177430E+01
  0.318755E+01  0.288850E+02  0.176978E+01
  0.318974E+01  0.298300E+02  0.178306E+01
  0.319193E+01  0.296850E+02  0.176636E+01
  0.319412E+01  0.315200E+02  0.178206E+01
  0.319631E+01  0.300300E+02  0.176787E+01
  0.319850E+01  0.302250E+02  0.177065E+01
  0.320070E+01  0.308450E+02  0.178116E+01
  0.320289E+01  0.324400E+02  0.177381E+01
  0.320508E+01  0.280700E+02  0.178237E+01
  0.320727E+01  0.270050E+02  0.176658E+01
  0.320946E+01  0.305850E+02  0.177509E+01
  0.321165E+01  0.306150E+02  0.178111E+01
  0.321384E+01  0.284650E+02  0.176632E+01
  0.321603E+01  0.305950E+02  0.178270E+01
  0.321822E+01  0.291550E+02  0.176863E+01
  0.322041E+01  0.278600E+02  0.177783E+01
  0.322260E+01  0.322350E+02  0.177011E+01
  0.322479E+01  0.305100E+02  0.176692E+01
  0.322698E+01  0.281950E+02  0.178188E+01
  0.322917E+01  0.279700E+02  0.176846E+01
  0.323136E+01  0.306850E+02  0.178429E+01
  0.323355E+01  0.293950E+02  0.176529E+01
  0.323574E+01  0.299350E+02  0.177174E+01
  0.323793E+01  0.289550E+02  0.177751E+01
  0.324012E+01  0.295650E+02  0.177018E+01
  0.324231E+01  0.301500E+02  0.177922E+01
  0.324450E+01  0.279650E+02  0.176165E+01
  0.324669E+01  0.300200E+02  0.177640E+01
  0.324888E+01  0.292600E+02  0.178031E+01
  0.325107E+01  0.275800E+02  0.176546E+01
  0.325326E+01  0.295550E+02  0.178183E+01
  0.325546E+01  0.267950E+02  0.176281E+01
  0.325765E+01  0.273550E+02  0.178354E+01
  0.325984E+01  0.302500E+02  0.176934E+01
  0.326203E+01  0.321450E+02  0.176938E+01
  0.326422E+01  0.315000E+02  0.177888E+01
  0.326641E+01  0.319100E+02  0.176915E+01
  0.326860E+01  0.316500E+02  0.178373E+01
  0.327079E+01  0.311400E+02  0.176401E+01
  0.327298E+01  0.290900E+02  0.177455E+01
  0.327517E+01  0.300450E+02  0.177423E+01
  0.327736E+01  0.261150E+02  0.177222E+01
  0.327955E+01  0.307100E+02  0.178035E+01
  0.328174E+01  0.303650E+02  0.176651E+01
  0.328393E+01  0.286000E+02  0.178007E+01
  0.328612E+01  0.275050E+02  0.178438E+01
  0.328831E+01  0.284300E+02  0.176784E+01
  0.329050E+01  0.316800E+02  0.177720E+01
  0.329269E+01  0.292700E+02  0.176836E+01
  0.329488E+01  0.293100E+02  0.178501E+01
  0.329707E+01  0.313050E+02  0.177390E+01
  0.329926E+01  0.296850E+02  0.177732E+01
  0.330145E+01  0.311950E+02  0.177727E+01
  0.330364E+01  0.300900E+02  0.177142E+01
  0.330583E+01  0.304600E+02  0.178431E+01
  0.330803E+01  0.311500E+02  0.176610E+01
  0.331022E+01  0.295100E+02  0.178058E+01
  0.331241E+01  0.287800E+02  0.177772E+01
  0.331460E+01  0.299600E+02  0.177799E+01
  0.331679E+01  0.294550E+02  0.178132E+01
  0.331898E+01  0.312600E+02  0.176982E+01
  0.332117E+01  0.305900E+02  0.178145E+01
  0.332336E+01  0.345050E+02  0.177582E+01
  0.332555E+01  0.309700E+02  0.177693E+01
  0.332774E+01  0.312300E+02  0.177294E+01
  0.332993E+01  0.308500E+02  0.177258E+01
  0.333212E+01  0.287100E+02  0.179065E+01
  0.333431E+01  0.278300E+02  0.177300E+01
  0.333650E+01  0.294400E+02  0.178159E+01
  0.333869E+01  0.291750E+02  0.178308E+01
  0.334088E+01  0.287050E+02  0.178016E+01
  0.334307E+01  0.294050E+02  0.178570E+01
  0.334526E+01  0.275400E+02  0.176594E+01
  0.334745E+01  0.300450E+02  0.178024E+01
  0.334964E+01  0.300900E+02  0.178485E+01
  0.335183E+01  0.272100E+02  0.177731E+01
  0.335402E+01  0.293050E+02  0.178742E+01
  0.335621E+01  0.281150E+02  0.176896E+01
  0.335840E+01  0.283850E+02  0.178704E+01
  0.336059E+01  0.300550E+02  0.178290E+01
  0.336279E+01  0.282800E+02  0.177708E+01
  0.336498E+01  0.290950E+02  0.178638E+01
  0.336717E+01  0.280900E+02  0.177358E+01
  0.336936E+01  0.265100E+02  0.179074E+01
  0.337155E+01  0.292450E+02  0.177632E+01
  0.337374E+01  0.293700E+02  0.177986E+01
  0.337593E+01  0.282700E+02  0.179038E+01
  0.337812E+01  0.274300E+02  0.177380E+01
  0.338031E+01  0.282050E+02  0.179095E+01
  0.338250E+01  0.275750E+02  0.177281E+01
  0.338469E+01  0.284650E+02  0.178568E+01
  0.338688E+01  0.296100E+02  0.178824E+01
  0.338907E+01  0.316000E+02  0.178225E+01
  0.339126E+01  0.307850E+02  0.178858E+01
  0.339345E+01  0.301250E+02  0.177859E+01
  0.339564E+01  0.308600E+02  0.178600E+01
  0.339783E+01  0.267050E+02  0.178524E+01
  0.340002E+01  0.287300E+02  0.178008E+01
  0.340221E+01  0.290350E+02  0.178271E+01
  0.340440E+01  0.330050E+02  0.178660E+01
  0.340659E+01  0.286350E+02  0.179224E+01
  0.340878E+01  0.277700E+02  0.178369E+01
  0.341097E+01  0.286600E+02  0.178068E+01
  0.341316E+01  0.281650E+02  0.179022E+01
  0.341535E+01  0.303800E+02  0.178222E+01
  0.341755E+01  0.290300E+02  0.179253E+01
  0.341974E+01  0.285750E+02  0.177861E+01
  0.342193E+01  0.282400E+02  0.178775E+01
  0.342412E+01  0.294650E+02  0.179011E+01
  0.342631E+01  0.288050E+02  0.178548E+01
  0.342850E+01  0.281150E+02  0.178684E+01
  0.343069E+01  0.297250E+02  0.178152E+01
  0.343288E+01  0.302200E+02  0.178736E+01
  0.343507E+01  0.281350E+02  0.179095E+01
  0.343726E+01  0.251050E+02  0.178087E+01
  0.343945E+01  0.274650E+02  0.178819E+01
  0.344164E+01  0.276800E+02  0.178112E+01
  0.344383E+01  0.277700E+02  0.179568E+01
  0.344602E+01  0.281150E+02  0.178736E+01
  0.344821E+01  0.278800E+02  0.178850E+01
  0.345040E+01  0.284100E+02  0.179199E+01
  0.345259E+01  0.279400E+02  0.178600E+01
  0.345478E+01  0.286650E+02  0.179479E+01
  0.345697E+01  0.307300E+02  0.178514E+01
  0.345916E+01  0.313150E+02  0.179289E+01
  0.346135E+01  0.308950E+02  0.179035E+01
  0.346354E+01  0.325000E+02  0.179021E+01
  0.346573E+01  0.303700E+02  0.179166E+01
  0.346792E+01  0.299100E+02  0.178316E+01
  0.347012E+01  0.268050E+02  0.180006E+01
  0.347231E+01  0.235300E+02  0.178716E+01
  0.347450E+01  0.267100E+02  0.179098E+01
  0.347669E+01  0.297050E+02  0.178835E+01
  0.347888E+01  0.297600E+02  0.179220E+01
  0.348107E+01  0.280200E+02  0.179703E+01
  0.348326E+01  0.262800E+02  0.178470E+01
  0.348545E+01  0.310450E+02  0.179264E+01
  0.348764E+01  0.323800E+02  0.178932E+01
  0.348983E+01  0.277200E+02  0.179786E+01
  0.349202E+01  0.261150E+02  0.179094E+01
  0.349421E+01  0.293450E+02  0.178448E+01
  0.349640E+01  0.284550E+02  0.179999E+01
  0.349859E+01  0.294450E+02  0.179358E+01
  0.350078E+01  0.293250E+02  0.180356E+01
  0.350297E+01  0.312200E+02  0.179131E+01
  0.350516E+01  0.309150E+02  0.179008E+01
  0.350735E+01  0.275950E+02  0.180079E+01
  0.350954E+01  0.270100E+02  0.179860E+01
  0.351173E+01  0.248850E+02  0.179312E+01
  0.351392E+01  0.221600E+02  0.179387E+01
  0.351611E+01  0.261500E+02  0.179761E+01
  0.351830E+01  0.303900E+02  0.180392E+01
  0.352049E+01  0.303450E+02  0.179284E+01
  0.352268E+01  0.281400E+02  0.179170E+01
  0.352488E+01  0.284000E+02  0.179981E+01
  0.352707E+01  0.303050E+02  0.180268E+01
  0.352926E+01  0.285650E+02  0.180245E+01
  0.353145E+01  0.277200E+02  0.179135E+01
  0.353364E+01  0.264900E+02  0.179856E+01
  0.353583E+01  0.270900E+02  0.180247E+01
  0.353802E+01  0.285950E+02  0.180312E+01
  0.354021E+01  0.296200E+02  0.179825E+01
  0.354240E+01  0.282800E+02  0.179969E+01
  0.354459E+01  0.269450E+02  0.179909E+01
  0.354678E+01  0.300600E+02  0.180544E+01
  0.354897E+01  0.293000E+02  0.179299E+01
  0.355116E+01  0.292750E+02  0.180450E+01
  0.355335E+01  0.277600E+02  0.180502E+01
  0.355554E+01  0.282350E+02  0.180360E+01
  0.355773E+01  0.294800E+02  0.180449E+01
  0.355992E+01  0.283900E+02  0.179952E+01
  0.356211E+01  0.276700E+02  0.180504E+01
  0.356430E+01  0.278950E+02  0.180914E+01
  0.356649E+01  0.286750E+02  0.180561E+01
  0.356868E+01  0.285000E+02  0.180242E+01
  0.357087E+01  0.252900E+02  0.180938E+01
  0.357306E+01  0.272900E+02  0.180184E+01
  0.357525E+01  0.288700E+02  0.181036E+01
  0.357744E+01  0.272700E+02  0.180270E+01
  0.357964E+01  0.281750E+02  0.180692E+01
  0.358183E+01  0.291900E+02  0.181359E+01
  0.358402E+01  0.265300E+02  0.181100E+01
  0.358621E+01  0.261400E+02  0.180554E+01
  0.358840E+01  0.289450E+02  0.180563E+01
  0.359059E+01  0.267650E+02  0.181245E+01
  0.359278E+01  0.244600E+02  0.181098E+01
  0.359497E+01  0.260550E+02  0.180416E+01
  0.359716E+01  0.251800E+02  0.180822E+01
  0.359935E+01  0.255150E+02  0.181313E+01
  0.360154E+01  0.305050E+02  0.181499E+01
  0.360373E+01  0.319400E+02  0.181183E+01
  0.360592E+01  0.303900E+02  0.180453E+01
  0.360811E+01  0.265800E+02  0.181419E+01
  0.361030E+01  0.247750E+02  0.181306E+01
  0.361249E+01  0.250600E+02  0.181157E+01
  0.361468E+01  0.248800E+02  0.180812E+01
  0.361687E+01  0.261400E+02  0.180971E+01
  0.361906E+01  0.261000E+02  0.181678E+01
  0.362125E+01  0.256750E+02  0.181362E+01
  0.362344E+01  0.253850E+02  0.181356E+01
  0.362563E+01  0.265500E+02  0.181456E+01
  0.362782E+01  0.278950E+02  0.181437E+01
  0.363001E+01  0.254050E+02  0.182090E+01
  0.363221E+01  0.246100E+02  0.181161E+01
  0.363440E+01  0.242900E+02  0.181369E+01
  0.363659E+01  0.271250E+02  0.181924E+01
  0.363878E+01  0.247500E+02  0.181932E+01
  0.364097E+01  0.259850E+02  0.181436E+01
  0.364316E+01  0.283750E+02  0.181298E+01
  0.364535E+01  0.258700E+02  0.181832E+01
  0.364754E+01  0.304000E+02  0.182213E+01
  0.364973E+01  0.270700E+02  0.182113E+01
  0.365192E+01  0.288650E+02  0.181617E+01
  0.365411E+01  0.266800E+02  0.181883E+01
  0.365630E+01  0.271050E+02  0.182414E+01
  0.365849E+01  0.247250E+02  0.182080E+01
  0.366068E+01  0.271950E+02  0.181621E+01
  0.366287E+01  0.274600E+02  0.182265E+01
  0.366506E+01  0.254800E+02  0.182071E+01
  0.366725E+01  0.249200E+02  0.182519E+01
  0.366944E+01  0.273350E+02  0.182161E+01
  0.367163E+01  0.280150E+02  0.182336E+01
  0.367382E+01  0.275000E+02  0.182598E+01
  0.367601E+01  0.266750E+02  0.182973E+01
  0.367820E+01  0.279500E+02  0.182427E+01
  0.368039E+01  0.258000E+02  0.182109E+01
  0.368258E+01  0.257250E+02  0.182736E+01
  0.368477E+01  0.267250E+02  0.182688E+01
  0.368697E+01  0.263700E+02  0.183010E+01
  0.368916E+01  0.286100E+02  0.182255E+01
  0.369135E+01  0.293950E+02  0.183159E+01
  0.369354E+01  0.281550E+02  0.183060E+01
  0.369573E+01  0.261050E+02  0.183083E+01
  0.369792E+01  0.269550E+02  0.182588E+01
  0.370011E+01  0.258900E+02  0.183646E+01
  0.370230E+01  0.268050E+02  0.183221E+01
  0.370449E+01  0.263150E+02  0.183021E+01
  0.370668E+01  0.272100E+02  0.182913E+01
  0.370887E+01  0.272050E+02  0.182784E+01
  0.371106E+01  0.277800E+02  0.183698E+01
  0.371325E+01  0.229800E+02  0.183986E+01
  0.371544E+01  0.248600E+02  0.183664E+01
  0.371763E+01  0.259350E+02  0.183592E+01
  0.371982E+01  0.258900E+02  0.183206E+01
  0.372201E+01  0.271450E+02  0.183699E+01
  0.372420E+01  0.294450E+02  0.183355E+01
  0.372639E+01  0.258250E+02  0.183325E+01
  0.372858E+01  0.267600E+02  0.184608E+01
  0.373077E+01  0.266950E+02  0.184502E+01
  0.373296E+01  0.252900E+02  0.184009E+01
  0.373515E+01  0.271100E+02  0.183219E+01
  0.373734E+01  0.257350E+02  0.183940E+01
  0.373954E+01  0.240650E+02  0.184341E+01
  0.374173E+01  0.245000E+02  0.184746E+01
  0.374392E+01  0.258700E+02  0.183885E+01
  0.374611E+01  0.268050E+02  0.184093E+01
  0.374830E+01  0.244650E+02  0.184434E+01
  0.375049E+01  0.242750E+02  0.184624E+01
  0.375268E+01  0.260700E+02  0.183859E+01
  0.375487E+01  0.270750E+02  0.184209E+01
  0.375706E+01  0.246650E+02  0.185070E+01
  0.375925E+01  0.232250E+02  0.185409E+01
  0.376144E+01  0.289750E+02  0.184716E+01
  0.376363E+01  0.290250E+02  0.184359E+01
  0.376582E+01  0.247700E+02  0.185210E+01
  0.376801E+01  0.244400E+02  0.185541E+01
  0.377020E+01  0.245300E+02  0.185214E+01
  0.377239E+01  0.227800E+02  0.184531E+01
  0.377458E+01  0.240600E+02  0.185192E+01
  0.377677E+01  0.226200E+02  0.185447E+01
  0.377896E+01  0.235350E+02  0.185338E+01
  0.378115E+01  0.220700E+02  0.185189E+01
  0.378334E+01  0.254250E+02  0.185566E+01
  0.378553E+01  0.269250E+02  0.186115E+01
  0.378772E+01  0.262350E+02  0.185868E+01
  0.378991E+01  0.250050E+02  0.184810E+01
  0.379210E+01  0.231100E+02  0.185346E+01
  0.379430E+01  0.249150E+02  0.185676E+01
  0.379649E+01  0.226200E+02  0.186723E+01
  0.379868E+01  0.229400E+02  0.186237E+01
  0.380087E+01  0.258150E+02  0.185171E+01
  0.380306E+01  0.280550E+02  0.186080E+01
  0.380525E+01  0.261250E+02  0.186197E+01
  0.380744E+01  0.227050E+02  0.186465E+01
  0.380963E+01  0.243950E+02  0.185937E+01
  0.381182E+01  0.277700E+02  0.186662E+01
  0.381401E+01  0.260750E+02  0.187176E+01
  0.381620E+01  0.281700E+02  0.186195E+01
  0.381839E+01  0.245650E+02  0.186623E+01
  0.382058E+01  0.238750E+02  0.186585E+01
  0.382277E+01  0.235600E+02  0.186768E+01
  0.382496E+01  0.248500E+02  0.187692E+01
  0.382715E+01  0.242700E+02  0.186185E+01
  0.382934E+01  0.227800E+02  0.186454E+01
  0.383153E+01  0.239250E+02  0.187172E+01
  0.383372E+01  0.217700E+02  0.187536E+01
  0.383591E+01  0.234000E+02  0.187392E+01
  0.383810E+01  0.222150E+02  0.186937E+01
  0.384029E+01  0.241100E+02  0.187605E+01
  0.384248E+01  0.225550E+02  0.187979E+01
  0.384467E+01  0.224250E+02  0.187419E+01
  0.384686E+01  0.210600E+02  0.187240E+01
  0.384906E+01  0.226250E+02  0.187744E+01
  0.385125E+01  0.243200E+02  0.187957E+01
  0.385344E+01  0.249700E+02  0.187990E+01
  0.385563E+01  0.246050E+02  0.187249E+01
  0.385782E+01  0.254600E+02  0.187554E+01
  0.386001E+01  0.273250E+02  0.188425E+01
  0.386220E+01  0.277550E+02  0.188402E+01
  0.386439E+01  0.279650E+02  0.188471E+01
  0.386658E+01  0.274050E+02  0.188016E+01
  0.386877E+01  0.245950E+02  0.189012E+01
  0.387096E+01  0.267650E+02  0.189314E+01
  0.387315E+01  0.266150E+02  0.188995E+01
  0.387534E+01  0.282550E+02  0.187988E+01
  0.387753E+01  0.280650E+02  0.188990E+01
  0.387972E+01  0.274400E+02  0.189446E+01
  0.388191E+01  0.270900E+02  0.188424E+01
  0.388410E+01  0.245150E+02  0.188426E+01
  0.388629E+01  0.247050E+02  0.188862E+01
  0.388848E+01  0.269300E+02  0.189768E+01
  0.389067E+01  0.263300E+02  0.189403E+01
  0.389286E+01  0.245950E+02  0.189343E+01
  0.389505E+01  0.230300E+02  0.189210E+01
  0.389724E+01  0.255900E+02  0.189401E+01
  0.389943E+01  0.236650E+02  0.190180E+01
  0.390163E+01  0.210050E+02  0.189688E+01
  0.390382E+01  0.252950E+02  0.189743E+01
  0.390601E+01  0.257550E+02  0.190688E+01
  0.390820E+01  0.262250E+02  0.190879E+01
  0.391039E+01  0.220400E+02  0.189441E+01
  0.391258E+01  0.224850E+02  0.189696E+01
  0.391477E+01  0.242400E+02  0.190987E+01
  0.391696E+01  0.231350E+02  0.190879E+01
  0.391915E+01  0.249950E+02  0.190377E+01
  0.392134E+01  0.203650E+02  0.190491E+01
  0.392353E+01  0.205300E+02  0.190828E+01
  0.392572E+01  0.227800E+02  0.190860E+01
  0.392791E+01  0.218350E+02  0.191521E+01
  0.393010E+01  0.236750E+02  0.191317E+01
  0.393229E+01  0.223300E+02  0.191247E+01
  0.393448E+01  0.235850E+02  0.191822E+01
  0.393667E+01  0.211950E+02  0.191319E+01
  0.393886E+01  0.223650E+02  0.191432E+01
  0.394105E+01  0.230350E+02  0.191771E+01
  0.394324E+01  0.243600E+02  0.192342E+01
  0.394543E+01  0.248750E+02  0.193140E+01
  0.394762E+01  0.268850E+02  0.191773E+01
  0.394981E+01  0.241450E+02  0.191759E+01
  0.395200E+01  0.217250E+02  0.192135E+01
  0.395419E+01  0.215400E+02  0.193113E+01
  0.395639E+01  0.212950E+02  0.192380E+01
  0.395858E+01  0.224950E+02  0.192553E+01
  0.396077E+01  0.234950E+02  0.193308E+01
  0.396296E+01  0.239000E+02  0.193383E+01
  0.396515E+01  0.261950E+02  0.192707E+01
  0.396734E+01  0.228850E+02  0.192923E+01
  0.396953E+01  0.213800E+02  0.193204E+01
  0.397172E+01  0.237650E+02  0.193762E+01
  0.397391E+01  0.211950E+02  0.194197E+01
  0.397610E+01  0.197850E+02  0.193524E+01
  0.397829E+01  0.206450E+02  0.193656E+01
  0.398048E+01  0.198800E+02  0.194440E+01
  0.398267E+01  0.208900E+02  0.194208E+01
  0.398486E+01  0.211450E+02  0.193328E+01
  0.398705E+01  0.259650E+02  0.194188E+01
  0.398924E+01  0.250450E+02  0.194573E+01
  0.399143E+01  0.262200E+02  0.194766E+01
  0.399362E+01  0.271200E+02  0.194605E+01
  0.399581E+01  0.276600E+02  0.194343E+01
  0.399800E+01  0.256150E+02  0.195436E+01
  0.400019E+01  0.251750E+02  0.195625E+01
  0.400238E+01  0.272550E+02  0.195352E+01
  0.400457E+01  0.248500E+02  0.194693E+01
  0.400676E+01  0.254950E+02  0.196047E+01
  0.400895E+01  0.240250E+02  0.196136E+01
  0.401115E+01  0.271550E+02  0.196329E+01
  0.401334E+01  0.245150E+02  0.196078E+01
  0.401553E+01  0.267350E+02  0.196010E+01
  0.401772E+01  0.265750E+02  0.197025E+01
  0.401991E+01  0.234350E+02  0.196241E+01
  0.402210E+01  0.249450E+02  0.195148E+01
  0.402429E+01  0.244750E+02  0.196651E+01
  0.402648E+01  0.239450E+02  0.197565E+01
  0.402867E+01  0.211450E+02  0.197543E+01
  0.403086E+01  0.252100E+02  0.197004E+01
  0.403305E+01  0.262450E+02  0.196416E+01
  0.403524E+01  0.226200E+02  0.197716E+01
  0.403743E+01  0.258300E+02  0.197606E+01
  0.403962E+01  0.245450E+02  0.197381E+01
  0.404181E+01  0.222800E+02  0.197387E+01
  0.404400E+01  0.211450E+02  0.197821E+01
  0.404619E+01  0.215700E+02  0.197513E+01
  0.404838E+01  0.216950E+02  0.198256E+01
  0.405057E+01  0.231700E+02  0.197840E+01
  0.405276E+01  0.259300E+02  0.198182E+01
  0.405495E+01  0.241200E+02  0.198578E+01
  0.405714E+01  0.244400E+02  0.197871E+01
  0.405933E+01  0.240100E+02  0.198141E+01
  0.406152E+01  0.222300E+02  0.198178E+01
  0.406372E+01  0.211500E+02  0.198962E+01
  0.406591E+01  0.231950E+02  0.199064E+01
  0.406810E+01  0.251150E+02  0.199207E+01
  0.407029E+01  0.236700E+02  0.198566E+01
  0.407248E+01  0.215200E+02  0.199196E+01
  0.407467E+01  0.210500E+02  0.199387E+01
  0.407686E+01  0.227250E+02  0.199552E+01
  0.407905E+01  0.247750E+02  0.199092E+01
  0.408124E+01  0.242750E+02  0.200178E+01
  0.408343E+01  0.241200E+02  0.199917E+01
  0.408562E+01  0.229300E+02  0.200637E+01
  0.408781E+01  0.213050E+02  0.199692E+01
  0.409000E+01  0.235550E+02  0.199888E+01
  0.409219E+01  0.252450E+02  0.200794E+01
  0.409438E+01  0.248300E+02  0.200865E+01
  0.409657E+01  0.226150E+02  0.200183E+01
  0.409876E+01  0.243950E+02  0.200598E+01
  0.410095E+01  0.210200E+02  0.200947E+01
  0.410314E+01  0.234050E+02  0.201360E+01
  0.410533E+01  0.239450E+02  0.201786E+01
  0.410752E+01  0.227200E+02  0.201091E+01
  0.410971E+01  0.200600E+02  0.202347E+01
  0.411190E+01  0.211900E+02  0.201865E+01
  0.411409E+01  0.228050E+02  0.202397E+01
  0.411628E+01  0.228350E+02  0.202013E+01
  0.411848E+01  0.249500E+02  0.202619E+01
  0.412067E+01  0.246200E+02  0.203430E+01
  0.412286E+01  0.241050E+02  0.203466E+01
  0.412505E+01  0.229950E+02  0.201638E+01
  0.412724E+01  0.214450E+02  0.202619E+01
  0.412943E+01  0.213850E+02  0.203127E+01
  0.413162E+01  0.229800E+02  0.203447E+01
  0.413381E+01  0.220450E+02  0.203129E+01
  0.413600E+01  0.234750E+02  0.204547E+01
  0.413819E+01  0.222850E+02  0.204693E+01
  0.414038E+01  0.210700E+02  0.204578E+01
  0.414257E+01  0.209100E+02  0.205742E+01
  0.414476E+01  0.216350E+02  0.205264E+01
  0.414695E+01  0.194650E+02  0.206326E+01
  0.414914E+01  0.200350E+02  0.206934E+01
  0.415133E+01  0.211550E+02  0.207046E+01
  0.415352E+01  0.220400E+02  0.206165E+01
  0.415571E+01  0.202300E+02  0.208083E+01
  0.415790E+01  0.216150E+02  0.208518E+01
  0.416009E+01  0.208950E+02  0.208697E+01
  0.416228E+01  0.204400E+02  0.208588E+01
  0.416447E+01  0.233750E+02  0.208090E+01
  0.416666E+01  0.217000E+02  0.209124E+01
  0.416885E+01  0.223450E+02  0.209199E+01
  0.417104E+01  0.212600E+02  0.209002E+01
  0.417324E+01  0.217700E+02  0.210458E+01
  0.417543E+01  0.235300E+02  0.210791E+01
  0.417762E+01  0.251300E+02  0.211012E+01
  0.417981E+01  0.245500E+02  0.210791E+01
  0.418200E+01  0.228100E+02  0.210431E+01
  0.418419E+01  0.225900E+02  0.211486E+01
  0.418638E+01  0.207950E+02  0.211895E+01
  0.418857E+01  0.192900E+02  0.212343E+01
  0.419076E+01  0.209250E+02  0.213120E+01
  0.419295E+01  0.220100E+02  0.211854E+01
  0.419514E+01  0.232250E+02  0.213408E+01
  0.419733E+01  0.218150E+02  0.212957E+01
  0.419952E+01  0.239150E+02  0.213226E+01
  0.420171E+01  0.266350E+02  0.214453E+01
  0.420390E+01  0.284800E+02  0.214407E+01
  0.420609E+01  0.264600E+02  0.214429E+01
  0.420828E+01  0.208500E+02  0.214640E+01
  0.421047E+01  0.227850E+02  0.215004E+01
  0.421266E+01  0.237300E+02  0.215458E+01
  0.421485E+01  0.219800E+02  0.216016E+01
  0.421704E+01  0.218400E+02  0.215968E+01
  0.421923E+01  0.234150E+02  0.216766E+01
  0.422142E+01  0.226750E+02  0.216702E+01
  0.422361E+01  0.212300E+02  0.217285E+01
  0.422581E+01  0.240250E+02  0.217447E+01
  0.422800E+01  0.263900E+02  0.218077E+01
  0.423019E+01  0.245700E+02  0.218456E+01
  0.423238E+01  0.249200E+02  0.218056E+01
  0.423457E+01  0.228600E+02  0.218489E+01
  0.423676E+01  0.239500E+02  0.219615E+01
  0.423895E+01  0.234650E+02  0.219874E+01
  0.424114E+01  0.232750E+02  0.220292E+01
  0.424333E+01  0.204000E+02  0.220521E+01
  0.424552E+01  0.201000E+02  0.220855E+01
  0.424771E+01  0.219200E+02  0.220965E+01
  0.424990E+01  0.236700E+02  0.221144E+01
  0.425209E+01  0.220650E+02  0.221751E+01
  0.425428E+01  0.196750E+02  0.222130E+01
  0.425647E+01  0.214750E+02  0.222546E+01
  0.425866E+01  0.244900E+02  0.223258E+01
  0.426085E+01  0.226350E+02  0.223346E+01
  0.426304E+01  0.221650E+02  0.223742E+01
  0.426523E+01  0.252300E+02  0.224831E+01
  0.426742E+01  0.261500E+02  0.224444E+01
  0.426961E+01  0.253350E+02  0.225582E+01
  0.427180E+01  0.219150E+02  0.225189E+01
  0.427399E+01  0.249200E+02  0.225409E+01
  0.427618E+01  0.225200E+02  0.225844E+01
  0.427837E+01  0.211300E+02  0.226526E+01
  0.428057E+01  0.220550E+02  0.227014E+01
  0.428276E+01  0.192900E+02  0.227817E+01
  0.428495E+01  0.201300E+02  0.227852E+01
  0.428714E+01  0.228850E+02  0.228385E+01
  0.428933E+01  0.198350E+02  0.227625E+01
  0.429152E+01  0.242850E+02  0.228949E+01
  0.429371E+01  0.213700E+02  0.229777E+01
  0.429590E+01  0.208650E+02  0.229864E+01
  0.429809E+01  0.197950E+02  0.231087E+01
  0.430028E+01  0.225700E+02  0.230984E+01
  0.430247E+01  0.247200E+02  0.230803E+01
  0.430466E+01  0.223200E+02  0.231840E+01
  0.430685E+01  0.230200E+02  0.231604E+01
  0.430904E+01  0.252400E+02  0.232533E+01
  0.431123E+01  0.245100E+02  0.233147E+01
  0.431342E+01  0.251600E+02  0.233683E+01
  0.431561E+01  0.206550E+02  0.234459E+01
  0.431780E+01  0.232350E+02  0.234881E+01
  0.431999E+01  0.219350E+02  0.235190E+01
  0.432218E+01  0.227450E+02  0.235873E+01
  0.432437E+01  0.246150E+02  0.236295E+01
  0.432656E+01  0.247450E+02  0.236933E+01
  0.432875E+01  0.217350E+02  0.237701E+01
  0.433094E+01  0.196800E+02  0.237582E+01
  0.433314E+01  0.223900E+02  0.238757E+01
  0.433533E+01  0.199750E+02  0.239423E+01
  0.433752E+01  0.180000E+02  0.240053E+01
  0.433971E+01  0.178750E+02  0.240167E+01
  0.434190E+01  0.214800E+02  0.241170E+01
  0.434409E+01  0.271400E+02  0.241356E+01
  0.434628E+01  0.220100E+02  0.241920E+01
  0.434847E+01  0.210950E+02  0.243985E+01
  0.435066E+01  0.210200E+02  0.243880E+01
  0.435285E+01  0.254400E+02  0.245957E+01
  0.435504E+01  0.212550E+02  0.245993E+01
  0.435723E+01  0.226200E+02  0.245822E+01
  0.435942E+01  0.212100E+02  0.247097E+01
  0.436161E+01  0.199850E+02  0.247306E+01
  0.436380E+01  0.186850E+02  0.248234E+01
  0.436599E+01  0.232150E+02  0.249853E+01
  0.436818E+01  0.244000E+02  0.250369E+01
  0.437037E+01  0.228950E+02  0.251331E+01
  0.437256E+01  0.228750E+02  0.252033E+01
  0.437475E+01  0.225200E+02  0.252479E+01
  0.437694E+01  0.230300E+02  0.253498E+01
  0.437913E+01  0.228600E+02  0.253714E+01
  0.438132E+01  0.248500E+02  0.254567E+01
  0.438351E+01  0.225400E+02  0.255505E+01
  0.438570E+01  0.210600E+02  0.256017E+01
  0.438790E+01  0.236550E+02  0.257541E+01
  0.439009E+01  0.267100E+02  0.258736E+01
  0.439228E+01  0.220150E+02  0.259654E+01
  0.439447E+01  0.215700E+02  0.260918E+01
  0.439666E+01  0.244250E+02  0.261411E+01
  0.439885E+01  0.242050E+02  0.261896E+01
  0.440104E+01  0.227650E+02  0.264067E+01
  0.440323E+01  0.221150E+02  0.265380E+01
  0.440542E+01  0.224150E+02  0.264910E+01
  0.440761E+01  0.213150E+02  0.266147E+01
  0.440980E+01  0.243350E+02  0.267904E+01
  0.441199E+01  0.253850E+02  0.269480E+01
  0.441418E+01  0.222500E+02  0.269245E+01
  0.441637E+01  0.257550E+02  0.271973E+01
  0.441856E+01  0.246450E+02  0.272518E+01
  0.442075E+01  0.217200E+02  0.274253E+01
  0.442294E+01  0.216250E+02  0.275052E+01
  0.442513E+01  0.224350E+02  0.276527E+01
  0.442732E+01  0.216050E+02  0.276789E+01
  0.442951E+01  0.243550E+02  0.279675E+01
  0.443170E+01  0.262300E+02  0.281885E+01
  0.443389E+01  0.288700E+02  0.284728E+01
  0.443608E+01  0.241800E+02  0.287250E+01
  0.443827E+01  0.217450E+02  0.291202E+01
  0.444046E+01  0.241000E+02  0.293150E+01
  0.444266E+01  0.235950E+02  0.296531E+01
  0.444485E+01  0.222450E+02  0.298876E+01
  0.444704E+01  0.252600E+02  0.302511E+01
----------C:\Users2005\Crowley.405\data\peter_039.dat-----------------------------
 Processed by MAR-PRIMUS 12-Apr-2005                                            
 REMARK: REMARK PC c=20 g/l 111.9 mA / 1.35 / 5.70 / 0.300                      
 MAR Data File: peter_039.mar2300                                               
 Date of mar file DATE Mon Apr 11 22:10:31 2005                                 
 Exposure time    300.000000000000                                              
 MAR SIZE         2300 MAR COUNTS     561.280029000000                          
 Channels from            1  to         2403  Angular axis file                 
 saxis_11042005.dat                                                             
 BeamCenter_X=    2093.400       BeamCenter_Y=    1119.900                      
 Datector response file none Mask file mask_11042005.msk                        
 Calibration channel            3                                               
 Scale factor   10000000.0000000       Offset    1000.00000000000               
----------C:\Users2005\Crowley.405\data\Avrag22.dat-----------------------------
 Average of: peter_038.  peter_040.                                             
peter_038.da  Conc = .10E+01  Mult = .10E+01  N1 =    1  N2 = 1987  SCALE =  1  
peter_040.da  Conc = .10E+01  Mult = .10E+01  N1 =    1  N2 = 1987  SCALE =  1  
