 17-Sep-2012       (dar_019.dat - 1.0*Aver(dar_018.dat,dar_020.dat) / 25.6400 
 dar_019.dat  Conc = .26E+02  N1 =    1  N2 = 2168
 dar_018.dat  Conc = 0.0d+0   N1 =    1  N2 = 2168
 dar_020.dat  Conc = 0.0d+0   N1 =    1  N2 = 2168
  0.871252E-01  0.565729E+02  0.378578E+01
  0.898592E-01  0.580470E+02  0.136662E+01
  0.925932E-01  0.576724E+02  0.113788E+01
  0.953273E-01  0.577174E+02  0.104494E+01
  0.980613E-01  0.579282E+02  0.931346E+00
  0.100795E+00  0.582262E+02  0.867503E+00
  0.103529E+00  0.571213E+02  0.792641E+00
  0.106263E+00  0.581082E+02  0.752997E+00
  0.108998E+00  0.575593E+02  0.684597E+00
  0.111732E+00  0.573346E+02  0.649138E+00
  0.114466E+00  0.570957E+02  0.618522E+00
  0.117200E+00  0.567906E+02  0.583120E+00
  0.119934E+00  0.566669E+02  0.552015E+00
  0.122668E+00  0.568105E+02  0.523486E+00
  0.125402E+00  0.560351E+02  0.500767E+00
  0.128136E+00  0.567865E+02  0.488849E+00
  0.130870E+00  0.562958E+02  0.463120E+00
  0.133604E+00  0.568274E+02  0.453508E+00
  0.136338E+00  0.565877E+02  0.431612E+00
  0.139072E+00  0.565196E+02  0.418777E+00
  0.141806E+00  0.561244E+02  0.402677E+00
  0.144540E+00  0.558743E+02  0.393084E+00
  0.147274E+00  0.559417E+02  0.386351E+00
  0.150008E+00  0.555966E+02  0.370296E+00
  0.152742E+00  0.555864E+02  0.364527E+00
  0.155476E+00  0.554708E+02  0.352264E+00
  0.158210E+00  0.551056E+02  0.346902E+00
  0.160944E+00  0.552487E+02  0.337714E+00
  0.163678E+00  0.549386E+02  0.332561E+00
  0.166412E+00  0.550366E+02  0.325754E+00
  0.169146E+00  0.550926E+02  0.320021E+00
  0.171881E+00  0.547831E+02  0.315019E+00
  0.174615E+00  0.545723E+02  0.308374E+00
  0.177349E+00  0.542076E+02  0.302477E+00
  0.180083E+00  0.539556E+02  0.295579E+00
  0.182817E+00  0.539450E+02  0.294211E+00
  0.185551E+00  0.535868E+02  0.290168E+00
  0.188285E+00  0.536400E+02  0.284223E+00
  0.191019E+00  0.532508E+02  0.279531E+00
  0.193753E+00  0.533414E+02  0.278252E+00
  0.196487E+00  0.532324E+02  0.274480E+00
  0.199221E+00  0.528833E+02  0.271927E+00
  0.201955E+00  0.528317E+02  0.264992E+00
  0.204689E+00  0.526081E+02  0.264745E+00
  0.207423E+00  0.525889E+02  0.261947E+00
  0.210157E+00  0.522830E+02  0.261019E+00
  0.212891E+00  0.519639E+02  0.257435E+00
  0.215625E+00  0.520002E+02  0.254221E+00
  0.218359E+00  0.513724E+02  0.253719E+00
  0.221093E+00  0.512799E+02  0.249757E+00
  0.223827E+00  0.514271E+02  0.249342E+00
  0.226561E+00  0.510415E+02  0.247286E+00
  0.229295E+00  0.508388E+02  0.244223E+00
  0.232029E+00  0.510743E+02  0.246342E+00
  0.234764E+00  0.510046E+02  0.241687E+00
  0.237498E+00  0.509982E+02  0.243826E+00
  0.240232E+00  0.506658E+02  0.239833E+00
  0.242966E+00  0.501145E+02  0.237419E+00
  0.245700E+00  0.501181E+02  0.237884E+00
  0.248434E+00  0.497109E+02  0.232007E+00
  0.251168E+00  0.494564E+02  0.233108E+00
  0.253902E+00  0.494776E+02  0.231198E+00
  0.256636E+00  0.490225E+02  0.228519E+00
  0.259370E+00  0.491825E+02  0.227917E+00
  0.262104E+00  0.486555E+02  0.224182E+00
  0.264838E+00  0.485424E+02  0.224960E+00
  0.267572E+00  0.484382E+02  0.222576E+00
  0.270306E+00  0.484994E+02  0.221574E+00
  0.273040E+00  0.477296E+02  0.218882E+00
  0.275774E+00  0.479086E+02  0.217229E+00
  0.278508E+00  0.476282E+02  0.217823E+00
  0.281242E+00  0.474955E+02  0.214622E+00
  0.283976E+00  0.473854E+02  0.214356E+00
  0.286710E+00  0.468731E+02  0.212552E+00
  0.289444E+00  0.466828E+02  0.210174E+00
  0.292178E+00  0.464805E+02  0.209473E+00
  0.294912E+00  0.462715E+02  0.207570E+00
  0.297647E+00  0.459851E+02  0.206196E+00
  0.300381E+00  0.457116E+02  0.205254E+00
  0.303115E+00  0.455659E+02  0.203917E+00
  0.305849E+00  0.453771E+02  0.202384E+00
  0.308583E+00  0.452534E+02  0.201728E+00
  0.311317E+00  0.449603E+02  0.199872E+00
  0.314051E+00  0.446810E+02  0.199000E+00
  0.316785E+00  0.445356E+02  0.196788E+00
  0.319519E+00  0.442893E+02  0.196474E+00
  0.322253E+00  0.440860E+02  0.195589E+00
  0.324987E+00  0.438108E+02  0.193897E+00
  0.327721E+00  0.436561E+02  0.192468E+00
  0.330455E+00  0.432837E+02  0.190965E+00
  0.333189E+00  0.432666E+02  0.190948E+00
  0.335923E+00  0.429423E+02  0.189916E+00
  0.338657E+00  0.426774E+02  0.187943E+00
  0.341391E+00  0.425520E+02  0.186209E+00
  0.344125E+00  0.421878E+02  0.185565E+00
  0.346859E+00  0.421478E+02  0.185028E+00
  0.349593E+00  0.418266E+02  0.184542E+00
  0.352327E+00  0.416084E+02  0.182203E+00
  0.355061E+00  0.415131E+02  0.181582E+00
  0.357795E+00  0.412227E+02  0.180755E+00
  0.360530E+00  0.409914E+02  0.180060E+00
  0.363264E+00  0.408385E+02  0.179648E+00
  0.365998E+00  0.406244E+02  0.177689E+00
  0.368732E+00  0.401962E+02  0.176480E+00
  0.371466E+00  0.400864E+02  0.176963E+00
  0.374200E+00  0.397750E+02  0.174094E+00
  0.376934E+00  0.396000E+02  0.174171E+00
  0.379668E+00  0.393307E+02  0.173022E+00
  0.382402E+00  0.391195E+02  0.172120E+00
  0.385136E+00  0.389314E+02  0.171575E+00
  0.387870E+00  0.387458E+02  0.169816E+00
  0.390604E+00  0.383783E+02  0.169337E+00
  0.393338E+00  0.382305E+02  0.168038E+00
  0.396072E+00  0.380113E+02  0.167491E+00
  0.398806E+00  0.378594E+02  0.166072E+00
  0.401540E+00  0.377886E+02  0.166498E+00
  0.404274E+00  0.374754E+02  0.165482E+00
  0.407008E+00  0.373319E+02  0.164373E+00
  0.409742E+00  0.370344E+02  0.162985E+00
  0.412476E+00  0.367829E+02  0.161870E+00
  0.415210E+00  0.365753E+02  0.161416E+00
  0.417944E+00  0.363972E+02  0.161188E+00
  0.420678E+00  0.360659E+02  0.158695E+00
  0.423413E+00  0.357086E+02  0.158139E+00
  0.426147E+00  0.355629E+02  0.156323E+00
  0.428881E+00  0.353495E+02  0.156484E+00
  0.431615E+00  0.349239E+02  0.154654E+00
  0.434349E+00  0.348891E+02  0.153976E+00
  0.437083E+00  0.346548E+02  0.153804E+00
  0.439817E+00  0.344662E+02  0.152331E+00
  0.442551E+00  0.341157E+02  0.151234E+00
  0.445285E+00  0.340331E+02  0.150188E+00
  0.448019E+00  0.337003E+02  0.149279E+00
  0.450753E+00  0.333666E+02  0.148401E+00
  0.453487E+00  0.331622E+02  0.146968E+00
  0.456221E+00  0.329553E+02  0.146656E+00
  0.458955E+00  0.327515E+02  0.144907E+00
  0.461689E+00  0.326184E+02  0.145132E+00
  0.464423E+00  0.323475E+02  0.144034E+00
  0.467157E+00  0.319145E+02  0.141439E+00
  0.469891E+00  0.319535E+02  0.142532E+00
  0.472625E+00  0.316969E+02  0.140882E+00
  0.475359E+00  0.315436E+02  0.140555E+00
  0.478093E+00  0.312298E+02  0.138850E+00
  0.480827E+00  0.309473E+02  0.137811E+00
  0.483561E+00  0.307914E+02  0.137833E+00
  0.486296E+00  0.306103E+02  0.136481E+00
  0.489030E+00  0.303785E+02  0.135948E+00
  0.491764E+00  0.299970E+02  0.133907E+00
  0.494498E+00  0.299198E+02  0.133469E+00
  0.497232E+00  0.296654E+02  0.133082E+00
  0.499966E+00  0.294911E+02  0.131995E+00
  0.502700E+00  0.292597E+02  0.130772E+00
  0.505434E+00  0.289460E+02  0.129747E+00
  0.508168E+00  0.290540E+02  0.130265E+00
  0.510902E+00  0.287805E+02  0.129505E+00
  0.513636E+00  0.285501E+02  0.127917E+00
  0.516370E+00  0.284368E+02  0.127914E+00
  0.519104E+00  0.282290E+02  0.127048E+00
  0.521838E+00  0.281774E+02  0.127033E+00
  0.524572E+00  0.278116E+02  0.125348E+00
  0.527306E+00  0.277439E+02  0.124612E+00
  0.530040E+00  0.274497E+02  0.124045E+00
  0.532774E+00  0.271599E+02  0.122241E+00
  0.535508E+00  0.273346E+02  0.123338E+00
  0.538242E+00  0.269665E+02  0.122034E+00
  0.540976E+00  0.268640E+02  0.121287E+00
  0.543710E+00  0.264001E+02  0.119823E+00
  0.546445E+00  0.262846E+02  0.118946E+00
  0.549179E+00  0.261497E+02  0.118429E+00
  0.551913E+00  0.256751E+02  0.116410E+00
  0.554647E+00  0.255285E+02  0.116208E+00
  0.557381E+00  0.253714E+02  0.115717E+00
  0.560115E+00  0.252519E+02  0.114393E+00
  0.562849E+00  0.249910E+02  0.113638E+00
  0.565583E+00  0.247536E+02  0.112906E+00
  0.568317E+00  0.246057E+02  0.112506E+00
  0.571051E+00  0.243585E+02  0.111086E+00
  0.573785E+00  0.241808E+02  0.110470E+00
  0.576519E+00  0.239729E+02  0.109567E+00
  0.579253E+00  0.236353E+02  0.108653E+00
  0.581987E+00  0.236741E+02  0.108330E+00
  0.584721E+00  0.235653E+02  0.108185E+00
  0.587455E+00  0.234644E+02  0.107659E+00
  0.590189E+00  0.230644E+02  0.106014E+00
  0.592923E+00  0.228544E+02  0.105607E+00
  0.595657E+00  0.226333E+02  0.104132E+00
  0.598391E+00  0.225321E+02  0.103817E+00
  0.601125E+00  0.222024E+02  0.102818E+00
  0.603859E+00  0.221741E+02  0.102511E+00
  0.606593E+00  0.219485E+02  0.101368E+00
  0.609328E+00  0.217856E+02  0.101033E+00
  0.612062E+00  0.214782E+02  0.996482E-01
  0.614796E+00  0.214056E+02  0.996648E-01
  0.617530E+00  0.212143E+02  0.983828E-01
  0.620264E+00  0.211898E+02  0.988069E-01
  0.622998E+00  0.208048E+02  0.971022E-01
  0.625732E+00  0.204706E+02  0.957620E-01
  0.628466E+00  0.204086E+02  0.951656E-01
  0.631200E+00  0.203153E+02  0.946290E-01
  0.633934E+00  0.199453E+02  0.938802E-01
  0.636668E+00  0.197643E+02  0.928131E-01
  0.639402E+00  0.196602E+02  0.923822E-01
  0.642136E+00  0.193776E+02  0.910171E-01
  0.644870E+00  0.194474E+02  0.913397E-01
  0.647604E+00  0.191410E+02  0.905759E-01
  0.650338E+00  0.189876E+02  0.897530E-01
  0.653072E+00  0.187766E+02  0.884842E-01
  0.655806E+00  0.185753E+02  0.884404E-01
  0.658540E+00  0.183526E+02  0.867926E-01
  0.661274E+00  0.183945E+02  0.877549E-01
  0.664008E+00  0.179845E+02  0.853813E-01
  0.666742E+00  0.179896E+02  0.854957E-01
  0.669476E+00  0.177592E+02  0.847270E-01
  0.672211E+00  0.176034E+02  0.840680E-01
  0.674945E+00  0.174240E+02  0.835973E-01
  0.677679E+00  0.172045E+02  0.820755E-01
  0.680413E+00  0.170677E+02  0.820878E-01
  0.683147E+00  0.168711E+02  0.814209E-01
  0.685881E+00  0.167384E+02  0.805406E-01
  0.688615E+00  0.166099E+02  0.803416E-01
  0.691349E+00  0.163892E+02  0.790414E-01
  0.694083E+00  0.163128E+02  0.789289E-01
  0.696817E+00  0.159840E+02  0.776370E-01
  0.699551E+00  0.158980E+02  0.768598E-01
  0.702285E+00  0.157304E+02  0.766191E-01
  0.705019E+00  0.155974E+02  0.762124E-01
  0.707753E+00  0.154508E+02  0.757230E-01
  0.710487E+00  0.152189E+02  0.742635E-01
  0.713221E+00  0.151922E+02  0.742643E-01
  0.715955E+00  0.150026E+02  0.737678E-01
  0.718689E+00  0.148325E+02  0.730814E-01
  0.721423E+00  0.147810E+02  0.728341E-01
  0.724157E+00  0.144038E+02  0.712564E-01
  0.726891E+00  0.142704E+02  0.705817E-01
  0.729625E+00  0.142365E+02  0.705446E-01
  0.732359E+00  0.140207E+02  0.696086E-01
  0.735094E+00  0.138577E+02  0.690470E-01
  0.737828E+00  0.136785E+02  0.679553E-01
  0.740562E+00  0.135712E+02  0.679546E-01
  0.743296E+00  0.134148E+02  0.672925E-01
  0.746030E+00  0.132376E+02  0.662076E-01
  0.748764E+00  0.130627E+02  0.655382E-01
  0.751498E+00  0.129290E+02  0.653141E-01
  0.754232E+00  0.128548E+02  0.650220E-01
  0.756966E+00  0.126388E+02  0.638629E-01
  0.759700E+00  0.125938E+02  0.638787E-01
  0.762434E+00  0.124608E+02  0.633477E-01
  0.765168E+00  0.123448E+02  0.629858E-01
  0.767902E+00  0.121595E+02  0.622128E-01
  0.770636E+00  0.120459E+02  0.617158E-01
  0.773370E+00  0.119045E+02  0.613796E-01
  0.776104E+00  0.118452E+02  0.611424E-01
  0.778838E+00  0.115935E+02  0.602300E-01
  0.781572E+00  0.115544E+02  0.598276E-01
  0.784306E+00  0.114221E+02  0.595938E-01
  0.787040E+00  0.113322E+02  0.596465E-01
  0.789774E+00  0.111328E+02  0.586554E-01
  0.792508E+00  0.109823E+02  0.581096E-01
  0.795242E+00  0.108472E+02  0.575955E-01
  0.797977E+00  0.107610E+02  0.573098E-01
  0.800711E+00  0.107031E+02  0.576745E-01
  0.803445E+00  0.105264E+02  0.563053E-01
  0.806179E+00  0.104678E+02  0.565371E-01
  0.808913E+00  0.102706E+02  0.556109E-01
  0.811647E+00  0.101222E+02  0.552013E-01
  0.814381E+00  0.100379E+02  0.546804E-01
  0.817115E+00  0.989033E+01  0.541420E-01
  0.819849E+00  0.978271E+01  0.541547E-01
  0.822583E+00  0.964306E+01  0.534840E-01
  0.825317E+00  0.947393E+01  0.528176E-01
  0.828051E+00  0.939215E+01  0.525115E-01
  0.830785E+00  0.929397E+01  0.518037E-01
  0.833519E+00  0.920241E+01  0.521154E-01
  0.836253E+00  0.905451E+01  0.511547E-01
  0.838987E+00  0.903595E+01  0.511667E-01
  0.841721E+00  0.889773E+01  0.509079E-01
  0.844455E+00  0.875484E+01  0.500299E-01
  0.847189E+00  0.869892E+01  0.501565E-01
  0.849923E+00  0.860127E+01  0.492012E-01
  0.852657E+00  0.838078E+01  0.489644E-01
  0.855391E+00  0.838655E+01  0.487946E-01
  0.858125E+00  0.827744E+01  0.486746E-01
  0.860860E+00  0.819108E+01  0.481761E-01
  0.863594E+00  0.804004E+01  0.472272E-01
  0.866328E+00  0.797613E+01  0.473376E-01
  0.869062E+00  0.788424E+01  0.470022E-01
  0.871796E+00  0.772177E+01  0.463821E-01
  0.874530E+00  0.771264E+01  0.462249E-01
  0.877264E+00  0.760077E+01  0.458933E-01
  0.879998E+00  0.750349E+01  0.456648E-01
  0.882732E+00  0.741330E+01  0.452337E-01
  0.885466E+00  0.727340E+01  0.445377E-01
  0.888200E+00  0.716756E+01  0.442841E-01
  0.890934E+00  0.714838E+01  0.440824E-01
  0.893668E+00  0.702976E+01  0.438988E-01
  0.896402E+00  0.696855E+01  0.435435E-01
  0.899136E+00  0.685589E+01  0.429371E-01
  0.901870E+00  0.681533E+01  0.428135E-01
  0.904604E+00  0.672032E+01  0.426568E-01
  0.907338E+00  0.655116E+01  0.418632E-01
  0.910072E+00  0.654305E+01  0.420574E-01
  0.912806E+00  0.644850E+01  0.415839E-01
  0.915540E+00  0.641868E+01  0.411704E-01
  0.918274E+00  0.631666E+01  0.412754E-01
  0.921009E+00  0.622752E+01  0.408177E-01
  0.923743E+00  0.612855E+01  0.404423E-01
  0.926477E+00  0.602674E+01  0.401892E-01
  0.929211E+00  0.595836E+01  0.393723E-01
  0.931945E+00  0.595559E+01  0.397714E-01
  0.934679E+00  0.586908E+01  0.393460E-01
  0.937413E+00  0.580749E+01  0.393024E-01
  0.940147E+00  0.573106E+01  0.389436E-01
  0.942881E+00  0.569901E+01  0.386177E-01
  0.945615E+00  0.559250E+01  0.385227E-01
  0.948349E+00  0.551469E+01  0.378075E-01
  0.951083E+00  0.540599E+01  0.377284E-01
  0.953817E+00  0.537498E+01  0.375590E-01
  0.956551E+00  0.526520E+01  0.371552E-01
  0.959285E+00  0.526963E+01  0.373392E-01
  0.962019E+00  0.517791E+01  0.365135E-01
  0.964753E+00  0.516976E+01  0.366973E-01
  0.967487E+00  0.506131E+01  0.362492E-01
  0.970221E+00  0.498531E+01  0.360039E-01
  0.972955E+00  0.489134E+01  0.357921E-01
  0.975689E+00  0.489626E+01  0.354600E-01
  0.978423E+00  0.480634E+01  0.356647E-01
  0.981157E+00  0.473490E+01  0.348628E-01
  0.983892E+00  0.470197E+01  0.352066E-01
  0.986626E+00  0.467758E+01  0.348906E-01
  0.989360E+00  0.463339E+01  0.346687E-01
  0.992094E+00  0.452805E+01  0.345058E-01
  0.994828E+00  0.448306E+01  0.339793E-01
  0.997562E+00  0.437471E+01  0.337717E-01
  0.100030E+01  0.436799E+01  0.334052E-01
  0.100303E+01  0.427756E+01  0.333086E-01
  0.100576E+01  0.422400E+01  0.330226E-01
  0.100850E+01  0.420587E+01  0.331866E-01
  0.101123E+01  0.417490E+01  0.329862E-01
  0.101397E+01  0.409935E+01  0.323948E-01
  0.101670E+01  0.410152E+01  0.328000E-01
  0.101943E+01  0.406209E+01  0.325758E-01
  0.102217E+01  0.395230E+01  0.320621E-01
  0.102490E+01  0.391105E+01  0.321164E-01
  0.102764E+01  0.386043E+01  0.313652E-01
  0.103037E+01  0.387074E+01  0.319288E-01
  0.103310E+01  0.379367E+01  0.313771E-01
  0.103584E+01  0.377909E+01  0.314676E-01
  0.103857E+01  0.370312E+01  0.312369E-01
  0.104131E+01  0.366561E+01  0.308856E-01
  0.104404E+01  0.364108E+01  0.312151E-01
  0.104677E+01  0.355140E+01  0.302921E-01
  0.104951E+01  0.350098E+01  0.302833E-01
  0.105224E+01  0.346627E+01  0.302965E-01
  0.105498E+01  0.346405E+01  0.301684E-01
  0.105771E+01  0.338846E+01  0.300036E-01
  0.106044E+01  0.336349E+01  0.296127E-01
  0.106318E+01  0.332031E+01  0.297137E-01
  0.106591E+01  0.326563E+01  0.291789E-01
  0.106865E+01  0.327887E+01  0.293662E-01
  0.107138E+01  0.323063E+01  0.293747E-01
  0.107411E+01  0.315157E+01  0.288131E-01
  0.107685E+01  0.313112E+01  0.290364E-01
  0.107958E+01  0.313758E+01  0.287376E-01
  0.108232E+01  0.302530E+01  0.282634E-01
  0.108505E+01  0.303009E+01  0.285795E-01
  0.108779E+01  0.299990E+01  0.282207E-01
  0.109052E+01  0.296063E+01  0.283828E-01
  0.109325E+01  0.292387E+01  0.278205E-01
  0.109599E+01  0.293878E+01  0.279958E-01
  0.109872E+01  0.287060E+01  0.279253E-01
  0.110146E+01  0.285770E+01  0.277069E-01
  0.110419E+01  0.273939E+01  0.273462E-01
  0.110692E+01  0.280207E+01  0.276353E-01
  0.110966E+01  0.274277E+01  0.273355E-01
  0.111239E+01  0.270942E+01  0.272811E-01
  0.111513E+01  0.269976E+01  0.268682E-01
  0.111786E+01  0.267144E+01  0.270255E-01
  0.112059E+01  0.258876E+01  0.266977E-01
  0.112333E+01  0.260658E+01  0.266855E-01
  0.112606E+01  0.262273E+01  0.269345E-01
  0.112880E+01  0.254505E+01  0.263438E-01
  0.113153E+01  0.251904E+01  0.264149E-01
  0.113426E+01  0.246210E+01  0.262650E-01
  0.113700E+01  0.250206E+01  0.261116E-01
  0.113973E+01  0.246499E+01  0.260790E-01
  0.114247E+01  0.246787E+01  0.262872E-01
  0.114520E+01  0.240911E+01  0.259096E-01
  0.114793E+01  0.239739E+01  0.259636E-01
  0.115067E+01  0.237634E+01  0.256914E-01
  0.115340E+01  0.234414E+01  0.257703E-01
  0.115614E+01  0.229475E+01  0.254621E-01
  0.115887E+01  0.227973E+01  0.254297E-01
  0.116160E+01  0.229478E+01  0.255151E-01
  0.116434E+01  0.225848E+01  0.252058E-01
  0.116707E+01  0.222953E+01  0.253676E-01
  0.116981E+01  0.219497E+01  0.251035E-01
  0.117254E+01  0.221504E+01  0.250673E-01
  0.117527E+01  0.210991E+01  0.246787E-01
  0.117801E+01  0.215641E+01  0.249171E-01
  0.118074E+01  0.213800E+01  0.250198E-01
  0.118348E+01  0.207760E+01  0.245360E-01
  0.118621E+01  0.205789E+01  0.243862E-01
  0.118894E+01  0.207199E+01  0.245839E-01
  0.119168E+01  0.207247E+01  0.244711E-01
  0.119441E+01  0.206565E+01  0.246266E-01
  0.119715E+01  0.198774E+01  0.242321E-01
  0.119988E+01  0.204761E+01  0.245135E-01
  0.120262E+01  0.198463E+01  0.241759E-01
  0.120535E+01  0.195029E+01  0.239441E-01
  0.120808E+01  0.190814E+01  0.238269E-01
  0.121082E+01  0.188832E+01  0.237997E-01
  0.121355E+01  0.193314E+01  0.241210E-01
  0.121629E+01  0.188032E+01  0.238433E-01
  0.121902E+01  0.185758E+01  0.235217E-01
  0.122175E+01  0.183591E+01  0.236720E-01
  0.122449E+01  0.185253E+01  0.235882E-01
  0.122722E+01  0.183081E+01  0.236563E-01
  0.122996E+01  0.183760E+01  0.249601E-01
  0.123269E+01  0.180258E+01  0.255499E-01
  0.123816E+01  0.181022E+01  0.260672E-01
  0.124089E+01  0.177656E+01  0.266970E-01
  0.124363E+01  0.178486E+01  0.273616E-01
  0.124636E+01  0.174951E+01  0.273535E-01
  0.124909E+01  0.176149E+01  0.273757E-01
  0.125183E+01  0.171736E+01  0.280915E-01
  0.125456E+01  0.174322E+01  0.280891E-01
  0.125730E+01  0.172805E+01  0.285137E-01
  0.126003E+01  0.167455E+01  0.291645E-01
  0.126276E+01  0.172305E+01  0.298209E-01
  0.126550E+01  0.164973E+01  0.267219E-01
  0.126823E+01  0.167015E+01  0.260870E-01
  0.127097E+01  0.163427E+01  0.256013E-01
  0.127370E+01  0.161337E+01  0.251229E-01
  0.127643E+01  0.158750E+01  0.246945E-01
  0.127917E+01  0.159093E+01  0.248507E-01
  0.128190E+01  0.161323E+01  0.245682E-01
  0.128464E+01  0.156426E+01  0.243679E-01
  0.128737E+01  0.157530E+01  0.241403E-01
  0.129010E+01  0.156917E+01  0.238914E-01
  0.129284E+01  0.153520E+01  0.235377E-01
  0.129557E+01  0.153293E+01  0.236071E-01
  0.129831E+01  0.150264E+01  0.231137E-01
  0.130104E+01  0.149235E+01  0.231539E-01
  0.130377E+01  0.148731E+01  0.227506E-01
  0.130651E+01  0.148419E+01  0.226405E-01
  0.130924E+01  0.153194E+01  0.230019E-01
  0.131198E+01  0.145038E+01  0.225542E-01
  0.131471E+01  0.149296E+01  0.226598E-01
  0.131744E+01  0.142840E+01  0.221964E-01
  0.132018E+01  0.144468E+01  0.222938E-01
  0.132291E+01  0.139703E+01  0.224646E-01
  0.132565E+01  0.141095E+01  0.221246E-01
  0.132838E+01  0.140327E+01  0.221216E-01
  0.133112E+01  0.141124E+01  0.221728E-01
  0.133385E+01  0.141848E+01  0.222831E-01
  0.133658E+01  0.139150E+01  0.224084E-01
  0.133932E+01  0.136661E+01  0.215635E-01
  0.134205E+01  0.137293E+01  0.221068E-01
  0.134479E+01  0.134995E+01  0.220430E-01
  0.134752E+01  0.137399E+01  0.221985E-01
  0.135025E+01  0.136368E+01  0.220224E-01
  0.135299E+01  0.135284E+01  0.218949E-01
  0.135572E+01  0.133692E+01  0.218344E-01
  0.135846E+01  0.133304E+01  0.220556E-01
  0.136119E+01  0.135670E+01  0.215947E-01
  0.136392E+01  0.131648E+01  0.217664E-01
  0.136666E+01  0.129460E+01  0.217245E-01
  0.136939E+01  0.128989E+01  0.215625E-01
  0.137213E+01  0.130732E+01  0.215681E-01
  0.137486E+01  0.129545E+01  0.216030E-01
  0.137759E+01  0.126983E+01  0.214523E-01
  0.138033E+01  0.129278E+01  0.216729E-01
  0.138306E+01  0.128589E+01  0.216304E-01
  0.138580E+01  0.127724E+01  0.212877E-01
  0.138853E+01  0.122740E+01  0.213026E-01
  0.139126E+01  0.126746E+01  0.213640E-01
  0.139400E+01  0.118654E+01  0.210483E-01
  0.139673E+01  0.127094E+01  0.216115E-01
  0.139947E+01  0.123703E+01  0.213195E-01
  0.140220E+01  0.123263E+01  0.212576E-01
  0.140493E+01  0.125621E+01  0.212374E-01
  0.140767E+01  0.117728E+01  0.210051E-01
  0.141040E+01  0.120829E+01  0.212350E-01
  0.141314E+01  0.122127E+01  0.213898E-01
  0.141587E+01  0.119353E+01  0.211027E-01
  0.141860E+01  0.120519E+01  0.211248E-01
  0.142134E+01  0.117687E+01  0.208941E-01
  0.142407E+01  0.120032E+01  0.211050E-01
  0.142681E+01  0.114709E+01  0.209786E-01
  0.142954E+01  0.115722E+01  0.209333E-01
  0.143227E+01  0.111803E+01  0.205740E-01
  0.143501E+01  0.118740E+01  0.211872E-01
  0.143774E+01  0.116870E+01  0.208382E-01
  0.144048E+01  0.113044E+01  0.208705E-01
  0.144321E+01  0.113533E+01  0.206886E-01
  0.144594E+01  0.113300E+01  0.208647E-01
  0.144868E+01  0.111567E+01  0.207909E-01
  0.145141E+01  0.113345E+01  0.208107E-01
  0.145415E+01  0.110681E+01  0.204386E-01
  0.145688E+01  0.113181E+01  0.205659E-01
  0.145962E+01  0.112180E+01  0.205606E-01
  0.146235E+01  0.111021E+01  0.203322E-01
  0.146508E+01  0.110240E+01  0.204777E-01
  0.146782E+01  0.107454E+01  0.203594E-01
  0.147055E+01  0.106389E+01  0.200908E-01
  0.147329E+01  0.108250E+01  0.201039E-01
  0.147602E+01  0.107650E+01  0.200111E-01
  0.147875E+01  0.105041E+01  0.198201E-01
  0.148149E+01  0.107067E+01  0.200816E-01
  0.148422E+01  0.107957E+01  0.200082E-01
  0.148696E+01  0.106739E+01  0.201847E-01
  0.148969E+01  0.106252E+01  0.197830E-01
  0.149242E+01  0.102267E+01  0.198985E-01
  0.149516E+01  0.107857E+01  0.200818E-01
  0.149789E+01  0.101704E+01  0.197789E-01
  0.150063E+01  0.103227E+01  0.199400E-01
  0.150336E+01  0.104733E+01  0.199246E-01
  0.150609E+01  0.103081E+01  0.199763E-01
  0.150883E+01  0.101886E+01  0.197689E-01
  0.151156E+01  0.101348E+01  0.197015E-01
  0.151430E+01  0.999247E+00  0.197042E-01
  0.151703E+01  0.103286E+01  0.200542E-01
  0.151976E+01  0.100742E+01  0.196565E-01
  0.152250E+01  0.100960E+01  0.197905E-01
  0.152523E+01  0.100565E+01  0.197055E-01
  0.152797E+01  0.100152E+01  0.197478E-01
  0.153070E+01  0.988153E+00  0.197013E-01
  0.153343E+01  0.988970E+00  0.196979E-01
  0.153617E+01  0.995230E+00  0.196906E-01
  0.153890E+01  0.966285E+00  0.194021E-01
  0.154164E+01  0.982053E+00  0.198410E-01
  0.154437E+01  0.983028E+00  0.195465E-01
  0.154710E+01  0.951987E+00  0.194729E-01
  0.154984E+01  0.969448E+00  0.196624E-01
  0.155257E+01  0.964070E+00  0.196528E-01
  0.155531E+01  0.936997E+00  0.194447E-01
  0.155804E+01  0.929245E+00  0.196223E-01
  0.156077E+01  0.912771E+00  0.192603E-01
  0.156351E+01  0.933768E+00  0.195044E-01
  0.156624E+01  0.942590E+00  0.196173E-01
  0.156898E+01  0.932958E+00  0.193328E-01
  0.157171E+01  0.904485E+00  0.193033E-01
  0.157444E+01  0.930164E+00  0.195790E-01
  0.157718E+01  0.959427E+00  0.196392E-01
  0.157991E+01  0.910801E+00  0.193646E-01
  0.158265E+01  0.909514E+00  0.192158E-01
  0.158538E+01  0.919551E+00  0.193712E-01
  0.158812E+01  0.887603E+00  0.192180E-01
  0.159085E+01  0.875776E+00  0.190540E-01
  0.159358E+01  0.907982E+00  0.192326E-01
  0.159632E+01  0.899425E+00  0.192378E-01
  0.159905E+01  0.883855E+00  0.191667E-01
  0.160179E+01  0.892246E+00  0.193153E-01
  0.160452E+01  0.869169E+00  0.191406E-01
  0.160725E+01  0.864735E+00  0.191120E-01
  0.160999E+01  0.900220E+00  0.191984E-01
  0.161272E+01  0.884678E+00  0.192912E-01
  0.161546E+01  0.870597E+00  0.191079E-01
  0.161819E+01  0.848364E+00  0.189861E-01
  0.162092E+01  0.872477E+00  0.191563E-01
  0.162366E+01  0.859992E+00  0.191071E-01
  0.162639E+01  0.809528E+00  0.189080E-01
  0.162913E+01  0.851958E+00  0.188970E-01
  0.163186E+01  0.815546E+00  0.188331E-01
  0.163459E+01  0.841476E+00  0.190810E-01
  0.163733E+01  0.842069E+00  0.190527E-01
  0.164006E+01  0.822876E+00  0.187545E-01
  0.164280E+01  0.806252E+00  0.189043E-01
  0.164553E+01  0.839316E+00  0.190497E-01
  0.164826E+01  0.800035E+00  0.188619E-01
  0.165100E+01  0.804688E+00  0.185448E-01
  0.165373E+01  0.818764E+00  0.188883E-01
  0.165647E+01  0.800283E+00  0.191575E-01
  0.165920E+01  0.786000E+00  0.187366E-01
  0.166193E+01  0.797945E+00  0.187170E-01
  0.166467E+01  0.791008E+00  0.187224E-01
  0.166740E+01  0.793395E+00  0.187686E-01
  0.167014E+01  0.765801E+00  0.188426E-01
  0.167287E+01  0.766866E+00  0.187586E-01
  0.167560E+01  0.756020E+00  0.184944E-01
  0.167834E+01  0.795341E+00  0.189199E-01
  0.168107E+01  0.755051E+00  0.186952E-01
  0.168381E+01  0.797818E+00  0.189541E-01
  0.168654E+01  0.759370E+00  0.184856E-01
  0.168927E+01  0.775123E+00  0.187823E-01
  0.169201E+01  0.782783E+00  0.186494E-01
  0.169474E+01  0.765645E+00  0.186693E-01
  0.169748E+01  0.735035E+00  0.183882E-01
  0.170021E+01  0.760757E+00  0.187051E-01
  0.170295E+01  0.737231E+00  0.184858E-01
  0.170568E+01  0.743824E+00  0.186275E-01
  0.170841E+01  0.749501E+00  0.185595E-01
  0.171115E+01  0.759212E+00  0.185191E-01
  0.171388E+01  0.710092E+00  0.184847E-01
  0.171662E+01  0.728036E+00  0.185004E-01
  0.171935E+01  0.728161E+00  0.184246E-01
  0.172208E+01  0.745731E+00  0.186121E-01
  0.172482E+01  0.728604E+00  0.183925E-01
  0.172755E+01  0.720881E+00  0.185030E-01
  0.173029E+01  0.690665E+00  0.183935E-01
  0.173302E+01  0.747067E+00  0.185589E-01
  0.173575E+01  0.699799E+00  0.183766E-01
  0.173849E+01  0.695610E+00  0.181925E-01
  0.174122E+01  0.688647E+00  0.183245E-01
  0.174396E+01  0.726656E+00  0.184758E-01
  0.174669E+01  0.687613E+00  0.181979E-01
  0.174942E+01  0.684183E+00  0.183428E-01
  0.175216E+01  0.685140E+00  0.182732E-01
  0.175489E+01  0.667984E+00  0.182396E-01
  0.175763E+01  0.653608E+00  0.181418E-01
  0.176036E+01  0.679224E+00  0.181741E-01
  0.176309E+01  0.680620E+00  0.181387E-01
  0.176583E+01  0.669121E+00  0.181469E-01
  0.176856E+01  0.678771E+00  0.182473E-01
  0.177130E+01  0.655470E+00  0.182419E-01
  0.177403E+01  0.654628E+00  0.181523E-01
  0.177676E+01  0.664224E+00  0.181812E-01
  0.177950E+01  0.671667E+00  0.181247E-01
  0.178223E+01  0.622159E+00  0.179126E-01
  0.178497E+01  0.635979E+00  0.179936E-01
  0.178770E+01  0.643787E+00  0.181557E-01
  0.179043E+01  0.658099E+00  0.181794E-01
  0.179317E+01  0.627584E+00  0.181925E-01
  0.179590E+01  0.646016E+00  0.178858E-01
  0.179864E+01  0.616453E+00  0.180661E-01
  0.180137E+01  0.630665E+00  0.181688E-01
  0.180410E+01  0.630439E+00  0.180515E-01
  0.180684E+01  0.641270E+00  0.180234E-01
  0.180957E+01  0.623067E+00  0.180222E-01
  0.181231E+01  0.639035E+00  0.180296E-01
  0.181504E+01  0.593553E+00  0.178481E-01
  0.181777E+01  0.597851E+00  0.178739E-01
  0.182051E+01  0.608257E+00  0.181082E-01
  0.182324E+01  0.616761E+00  0.179357E-01
  0.182598E+01  0.616539E+00  0.179560E-01
  0.182871E+01  0.598417E+00  0.178966E-01
  0.183145E+01  0.582623E+00  0.176719E-01
  0.183418E+01  0.595189E+00  0.179924E-01
  0.183691E+01  0.621700E+00  0.180497E-01
  0.183965E+01  0.588795E+00  0.179428E-01
  0.184238E+01  0.615226E+00  0.179253E-01
  0.184512E+01  0.572748E+00  0.176506E-01
  0.184785E+01  0.602447E+00  0.178467E-01
  0.185058E+01  0.595837E+00  0.177864E-01
  0.185332E+01  0.581215E+00  0.178284E-01
  0.185605E+01  0.587765E+00  0.177533E-01
  0.185879E+01  0.543649E+00  0.175741E-01
  0.186152E+01  0.564214E+00  0.177471E-01
  0.186425E+01  0.578405E+00  0.177835E-01
  0.186699E+01  0.558136E+00  0.176937E-01
  0.186972E+01  0.546309E+00  0.177770E-01
  0.187246E+01  0.525883E+00  0.174833E-01
  0.187519E+01  0.535351E+00  0.176048E-01
  0.187792E+01  0.561609E+00  0.176224E-01
  0.188066E+01  0.552574E+00  0.176401E-01
  0.188339E+01  0.549388E+00  0.176574E-01
  0.188613E+01  0.551786E+00  0.176085E-01
  0.188886E+01  0.546182E+00  0.176161E-01
  0.189159E+01  0.542110E+00  0.174842E-01
  0.189433E+01  0.537457E+00  0.175227E-01
  0.189706E+01  0.537691E+00  0.175891E-01
  0.189980E+01  0.532676E+00  0.175284E-01
  0.190253E+01  0.530345E+00  0.172740E-01
  0.190526E+01  0.534815E+00  0.175566E-01
  0.190800E+01  0.527824E+00  0.173855E-01
  0.191073E+01  0.518348E+00  0.173325E-01
  0.191347E+01  0.523019E+00  0.176405E-01
  0.191620E+01  0.515749E+00  0.174268E-01
  0.191893E+01  0.528340E+00  0.173335E-01
  0.192167E+01  0.524793E+00  0.175403E-01
  0.192440E+01  0.524811E+00  0.174050E-01
  0.192714E+01  0.494317E+00  0.172988E-01
  0.192987E+01  0.503857E+00  0.174261E-01
  0.193260E+01  0.534335E+00  0.175233E-01
  0.193534E+01  0.512830E+00  0.174668E-01
  0.193807E+01  0.501320E+00  0.173682E-01
  0.194081E+01  0.497012E+00  0.173534E-01
  0.194354E+01  0.497629E+00  0.171734E-01
  0.194627E+01  0.497599E+00  0.172194E-01
  0.194901E+01  0.476890E+00  0.172373E-01
  0.195174E+01  0.476661E+00  0.171926E-01
  0.195448E+01  0.497865E+00  0.172899E-01
  0.195721E+01  0.465536E+00  0.171846E-01
  0.195995E+01  0.490462E+00  0.171095E-01
  0.196268E+01  0.490447E+00  0.173490E-01
  0.196541E+01  0.470786E+00  0.172337E-01
  0.196815E+01  0.453225E+00  0.171242E-01
  0.197088E+01  0.458454E+00  0.172378E-01
  0.197362E+01  0.472890E+00  0.172766E-01
  0.197635E+01  0.452274E+00  0.171171E-01
  0.197908E+01  0.456554E+00  0.172168E-01
  0.198182E+01  0.473181E+00  0.170761E-01
  0.198455E+01  0.455228E+00  0.170793E-01
  0.198729E+01  0.474025E+00  0.171943E-01
  0.199002E+01  0.468578E+00  0.173291E-01
  0.199275E+01  0.453524E+00  0.171786E-01
  0.199549E+01  0.442980E+00  0.170059E-01
  0.199822E+01  0.446933E+00  0.170988E-01
  0.200096E+01  0.456981E+00  0.171076E-01
  0.200369E+01  0.450792E+00  0.172037E-01
  0.200642E+01  0.465156E+00  0.169980E-01
  0.200916E+01  0.446847E+00  0.170624E-01
  0.201189E+01  0.438742E+00  0.169661E-01
  0.201463E+01  0.452112E+00  0.170408E-01
  0.201736E+01  0.437576E+00  0.171485E-01
  0.202009E+01  0.452278E+00  0.170564E-01
  0.202283E+01  0.442092E+00  0.170873E-01
  0.202556E+01  0.428670E+00  0.171571E-01
  0.202830E+01  0.445450E+00  0.169329E-01
  0.203103E+01  0.436650E+00  0.171557E-01
  0.203376E+01  0.427416E+00  0.172224E-01
  0.203650E+01  0.422336E+00  0.168117E-01
  0.203923E+01  0.426500E+00  0.169078E-01
  0.204197E+01  0.439663E+00  0.170925E-01
  0.204470E+01  0.413340E+00  0.171159E-01
  0.204743E+01  0.400072E+00  0.167938E-01
  0.205017E+01  0.419140E+00  0.167977E-01
  0.205290E+01  0.418649E+00  0.169558E-01
  0.205564E+01  0.395517E+00  0.169286E-01
  0.205837E+01  0.395891E+00  0.169564E-01
  0.206110E+01  0.419372E+00  0.169712E-01
  0.206384E+01  0.381435E+00  0.169010E-01
  0.206657E+01  0.429288E+00  0.170159E-01
  0.206931E+01  0.404643E+00  0.169992E-01
  0.207204E+01  0.411131E+00  0.169425E-01
  0.207477E+01  0.420016E+00  0.169435E-01
  0.207751E+01  0.400107E+00  0.167427E-01
  0.208024E+01  0.397923E+00  0.168252E-01
  0.208298E+01  0.405684E+00  0.168585E-01
  0.208571E+01  0.408315E+00  0.169690E-01
  0.208845E+01  0.409536E+00  0.168069E-01
  0.209118E+01  0.378791E+00  0.168751E-01
  0.209391E+01  0.356763E+00  0.168580E-01
  0.209665E+01  0.402841E+00  0.167797E-01
  0.209938E+01  0.366133E+00  0.166133E-01
  0.210212E+01  0.386888E+00  0.167466E-01
  0.210485E+01  0.406778E+00  0.169449E-01
  0.210758E+01  0.378204E+00  0.167172E-01
  0.211032E+01  0.370423E+00  0.167868E-01
  0.211305E+01  0.389165E+00  0.167131E-01
  0.211579E+01  0.394119E+00  0.167991E-01
  0.211852E+01  0.358062E+00  0.165912E-01
  0.212125E+01  0.373327E+00  0.167558E-01
  0.212399E+01  0.358440E+00  0.166751E-01
  0.212672E+01  0.388844E+00  0.168227E-01
  0.212946E+01  0.366164E+00  0.165019E-01
  0.213219E+01  0.385741E+00  0.167287E-01
  0.213492E+01  0.361884E+00  0.165701E-01
  0.213766E+01  0.381262E+00  0.167043E-01
  0.214039E+01  0.396346E+00  0.167147E-01
  0.214313E+01  0.336320E+00  0.166750E-01
  0.214586E+01  0.310035E+00  0.165713E-01
  0.214859E+01  0.376143E+00  0.165991E-01
  0.215133E+01  0.351814E+00  0.167609E-01
  0.215406E+01  0.353584E+00  0.166213E-01
  0.215680E+01  0.353126E+00  0.165521E-01
  0.215953E+01  0.349512E+00  0.166285E-01
  0.216226E+01  0.361334E+00  0.164428E-01
  0.216500E+01  0.360819E+00  0.163644E-01
  0.216773E+01  0.372537E+00  0.166608E-01
  0.217047E+01  0.368986E+00  0.165257E-01
  0.217320E+01  0.335669E+00  0.165236E-01
  0.217593E+01  0.373752E+00  0.165962E-01
  0.217867E+01  0.340952E+00  0.164689E-01
  0.218140E+01  0.306367E+00  0.164731E-01
  0.218414E+01  0.369626E+00  0.165768E-01
  0.218687E+01  0.330343E+00  0.164586E-01
  0.218960E+01  0.334483E+00  0.165716E-01
  0.219234E+01  0.325240E+00  0.163541E-01
  0.219507E+01  0.331574E+00  0.164870E-01
  0.219781E+01  0.317637E+00  0.163178E-01
  0.220054E+01  0.354080E+00  0.166692E-01
  0.220328E+01  0.306170E+00  0.164027E-01
  0.220601E+01  0.314967E+00  0.162576E-01
  0.220874E+01  0.342810E+00  0.164307E-01
  0.221148E+01  0.338025E+00  0.164772E-01
  0.221421E+01  0.304448E+00  0.162558E-01
  0.221695E+01  0.301080E+00  0.164853E-01
  0.221968E+01  0.318493E+00  0.162609E-01
  0.222241E+01  0.313188E+00  0.163760E-01
  0.222515E+01  0.316055E+00  0.162274E-01
  0.222788E+01  0.286219E+00  0.163628E-01
  0.223062E+01  0.332746E+00  0.163315E-01
  0.223335E+01  0.300215E+00  0.163389E-01
  0.223608E+01  0.301154E+00  0.163631E-01
  0.223882E+01  0.308727E+00  0.163351E-01
  0.224155E+01  0.320166E+00  0.164834E-01
  0.224429E+01  0.314142E+00  0.163358E-01
  0.224702E+01  0.317443E+00  0.163523E-01
  0.224975E+01  0.303859E+00  0.162532E-01
  0.225249E+01  0.302820E+00  0.161975E-01
  0.225522E+01  0.282120E+00  0.161216E-01
  0.225796E+01  0.286736E+00  0.161221E-01
  0.226069E+01  0.288376E+00  0.162881E-01
  0.226342E+01  0.297607E+00  0.162933E-01
  0.226616E+01  0.300347E+00  0.162603E-01
  0.226889E+01  0.291784E+00  0.163437E-01
  0.227163E+01  0.281125E+00  0.161382E-01
  0.227436E+01  0.305324E+00  0.161256E-01
  0.227709E+01  0.301309E+00  0.161968E-01
  0.227983E+01  0.283631E+00  0.162381E-01
  0.228256E+01  0.293044E+00  0.162340E-01
  0.228530E+01  0.285388E+00  0.160249E-01
  0.228803E+01  0.291722E+00  0.162308E-01
  0.229076E+01  0.296303E+00  0.163279E-01
  0.229350E+01  0.305121E+00  0.162378E-01
  0.229623E+01  0.308752E+00  0.162036E-01
  0.229897E+01  0.275885E+00  0.160382E-01
  0.230170E+01  0.282404E+00  0.160369E-01
  0.230443E+01  0.249029E+00  0.159956E-01
  0.230717E+01  0.270782E+00  0.161739E-01
  0.230990E+01  0.287145E+00  0.162314E-01
  0.231264E+01  0.250954E+00  0.161186E-01
  0.231537E+01  0.303023E+00  0.160781E-01
  0.231810E+01  0.223684E+00  0.158641E-01
  0.232084E+01  0.282833E+00  0.159761E-01
  0.232357E+01  0.265720E+00  0.159880E-01
  0.232631E+01  0.281739E+00  0.159761E-01
  0.232904E+01  0.254862E+00  0.159117E-01
  0.233178E+01  0.266759E+00  0.158839E-01
  0.233451E+01  0.273459E+00  0.159724E-01
  0.233724E+01  0.265213E+00  0.158641E-01
  0.233998E+01  0.269286E+00  0.159714E-01
  0.234271E+01  0.230528E+00  0.160553E-01
  0.234545E+01  0.258350E+00  0.160736E-01
  0.234818E+01  0.273253E+00  0.161070E-01
  0.235091E+01  0.250382E+00  0.159696E-01
  0.235365E+01  0.260655E+00  0.160475E-01
  0.235638E+01  0.235195E+00  0.159492E-01
  0.235912E+01  0.254565E+00  0.160687E-01
  0.236185E+01  0.237139E+00  0.159912E-01
  0.236458E+01  0.241599E+00  0.160001E-01
  0.236732E+01  0.255478E+00  0.160548E-01
  0.237005E+01  0.258516E+00  0.160009E-01
  0.237279E+01  0.260318E+00  0.158443E-01
  0.237552E+01  0.271217E+00  0.159940E-01
  0.237825E+01  0.276925E+00  0.159672E-01
  0.238099E+01  0.237652E+00  0.159357E-01
  0.238372E+01  0.289544E+00  0.159019E-01
  0.238646E+01  0.273615E+00  0.160182E-01
  0.238919E+01  0.242225E+00  0.158326E-01
  0.239192E+01  0.259579E+00  0.159960E-01
  0.239466E+01  0.243902E+00  0.159913E-01
  0.239739E+01  0.287919E+00  0.160265E-01
  0.240013E+01  0.272713E+00  0.159920E-01
  0.240286E+01  0.240700E+00  0.159205E-01
  0.240559E+01  0.259314E+00  0.159013E-01
  0.240833E+01  0.235189E+00  0.159517E-01
  0.241106E+01  0.218477E+00  0.158181E-01
  0.241380E+01  0.243551E+00  0.160070E-01
  0.241653E+01  0.249111E+00  0.157893E-01
  0.241926E+01  0.248758E+00  0.158118E-01
  0.242200E+01  0.248571E+00  0.157424E-01
  0.242473E+01  0.229005E+00  0.157794E-01
  0.242747E+01  0.234419E+00  0.158225E-01
  0.243020E+01  0.250727E+00  0.158265E-01
  0.243293E+01  0.227254E+00  0.157819E-01
  0.243567E+01  0.233998E+00  0.158275E-01
  0.243840E+01  0.225491E+00  0.155816E-01
  0.244114E+01  0.242332E+00  0.159250E-01
  0.244387E+01  0.239836E+00  0.157717E-01
  0.244660E+01  0.232424E+00  0.158334E-01
  0.244934E+01  0.222065E+00  0.157891E-01
  0.245207E+01  0.231307E+00  0.158543E-01
  0.245481E+01  0.227510E+00  0.157779E-01
  0.245754E+01  0.204173E+00  0.156598E-01
  0.246028E+01  0.246732E+00  0.157745E-01
  0.246301E+01  0.226353E+00  0.157110E-01
  0.246574E+01  0.255458E+00  0.158121E-01
  0.246848E+01  0.208561E+00  0.156742E-01
  0.247121E+01  0.211882E+00  0.157069E-01
  0.247395E+01  0.224877E+00  0.157061E-01
  0.247668E+01  0.194093E+00  0.156430E-01
  0.247941E+01  0.216868E+00  0.156357E-01
  0.248215E+01  0.206018E+00  0.156324E-01
  0.248488E+01  0.192102E+00  0.155595E-01
  0.248762E+01  0.225505E+00  0.156908E-01
  0.249035E+01  0.211410E+00  0.157747E-01
  0.249308E+01  0.214181E+00  0.155443E-01
  0.249582E+01  0.212315E+00  0.157174E-01
  0.249855E+01  0.223744E+00  0.156335E-01
  0.250129E+01  0.219893E+00  0.155996E-01
  0.250402E+01  0.215021E+00  0.156496E-01
  0.250675E+01  0.198305E+00  0.156395E-01
  0.250949E+01  0.208594E+00  0.156442E-01
  0.251222E+01  0.232399E+00  0.157309E-01
  0.251496E+01  0.217032E+00  0.156923E-01
  0.251769E+01  0.216720E+00  0.156703E-01
  0.252042E+01  0.198666E+00  0.155503E-01
  0.252316E+01  0.208274E+00  0.156857E-01
  0.252589E+01  0.217005E+00  0.155266E-01
  0.252863E+01  0.206041E+00  0.155878E-01
  0.253136E+01  0.203424E+00  0.155922E-01
  0.253409E+01  0.207459E+00  0.155230E-01
  0.253683E+01  0.222426E+00  0.157886E-01
  0.253956E+01  0.255819E+00  0.157094E-01
  0.254230E+01  0.223403E+00  0.157580E-01
  0.254503E+01  0.186461E+00  0.155188E-01
  0.254776E+01  0.202383E+00  0.154331E-01
  0.255050E+01  0.205371E+00  0.156552E-01
  0.255323E+01  0.218727E+00  0.156031E-01
  0.255597E+01  0.230930E+00  0.156905E-01
  0.255870E+01  0.208448E+00  0.155215E-01
  0.256143E+01  0.204362E+00  0.154181E-01
  0.256417E+01  0.168645E+00  0.154985E-01
  0.256690E+01  0.206950E+00  0.154967E-01
  0.256964E+01  0.193136E+00  0.155563E-01
  0.257237E+01  0.191174E+00  0.153967E-01
  0.257510E+01  0.217377E+00  0.155475E-01
  0.257784E+01  0.184004E+00  0.155342E-01
  0.258057E+01  0.193972E+00  0.156162E-01
  0.258331E+01  0.199803E+00  0.172198E-01
  0.258604E+01  0.200051E+00  0.182072E-01
  0.258878E+01  0.220232E+00  0.191428E-01
  0.259151E+01  0.200076E+00  0.198197E-01
  0.259424E+01  0.173387E+00  0.204207E-01
  0.259698E+01  0.239089E+00  0.214841E-01
  0.259971E+01  0.185162E+00  0.220613E-01
  0.260245E+01  0.208828E+00  0.230830E-01
  0.260518E+01  0.192436E+00  0.233511E-01
  0.260791E+01  0.168307E+00  0.242916E-01
  0.261065E+01  0.192305E+00  0.249248E-01
  0.261338E+01  0.155640E+00  0.252097E-01
  0.261612E+01  0.219275E+00  0.205537E-01
  0.261885E+01  0.203793E+00  0.195329E-01
  0.262158E+01  0.230517E+00  0.191293E-01
  0.262432E+01  0.190649E+00  0.187528E-01
  0.262705E+01  0.188274E+00  0.182025E-01
  0.262979E+01  0.191656E+00  0.179632E-01
  0.263252E+01  0.219774E+00  0.175577E-01
  0.263525E+01  0.186088E+00  0.172082E-01
  0.263799E+01  0.187882E+00  0.172136E-01
  0.264072E+01  0.194140E+00  0.170086E-01
  0.264346E+01  0.176314E+00  0.169685E-01
  0.264619E+01  0.174540E+00  0.170196E-01
  0.264892E+01  0.188171E+00  0.168758E-01
  0.265166E+01  0.199345E+00  0.168294E-01
  0.265439E+01  0.196176E+00  0.169470E-01
  0.265713E+01  0.209711E+00  0.169198E-01
  0.265986E+01  0.177986E+00  0.167400E-01
  0.266259E+01  0.193937E+00  0.167427E-01
  0.266533E+01  0.169577E+00  0.167131E-01
  0.266806E+01  0.183130E+00  0.167727E-01
  0.267080E+01  0.192755E+00  0.166119E-01
  0.267353E+01  0.172254E+00  0.165537E-01
  0.267626E+01  0.180000E+00  0.166751E-01
  0.267900E+01  0.176287E+00  0.165915E-01
  0.268173E+01  0.201669E+00  0.166476E-01
  0.268447E+01  0.177190E+00  0.165669E-01
  0.268720E+01  0.173231E+00  0.165058E-01
  0.268993E+01  0.211137E+00  0.167632E-01
  0.269267E+01  0.191882E+00  0.165637E-01
  0.269540E+01  0.161944E+00  0.163617E-01
  0.269814E+01  0.216786E+00  0.165081E-01
  0.270087E+01  0.168510E+00  0.162866E-01
  0.270361E+01  0.188807E+00  0.162302E-01
  0.270634E+01  0.193368E+00  0.163222E-01
  0.270907E+01  0.218173E+00  0.162919E-01
  0.271181E+01  0.209395E+00  0.161379E-01
  0.271454E+01  0.207436E+00  0.161248E-01
  0.271728E+01  0.179360E+00  0.159029E-01
  0.272001E+01  0.189035E+00  0.158819E-01
  0.272274E+01  0.188420E+00  0.156739E-01
  0.272548E+01  0.184179E+00  0.157434E-01
  0.272821E+01  0.177582E+00  0.158247E-01
  0.273095E+01  0.207853E+00  0.157649E-01
  0.273368E+01  0.199058E+00  0.158609E-01
  0.273641E+01  0.208888E+00  0.157754E-01
  0.273915E+01  0.159054E+00  0.157381E-01
  0.274188E+01  0.166544E+00  0.156838E-01
  0.274462E+01  0.195263E+00  0.157558E-01
  0.274735E+01  0.159653E+00  0.155706E-01
  0.275008E+01  0.185090E+00  0.156952E-01
  0.275282E+01  0.185367E+00  0.157928E-01
  0.275555E+01  0.195411E+00  0.158183E-01
  0.275829E+01  0.189893E+00  0.156527E-01
  0.276102E+01  0.194503E+00  0.157574E-01
  0.276375E+01  0.210948E+00  0.159457E-01
  0.276649E+01  0.224682E+00  0.159470E-01
  0.276922E+01  0.201201E+00  0.157705E-01
  0.277196E+01  0.165378E+00  0.154934E-01
  0.277469E+01  0.196307E+00  0.157140E-01
  0.277742E+01  0.177642E+00  0.156943E-01
  0.278016E+01  0.210677E+00  0.156703E-01
  0.278289E+01  0.201749E+00  0.156796E-01
  0.278563E+01  0.188179E+00  0.157678E-01
  0.278836E+01  0.208573E+00  0.155938E-01
  0.279109E+01  0.179085E+00  0.157306E-01
  0.279383E+01  0.207170E+00  0.158742E-01
  0.279656E+01  0.173261E+00  0.155754E-01
  0.279930E+01  0.166895E+00  0.157400E-01
  0.280203E+01  0.168383E+00  0.155751E-01
  0.280476E+01  0.195606E+00  0.157631E-01
  0.280750E+01  0.203955E+00  0.156535E-01
  0.281023E+01  0.195240E+00  0.156567E-01
  0.281297E+01  0.181599E+00  0.156150E-01
  0.281570E+01  0.175727E+00  0.156141E-01
  0.281843E+01  0.179528E+00  0.155522E-01
  0.282117E+01  0.213814E+00  0.157218E-01
  0.282390E+01  0.184298E+00  0.157739E-01
  0.282664E+01  0.166860E+00  0.156709E-01
  0.282937E+01  0.199951E+00  0.156322E-01
  0.283211E+01  0.192504E+00  0.156895E-01
  0.283484E+01  0.182516E+00  0.155924E-01
  0.283757E+01  0.182502E+00  0.156235E-01
  0.284031E+01  0.185618E+00  0.155195E-01
  0.284304E+01  0.195411E+00  0.156672E-01
  0.284578E+01  0.170622E+00  0.155982E-01
  0.284851E+01  0.185874E+00  0.156565E-01
  0.285124E+01  0.183407E+00  0.156412E-01
  0.285398E+01  0.196316E+00  0.155488E-01
  0.285671E+01  0.200815E+00  0.156068E-01
  0.285945E+01  0.217358E+00  0.157397E-01
  0.286218E+01  0.207601E+00  0.158513E-01
  0.286491E+01  0.165320E+00  0.156109E-01
  0.286765E+01  0.196334E+00  0.156938E-01
  0.287038E+01  0.194448E+00  0.157130E-01
  0.287312E+01  0.172557E+00  0.154177E-01
  0.287585E+01  0.187945E+00  0.154740E-01
  0.287858E+01  0.196141E+00  0.157067E-01
  0.288132E+01  0.174540E+00  0.155717E-01
  0.288405E+01  0.227947E+00  0.157038E-01
  0.288679E+01  0.185320E+00  0.155001E-01
  0.288952E+01  0.184895E+00  0.156654E-01
  0.289225E+01  0.187330E+00  0.155443E-01
  0.289499E+01  0.193321E+00  0.156254E-01
  0.289772E+01  0.196808E+00  0.154562E-01
  0.290046E+01  0.192908E+00  0.155641E-01
  0.290319E+01  0.194780E+00  0.155644E-01
  0.290592E+01  0.156505E+00  0.153642E-01
  0.290866E+01  0.187999E+00  0.155598E-01
  0.291139E+01  0.161597E+00  0.154400E-01
  0.291413E+01  0.185330E+00  0.154276E-01
  0.291686E+01  0.196899E+00  0.155770E-01
  0.291959E+01  0.170751E+00  0.154676E-01
  0.292233E+01  0.194364E+00  0.154533E-01
  0.292506E+01  0.193610E+00  0.155308E-01
  0.292780E+01  0.215283E+00  0.155961E-01
  0.293053E+01  0.177917E+00  0.154639E-01
  0.293326E+01  0.186353E+00  0.155086E-01
  0.293600E+01  0.186059E+00  0.154907E-01
  0.293873E+01  0.222449E+00  0.155606E-01
  0.294147E+01  0.185675E+00  0.154274E-01
  0.294420E+01  0.207418E+00  0.155469E-01
  0.294693E+01  0.195743E+00  0.155740E-01
  0.294967E+01  0.203204E+00  0.156840E-01
  0.295240E+01  0.194052E+00  0.156165E-01
  0.295514E+01  0.169122E+00  0.155422E-01
  0.295787E+01  0.163364E+00  0.156296E-01
  0.296061E+01  0.186710E+00  0.153818E-01
  0.296334E+01  0.190798E+00  0.154994E-01
  0.296607E+01  0.185413E+00  0.152693E-01
  0.296881E+01  0.193795E+00  0.155525E-01
  0.297154E+01  0.182724E+00  0.154700E-01
  0.297428E+01  0.200534E+00  0.155279E-01
  0.297701E+01  0.186679E+00  0.155741E-01
  0.297974E+01  0.166979E+00  0.154591E-01
  0.298248E+01  0.185581E+00  0.155157E-01
  0.298521E+01  0.177206E+00  0.154247E-01
  0.298795E+01  0.185330E+00  0.155463E-01
  0.299068E+01  0.193126E+00  0.155755E-01
  0.299341E+01  0.218422E+00  0.155132E-01
  0.299615E+01  0.207557E+00  0.155293E-01
  0.299888E+01  0.189860E+00  0.154700E-01
  0.300162E+01  0.195507E+00  0.154319E-01
  0.300435E+01  0.221348E+00  0.155199E-01
  0.300708E+01  0.217245E+00  0.154112E-01
  0.300982E+01  0.187362E+00  0.155565E-01
  0.301255E+01  0.194975E+00  0.154052E-01
  0.301529E+01  0.218770E+00  0.154786E-01
  0.301802E+01  0.189197E+00  0.153363E-01
  0.302075E+01  0.194524E+00  0.153689E-01
  0.302349E+01  0.186131E+00  0.154425E-01
  0.302622E+01  0.185427E+00  0.152419E-01
  0.302896E+01  0.189887E+00  0.153899E-01
  0.303169E+01  0.173773E+00  0.153397E-01
  0.303442E+01  0.191856E+00  0.154167E-01
  0.303716E+01  0.194680E+00  0.155206E-01
  0.303989E+01  0.197580E+00  0.154455E-01
  0.304263E+01  0.207131E+00  0.154167E-01
  0.304536E+01  0.196063E+00  0.153719E-01
  0.304809E+01  0.212145E+00  0.154982E-01
  0.305083E+01  0.196166E+00  0.154808E-01
  0.305356E+01  0.211730E+00  0.154589E-01
  0.305630E+01  0.199721E+00  0.154359E-01
  0.305903E+01  0.182465E+00  0.153940E-01
  0.306176E+01  0.206217E+00  0.154817E-01
  0.306450E+01  0.186336E+00  0.153901E-01
  0.306723E+01  0.195330E+00  0.154351E-01
  0.306997E+01  0.192401E+00  0.152760E-01
  0.307270E+01  0.191615E+00  0.154187E-01
  0.307543E+01  0.199501E+00  0.153944E-01
  0.307817E+01  0.186240E+00  0.153745E-01
  0.308090E+01  0.191934E+00  0.153180E-01
  0.308364E+01  0.209573E+00  0.153839E-01
  0.308637E+01  0.196104E+00  0.153471E-01
  0.308911E+01  0.198105E+00  0.154382E-01
  0.309184E+01  0.207324E+00  0.154737E-01
  0.309457E+01  0.188130E+00  0.151435E-01
  0.309731E+01  0.185228E+00  0.153741E-01
  0.310004E+01  0.202441E+00  0.153769E-01
  0.310278E+01  0.176307E+00  0.153906E-01
  0.310551E+01  0.189551E+00  0.153079E-01
  0.310824E+01  0.174298E+00  0.152832E-01
  0.311098E+01  0.176533E+00  0.153081E-01
  0.311371E+01  0.186229E+00  0.153243E-01
  0.311645E+01  0.195991E+00  0.152870E-01
  0.311918E+01  0.200645E+00  0.152556E-01
  0.312191E+01  0.185402E+00  0.153818E-01
  0.312465E+01  0.180780E+00  0.152814E-01
  0.312738E+01  0.192165E+00  0.153575E-01
  0.313012E+01  0.190566E+00  0.153995E-01
  0.313285E+01  0.199887E+00  0.153976E-01
  0.313558E+01  0.203801E+00  0.152693E-01
  0.313832E+01  0.169368E+00  0.152587E-01
  0.314105E+01  0.190408E+00  0.153712E-01
  0.314379E+01  0.182256E+00  0.152675E-01
  0.314652E+01  0.202796E+00  0.152656E-01
  0.314925E+01  0.185170E+00  0.152962E-01
  0.315199E+01  0.180148E+00  0.153875E-01
  0.315472E+01  0.184795E+00  0.153102E-01
  0.315746E+01  0.181931E+00  0.151171E-01
  0.316019E+01  0.213210E+00  0.152914E-01
  0.316292E+01  0.188223E+00  0.151755E-01
  0.316566E+01  0.180755E+00  0.153263E-01
  0.316839E+01  0.195688E+00  0.152248E-01
  0.317113E+01  0.177445E+00  0.151827E-01
  0.317386E+01  0.183869E+00  0.152533E-01
  0.317659E+01  0.196061E+00  0.151366E-01
  0.317933E+01  0.185743E+00  0.152342E-01
  0.318206E+01  0.200786E+00  0.152220E-01
  0.318480E+01  0.196199E+00  0.153777E-01
  0.318753E+01  0.199965E+00  0.153047E-01
  0.319026E+01  0.178760E+00  0.150578E-01
  0.319300E+01  0.182161E+00  0.153355E-01
  0.319573E+01  0.210610E+00  0.154219E-01
  0.319847E+01  0.168795E+00  0.151718E-01
  0.320120E+01  0.169154E+00  0.151338E-01
  0.320394E+01  0.206260E+00  0.154235E-01
  0.320667E+01  0.196652E+00  0.153659E-01
  0.320940E+01  0.187607E+00  0.151348E-01
  0.321214E+01  0.188557E+00  0.152223E-01
  0.321487E+01  0.198697E+00  0.151699E-01
  0.321761E+01  0.193333E+00  0.153908E-01
  0.322034E+01  0.201533E+00  0.152885E-01
  0.322307E+01  0.158023E+00  0.150003E-01
  0.322581E+01  0.157964E+00  0.152015E-01
  0.322854E+01  0.166665E+00  0.151616E-01
  0.323128E+01  0.201855E+00  0.153595E-01
  0.323401E+01  0.158770E+00  0.151305E-01
  0.323674E+01  0.169565E+00  0.151743E-01
  0.323948E+01  0.199657E+00  0.153111E-01
  0.324221E+01  0.184156E+00  0.153213E-01
  0.324495E+01  0.181371E+00  0.151502E-01
  0.324768E+01  0.183781E+00  0.152350E-01
  0.325041E+01  0.186663E+00  0.152232E-01
  0.325315E+01  0.166381E+00  0.150580E-01
  0.325588E+01  0.203978E+00  0.152881E-01
  0.325862E+01  0.167820E+00  0.152176E-01
  0.326135E+01  0.202502E+00  0.152263E-01
  0.326408E+01  0.178165E+00  0.152306E-01
  0.326682E+01  0.170394E+00  0.151698E-01
  0.326955E+01  0.177892E+00  0.151782E-01
  0.327229E+01  0.204458E+00  0.151201E-01
  0.327502E+01  0.179871E+00  0.151956E-01
  0.327775E+01  0.189828E+00  0.151350E-01
  0.328049E+01  0.161505E+00  0.151507E-01
  0.328322E+01  0.178639E+00  0.151240E-01
  0.328596E+01  0.190595E+00  0.151710E-01
  0.328869E+01  0.190439E+00  0.150022E-01
  0.329142E+01  0.182705E+00  0.151998E-01
  0.329416E+01  0.186026E+00  0.150782E-01
  0.329689E+01  0.184862E+00  0.151401E-01
  0.329963E+01  0.197592E+00  0.151839E-01
  0.330236E+01  0.156295E+00  0.151028E-01
  0.330509E+01  0.175675E+00  0.152028E-01
  0.330783E+01  0.187434E+00  0.151624E-01
  0.331056E+01  0.187950E+00  0.152522E-01
  0.331330E+01  0.177551E+00  0.151128E-01
  0.331603E+01  0.187818E+00  0.151149E-01
  0.331876E+01  0.179969E+00  0.151289E-01
  0.332150E+01  0.189567E+00  0.151309E-01
  0.332423E+01  0.129581E+00  0.150687E-01
  0.332697E+01  0.173633E+00  0.151352E-01
  0.332970E+01  0.155595E+00  0.151705E-01
  0.333244E+01  0.177469E+00  0.149990E-01
  0.333517E+01  0.145954E+00  0.149606E-01
  0.333790E+01  0.175977E+00  0.152501E-01
  0.334064E+01  0.207824E+00  0.152435E-01
  0.334337E+01  0.147149E+00  0.149793E-01
  0.334611E+01  0.158013E+00  0.150222E-01
  0.334884E+01  0.182633E+00  0.150399E-01
  0.335157E+01  0.164690E+00  0.150500E-01
  0.335431E+01  0.174700E+00  0.151778E-01
  0.335704E+01  0.180341E+00  0.150900E-01
  0.335978E+01  0.173296E+00  0.150438E-01
  0.336251E+01  0.181416E+00  0.150792E-01
  0.336524E+01  0.188707E+00  0.151490E-01
  0.336798E+01  0.142118E+00  0.150223E-01
  0.337071E+01  0.175909E+00  0.151942E-01
  0.337345E+01  0.151248E+00  0.150051E-01
  0.337618E+01  0.175174E+00  0.150892E-01
  0.337891E+01  0.142841E+00  0.149547E-01
  0.338165E+01  0.188364E+00  0.150673E-01
  0.338438E+01  0.138526E+00  0.149357E-01
  0.338712E+01  0.172656E+00  0.149895E-01
  0.338985E+01  0.158064E+00  0.148767E-01
  0.339258E+01  0.173487E+00  0.151170E-01
  0.339532E+01  0.155739E+00  0.150625E-01
  0.339805E+01  0.170493E+00  0.150583E-01
  0.340079E+01  0.174173E+00  0.151188E-01
  0.340352E+01  0.180883E+00  0.150037E-01
  0.340625E+01  0.149251E+00  0.148496E-01
  0.340899E+01  0.143374E+00  0.150129E-01
  0.341172E+01  0.169068E+00  0.150038E-01
  0.341446E+01  0.183988E+00  0.150976E-01
  0.341719E+01  0.141168E+00  0.150154E-01
  0.341992E+01  0.154546E+00  0.149840E-01
  0.342266E+01  0.157050E+00  0.149000E-01
  0.342539E+01  0.189292E+00  0.150665E-01
  0.342813E+01  0.164688E+00  0.150450E-01
  0.343086E+01  0.184637E+00  0.150331E-01
  0.343359E+01  0.185686E+00  0.149453E-01
  0.343633E+01  0.165757E+00  0.150451E-01
  0.343906E+01  0.155509E+00  0.149848E-01
  0.344180E+01  0.157492E+00  0.150054E-01
  0.344453E+01  0.172888E+00  0.149295E-01
  0.344726E+01  0.155341E+00  0.150372E-01
  0.345000E+01  0.175177E+00  0.149514E-01
  0.345273E+01  0.150998E+00  0.149221E-01
  0.345547E+01  0.198961E+00  0.151245E-01
  0.345820E+01  0.152430E+00  0.148024E-01
  0.346094E+01  0.160369E+00  0.149517E-01
  0.346367E+01  0.174138E+00  0.150730E-01
  0.346640E+01  0.162748E+00  0.149610E-01
  0.346914E+01  0.155585E+00  0.150160E-01
  0.347187E+01  0.154575E+00  0.150544E-01
  0.347461E+01  0.179678E+00  0.150043E-01
  0.347734E+01  0.179362E+00  0.149160E-01
  0.348007E+01  0.168801E+00  0.149333E-01
  0.348281E+01  0.152293E+00  0.149438E-01
  0.348554E+01  0.148766E+00  0.148953E-01
  0.348828E+01  0.162884E+00  0.149362E-01
  0.349101E+01  0.174173E+00  0.147963E-01
  0.349374E+01  0.154573E+00  0.148608E-01
  0.349648E+01  0.167687E+00  0.149329E-01
  0.349921E+01  0.163520E+00  0.149234E-01
  0.350195E+01  0.175862E+00  0.150414E-01
  0.350468E+01  0.155595E+00  0.150342E-01
  0.350741E+01  0.160957E+00  0.149222E-01
  0.351015E+01  0.170033E+00  0.149944E-01
  0.351288E+01  0.148186E+00  0.147871E-01
  0.351562E+01  0.166816E+00  0.148234E-01
  0.351835E+01  0.198485E+00  0.149821E-01
  0.352108E+01  0.167034E+00  0.150797E-01
  0.352382E+01  0.159419E+00  0.148042E-01
  0.352655E+01  0.170601E+00  0.149769E-01
  0.352929E+01  0.159302E+00  0.149670E-01
  0.353202E+01  0.173220E+00  0.149750E-01
  0.353475E+01  0.149725E+00  0.147952E-01
  0.353749E+01  0.160263E+00  0.149783E-01
  0.354022E+01  0.143639E+00  0.147538E-01
  0.354296E+01  0.169462E+00  0.149654E-01
  0.354569E+01  0.136548E+00  0.147632E-01
  0.354842E+01  0.185466E+00  0.149144E-01
  0.355116E+01  0.151154E+00  0.149510E-01
  0.355389E+01  0.142697E+00  0.147508E-01
  0.355663E+01  0.115651E+00  0.147776E-01
  0.355936E+01  0.154329E+00  0.148990E-01
  0.356209E+01  0.174840E+00  0.149644E-01
  0.356483E+01  0.147377E+00  0.149520E-01
  0.356756E+01  0.153892E+00  0.148805E-01
  0.357030E+01  0.155727E+00  0.147680E-01
  0.357303E+01  0.160920E+00  0.148975E-01
  0.357577E+01  0.181823E+00  0.148688E-01
  0.357850E+01  0.161470E+00  0.148777E-01
  0.358123E+01  0.148272E+00  0.149371E-01
  0.358397E+01  0.147354E+00  0.148951E-01
  0.358670E+01  0.152917E+00  0.148108E-01
  0.358944E+01  0.150856E+00  0.147622E-01
  0.359217E+01  0.157399E+00  0.148497E-01
  0.359490E+01  0.170296E+00  0.148530E-01
  0.359764E+01  0.172032E+00  0.149210E-01
  0.360037E+01  0.178898E+00  0.149835E-01
  0.360311E+01  0.140060E+00  0.147421E-01
  0.360584E+01  0.142601E+00  0.147144E-01
  0.360857E+01  0.184672E+00  0.148290E-01
  0.361131E+01  0.143465E+00  0.148541E-01
  0.361404E+01  0.139663E+00  0.146414E-01
  0.361678E+01  0.158551E+00  0.149408E-01
  0.361951E+01  0.160113E+00  0.148146E-01
  0.362224E+01  0.140339E+00  0.147129E-01
  0.362498E+01  0.135176E+00  0.147776E-01
  0.362771E+01  0.147796E+00  0.147961E-01
  0.363045E+01  0.149980E+00  0.146961E-01
  0.363318E+01  0.175287E+00  0.149462E-01
  0.363591E+01  0.137108E+00  0.147650E-01
  0.363865E+01  0.144700E+00  0.148226E-01
  0.364138E+01  0.147430E+00  0.148740E-01
  0.364412E+01  0.165119E+00  0.148905E-01
  0.364685E+01  0.142781E+00  0.148176E-01
  0.364958E+01  0.127689E+00  0.147359E-01
  0.365232E+01  0.180784E+00  0.148417E-01
  0.365505E+01  0.159573E+00  0.148664E-01
  0.365779E+01  0.147512E+00  0.148458E-01
  0.366052E+01  0.143982E+00  0.148537E-01
  0.366325E+01  0.133190E+00  0.147277E-01
  0.366599E+01  0.149932E+00  0.149030E-01
  0.366872E+01  0.160800E+00  0.148584E-01
  0.367146E+01  0.140423E+00  0.147091E-01
  0.367419E+01  0.152307E+00  0.147388E-01
  0.367692E+01  0.148424E+00  0.147854E-01
  0.367966E+01  0.170608E+00  0.148125E-01
  0.368239E+01  0.130246E+00  0.147670E-01
  0.368513E+01  0.170092E+00  0.148612E-01
  0.368786E+01  0.144039E+00  0.147275E-01
  0.369059E+01  0.147726E+00  0.148543E-01
  0.369333E+01  0.149563E+00  0.148316E-01
  0.369606E+01  0.122824E+00  0.148185E-01
  0.369880E+01  0.164462E+00  0.148897E-01
  0.370153E+01  0.149228E+00  0.147997E-01
  0.370427E+01  0.152689E+00  0.146984E-01
  0.370700E+01  0.132153E+00  0.146540E-01
  0.370973E+01  0.152227E+00  0.148612E-01
  0.371247E+01  0.138066E+00  0.147804E-01
  0.371520E+01  0.151238E+00  0.147599E-01
  0.371794E+01  0.143933E+00  0.148628E-01
  0.372067E+01  0.147876E+00  0.147476E-01
  0.372340E+01  0.132344E+00  0.148592E-01
  0.372614E+01  0.162949E+00  0.148811E-01
  0.372887E+01  0.136621E+00  0.147659E-01
  0.373161E+01  0.148350E+00  0.147465E-01
  0.373434E+01  0.166092E+00  0.146941E-01
  0.373707E+01  0.145441E+00  0.147990E-01
  0.373981E+01  0.144809E+00  0.148550E-01
  0.374254E+01  0.127418E+00  0.147198E-01
  0.374528E+01  0.161829E+00  0.147793E-01
  0.374801E+01  0.159729E+00  0.146813E-01
  0.375074E+01  0.142923E+00  0.147750E-01
  0.375348E+01  0.154167E+00  0.147631E-01
  0.375621E+01  0.132040E+00  0.147659E-01
  0.375895E+01  0.159561E+00  0.148977E-01
  0.376168E+01  0.156765E+00  0.148547E-01
  0.376441E+01  0.133594E+00  0.146942E-01
  0.376715E+01  0.165164E+00  0.150584E-01
  0.376988E+01  0.147305E+00  0.147142E-01
  0.377262E+01  0.160137E+00  0.147503E-01
  0.377535E+01  0.153223E+00  0.147440E-01
  0.377808E+01  0.140062E+00  0.148013E-01
  0.378082E+01  0.150060E+00  0.147163E-01
  0.378355E+01  0.140450E+00  0.148179E-01
  0.378629E+01  0.160324E+00  0.148365E-01
  0.378902E+01  0.150803E+00  0.147795E-01
  0.379175E+01  0.140090E+00  0.147806E-01
  0.379449E+01  0.146129E+00  0.148748E-01
  0.379722E+01  0.157040E+00  0.148112E-01
  0.379996E+01  0.127859E+00  0.146693E-01
  0.380269E+01  0.141371E+00  0.147435E-01
  0.380542E+01  0.123799E+00  0.146339E-01
  0.380816E+01  0.157186E+00  0.148361E-01
  0.381089E+01  0.140460E+00  0.148107E-01
  0.381363E+01  0.149791E+00  0.148070E-01
  0.381636E+01  0.137488E+00  0.147116E-01
  0.381909E+01  0.129468E+00  0.145268E-01
  0.382183E+01  0.158089E+00  0.148902E-01
  0.382456E+01  0.144417E+00  0.146909E-01
  0.382730E+01  0.148637E+00  0.146442E-01
  0.383003E+01  0.156892E+00  0.147394E-01
  0.383277E+01  0.137219E+00  0.148019E-01
  0.383550E+01  0.146336E+00  0.147996E-01
  0.383823E+01  0.169692E+00  0.149090E-01
  0.384097E+01  0.149594E+00  0.146841E-01
  0.384370E+01  0.161098E+00  0.147148E-01
  0.384644E+01  0.125507E+00  0.146569E-01
  0.384917E+01  0.154973E+00  0.146541E-01
  0.385190E+01  0.145053E+00  0.147592E-01
  0.385464E+01  0.154204E+00  0.147790E-01
  0.385737E+01  0.149119E+00  0.147676E-01
  0.386011E+01  0.152100E+00  0.148676E-01
  0.386284E+01  0.163727E+00  0.148013E-01
  0.386557E+01  0.163805E+00  0.148051E-01
  0.386831E+01  0.141213E+00  0.146605E-01
  0.387104E+01  0.146821E+00  0.147506E-01
  0.387378E+01  0.153740E+00  0.147133E-01
  0.387651E+01  0.172750E+00  0.148012E-01
  0.387924E+01  0.150876E+00  0.147166E-01
  0.388198E+01  0.146422E+00  0.148858E-01
  0.388471E+01  0.144353E+00  0.147223E-01
  0.388745E+01  0.153853E+00  0.147406E-01
  0.389018E+01  0.148374E+00  0.147707E-01
  0.389291E+01  0.156414E+00  0.147728E-01
  0.389565E+01  0.154850E+00  0.147945E-01
  0.389838E+01  0.145279E+00  0.146529E-01
  0.390112E+01  0.131293E+00  0.146336E-01
  0.390385E+01  0.146751E+00  0.147507E-01
  0.390658E+01  0.175595E+00  0.146678E-01
  0.390932E+01  0.117360E+00  0.145994E-01
  0.391205E+01  0.147455E+00  0.147460E-01
  0.391479E+01  0.174456E+00  0.148655E-01
  0.391752E+01  0.158300E+00  0.148970E-01
  0.392025E+01  0.159856E+00  0.147429E-01
  0.392299E+01  0.162287E+00  0.147258E-01
  0.392572E+01  0.118590E+00  0.145396E-01
  0.392846E+01  0.164078E+00  0.147135E-01
  0.393119E+01  0.141404E+00  0.145262E-01
  0.393392E+01  0.175540E+00  0.146450E-01
  0.393666E+01  0.152186E+00  0.169458E-01
  0.393939E+01  0.140564E+00  0.179898E-01
  0.394213E+01  0.139224E+00  0.187830E-01
  0.394486E+01  0.133403E+00  0.201812E-01
  0.394759E+01  0.176841E+00  0.216831E-01
  0.395033E+01  0.113247E+00  0.224025E-01
  0.395306E+01  0.143908E+00  0.235294E-01
  0.395580E+01  0.181874E+00  0.240958E-01
  0.395853E+01  0.140478E+00  0.253955E-01
  0.396127E+01  0.183721E+00  0.264498E-01
  0.396400E+01  0.164653E+00  0.196045E-01
  0.396673E+01  0.133592E+00  0.182649E-01
  0.396947E+01  0.157716E+00  0.176945E-01
  0.397220E+01  0.160573E+00  0.172662E-01
  0.397494E+01  0.129080E+00  0.167398E-01
  0.397767E+01  0.135472E+00  0.164824E-01
  0.398040E+01  0.157783E+00  0.164268E-01
  0.398314E+01  0.139004E+00  0.163413E-01
  0.398587E+01  0.166667E+00  0.163907E-01
  0.398861E+01  0.171039E+00  0.164200E-01
  0.399134E+01  0.164002E+00  0.161436E-01
  0.399407E+01  0.171562E+00  0.161287E-01
  0.399681E+01  0.134431E+00  0.159785E-01
  0.399954E+01  0.161946E+00  0.161140E-01
  0.400228E+01  0.126609E+00  0.159387E-01
  0.400501E+01  0.139462E+00  0.158581E-01
  0.400774E+01  0.137155E+00  0.159492E-01
  0.401048E+01  0.129943E+00  0.156555E-01
  0.401321E+01  0.150101E+00  0.155782E-01
  0.401595E+01  0.174819E+00  0.155165E-01
  0.401868E+01  0.149236E+00  0.154666E-01
  0.402141E+01  0.167677E+00  0.152649E-01
  0.402415E+01  0.149614E+00  0.152254E-01
  0.402688E+01  0.161492E+00  0.149781E-01
  0.402962E+01  0.168612E+00  0.150227E-01
  0.403235E+01  0.155248E+00  0.148327E-01
  0.403508E+01  0.134709E+00  0.148183E-01
  0.403782E+01  0.154158E+00  0.147471E-01
  0.404055E+01  0.153810E+00  0.148497E-01
  0.404329E+01  0.155049E+00  0.147258E-01
  0.404602E+01  0.160371E+00  0.147198E-01
  0.404875E+01  0.177960E+00  0.148536E-01
  0.405149E+01  0.145552E+00  0.147144E-01
  0.405422E+01  0.162106E+00  0.147523E-01
  0.405696E+01  0.149743E+00  0.147181E-01
  0.405969E+01  0.159236E+00  0.147698E-01
  0.406242E+01  0.164624E+00  0.148207E-01
  0.406516E+01  0.159368E+00  0.146702E-01
  0.406789E+01  0.188108E+00  0.148206E-01
  0.407063E+01  0.119867E+00  0.145995E-01
  0.407336E+01  0.151726E+00  0.147485E-01
  0.407610E+01  0.170209E+00  0.148121E-01
  0.407883E+01  0.143340E+00  0.146964E-01
  0.408156E+01  0.163276E+00  0.148025E-01
  0.408430E+01  0.149146E+00  0.147314E-01
  0.408703E+01  0.149399E+00  0.146868E-01
  0.408977E+01  0.133393E+00  0.146856E-01
  0.409250E+01  0.125384E+00  0.147050E-01
  0.409523E+01  0.152666E+00  0.148264E-01
  0.409797E+01  0.153498E+00  0.146228E-01
  0.410070E+01  0.153916E+00  0.147319E-01
  0.410344E+01  0.143664E+00  0.146883E-01
  0.410617E+01  0.165187E+00  0.147201E-01
  0.410890E+01  0.171217E+00  0.146773E-01
  0.411164E+01  0.151348E+00  0.145747E-01
  0.411437E+01  0.166621E+00  0.148433E-01
  0.411711E+01  0.161110E+00  0.147425E-01
  0.411984E+01  0.152785E+00  0.147472E-01
  0.412257E+01  0.155495E+00  0.145965E-01
  0.412531E+01  0.174232E+00  0.147030E-01
  0.412804E+01  0.160388E+00  0.147842E-01
  0.413078E+01  0.143537E+00  0.145820E-01
  0.413351E+01  0.154667E+00  0.146200E-01
  0.413624E+01  0.144945E+00  0.145966E-01
  0.413898E+01  0.144959E+00  0.146347E-01
  0.414171E+01  0.165404E+00  0.147856E-01
  0.414445E+01  0.143015E+00  0.147010E-01
  0.414718E+01  0.153239E+00  0.147165E-01
  0.414991E+01  0.163327E+00  0.146954E-01
  0.415265E+01  0.171833E+00  0.146707E-01
  0.415538E+01  0.157822E+00  0.147833E-01
  0.415812E+01  0.185790E+00  0.147445E-01
  0.416085E+01  0.161410E+00  0.145250E-01
  0.416358E+01  0.168904E+00  0.147914E-01
  0.416632E+01  0.152867E+00  0.146170E-01
  0.416905E+01  0.143682E+00  0.146371E-01
  0.417179E+01  0.153301E+00  0.146936E-01
  0.417452E+01  0.182063E+00  0.147121E-01
  0.417725E+01  0.172467E+00  0.146667E-01
  0.417999E+01  0.154672E+00  0.146005E-01
  0.418272E+01  0.159025E+00  0.146812E-01
  0.418546E+01  0.153136E+00  0.146802E-01
  0.418819E+01  0.138783E+00  0.146469E-01
  0.419092E+01  0.159934E+00  0.146732E-01
  0.419366E+01  0.162276E+00  0.146079E-01
  0.419639E+01  0.162079E+00  0.146710E-01
  0.419913E+01  0.180663E+00  0.148233E-01
  0.420186E+01  0.146277E+00  0.147370E-01
  0.420460E+01  0.166786E+00  0.146715E-01
  0.420733E+01  0.154622E+00  0.146865E-01
  0.421006E+01  0.188239E+00  0.146567E-01
  0.421280E+01  0.160371E+00  0.146357E-01
  0.421553E+01  0.155121E+00  0.146458E-01
  0.421827E+01  0.165302E+00  0.145991E-01
  0.422100E+01  0.170995E+00  0.147062E-01
  0.422373E+01  0.159113E+00  0.146024E-01
  0.422647E+01  0.161638E+00  0.145846E-01
  0.422920E+01  0.159682E+00  0.146159E-01
  0.423194E+01  0.166554E+00  0.145502E-01
  0.423467E+01  0.164891E+00  0.146585E-01
  0.423740E+01  0.157217E+00  0.145744E-01
  0.424014E+01  0.166862E+00  0.145665E-01
  0.424287E+01  0.157882E+00  0.146423E-01
  0.424561E+01  0.164236E+00  0.146130E-01
  0.424834E+01  0.169165E+00  0.146412E-01
  0.425107E+01  0.166638E+00  0.145463E-01
  0.425381E+01  0.142440E+00  0.145784E-01
  0.425654E+01  0.177874E+00  0.146213E-01
  0.425928E+01  0.170131E+00  0.146309E-01
  0.426201E+01  0.150291E+00  0.145579E-01
  0.426474E+01  0.171498E+00  0.144964E-01
  0.426748E+01  0.124945E+00  0.145276E-01
  0.427021E+01  0.171533E+00  0.146568E-01
  0.427295E+01  0.166685E+00  0.145617E-01
  0.427568E+01  0.159772E+00  0.144929E-01
  0.427841E+01  0.163610E+00  0.147144E-01
  0.428115E+01  0.161802E+00  0.146532E-01
  0.428388E+01  0.161236E+00  0.145053E-01
  0.428662E+01  0.141147E+00  0.143633E-01
  0.428935E+01  0.149161E+00  0.145108E-01
  0.429208E+01  0.172841E+00  0.145477E-01
  0.429482E+01  0.148832E+00  0.144656E-01
  0.429755E+01  0.147036E+00  0.143975E-01
  0.430029E+01  0.159156E+00  0.145321E-01
  0.430302E+01  0.152960E+00  0.144784E-01
  0.430575E+01  0.168413E+00  0.144599E-01
  0.430849E+01  0.165885E+00  0.145449E-01
  0.431122E+01  0.128721E+00  0.143987E-01
  0.431396E+01  0.176133E+00  0.145919E-01
  0.431669E+01  0.137718E+00  0.145214E-01
  0.431942E+01  0.152040E+00  0.145179E-01
  0.432216E+01  0.143822E+00  0.145085E-01
  0.432489E+01  0.144043E+00  0.144920E-01
  0.432763E+01  0.174210E+00  0.145659E-01
  0.433036E+01  0.164528E+00  0.143791E-01
  0.433310E+01  0.179489E+00  0.146115E-01
  0.433583E+01  0.182970E+00  0.145929E-01
  0.433856E+01  0.166792E+00  0.143810E-01
  0.434130E+01  0.162654E+00  0.144239E-01
  0.434403E+01  0.172235E+00  0.145231E-01
  0.434677E+01  0.149407E+00  0.143787E-01
  0.434950E+01  0.151162E+00  0.144807E-01
  0.435223E+01  0.182607E+00  0.145410E-01
  0.435497E+01  0.184889E+00  0.144517E-01
  0.435770E+01  0.164901E+00  0.144599E-01
  0.436044E+01  0.141862E+00  0.144427E-01
  0.436317E+01  0.169368E+00  0.145539E-01
  0.436590E+01  0.136250E+00  0.143015E-01
  0.436864E+01  0.157627E+00  0.144138E-01
  0.437137E+01  0.177506E+00  0.144551E-01
  0.437411E+01  0.143167E+00  0.144415E-01
  0.437684E+01  0.172943E+00  0.144659E-01
  0.437957E+01  0.166030E+00  0.144410E-01
  0.438231E+01  0.162707E+00  0.145035E-01
  0.438504E+01  0.206907E+00  0.146359E-01
  0.438778E+01  0.168420E+00  0.144266E-01
  0.439051E+01  0.177266E+00  0.144133E-01
  0.439324E+01  0.159179E+00  0.144514E-01
  0.439598E+01  0.164628E+00  0.144706E-01
  0.439871E+01  0.147785E+00  0.142341E-01
  0.440145E+01  0.173887E+00  0.143729E-01
  0.440418E+01  0.172237E+00  0.144849E-01
  0.440691E+01  0.173984E+00  0.144338E-01
  0.440965E+01  0.155743E+00  0.144735E-01
  0.441238E+01  0.136938E+00  0.144193E-01
  0.441512E+01  0.158173E+00  0.143675E-01
  0.441785E+01  0.168684E+00  0.145206E-01
  0.442058E+01  0.143682E+00  0.143617E-01
  0.442332E+01  0.144629E+00  0.144491E-01
  0.442605E+01  0.129908E+00  0.144028E-01
  0.442879E+01  0.145080E+00  0.143480E-01
  0.443152E+01  0.145751E+00  0.142662E-01
  0.443425E+01  0.165064E+00  0.143892E-01
  0.443699E+01  0.165659E+00  0.144085E-01
  0.443972E+01  0.149027E+00  0.143854E-01
  0.444246E+01  0.157473E+00  0.144037E-01
  0.444519E+01  0.178645E+00  0.145365E-01
  0.444792E+01  0.171357E+00  0.142265E-01
  0.445066E+01  0.158165E+00  0.145356E-01
  0.445339E+01  0.160883E+00  0.144233E-01
  0.445613E+01  0.148951E+00  0.142568E-01
  0.445886E+01  0.163229E+00  0.143209E-01
  0.446160E+01  0.155827E+00  0.143710E-01
  0.446433E+01  0.167085E+00  0.143318E-01
  0.446706E+01  0.149739E+00  0.142671E-01
  0.446980E+01  0.169908E+00  0.142912E-01
  0.447253E+01  0.153229E+00  0.142476E-01
  0.447527E+01  0.156660E+00  0.142964E-01
  0.447800E+01  0.178428E+00  0.143091E-01
  0.448073E+01  0.165016E+00  0.142965E-01
  0.448347E+01  0.150452E+00  0.142883E-01
  0.448620E+01  0.172303E+00  0.143286E-01
  0.448894E+01  0.179680E+00  0.145054E-01
  0.449167E+01  0.151168E+00  0.142947E-01
  0.449440E+01  0.157549E+00  0.143441E-01
  0.449714E+01  0.163438E+00  0.143833E-01
  0.449987E+01  0.133456E+00  0.143240E-01
  0.450261E+01  0.159477E+00  0.143289E-01
  0.450534E+01  0.136174E+00  0.142971E-01
  0.450807E+01  0.155683E+00  0.143550E-01
  0.451081E+01  0.171851E+00  0.143989E-01
  0.451354E+01  0.152742E+00  0.144123E-01
  0.451628E+01  0.150308E+00  0.141368E-01
  0.451901E+01  0.144466E+00  0.142886E-01
  0.452174E+01  0.170283E+00  0.143976E-01
  0.452448E+01  0.189614E+00  0.143263E-01
  0.452721E+01  0.181533E+00  0.145217E-01
  0.452995E+01  0.162475E+00  0.143220E-01
  0.453268E+01  0.143498E+00  0.142703E-01
  0.453541E+01  0.170265E+00  0.144291E-01
  0.453815E+01  0.163809E+00  0.142771E-01
  0.454088E+01  0.159302E+00  0.143835E-01
  0.454362E+01  0.169573E+00  0.142708E-01
  0.454635E+01  0.168645E+00  0.144892E-01
  0.454908E+01  0.163027E+00  0.142596E-01
  0.455182E+01  0.147687E+00  0.143330E-01
  0.455455E+01  0.152744E+00  0.142234E-01
  0.455729E+01  0.177687E+00  0.144115E-01
  0.456002E+01  0.162874E+00  0.143161E-01
  0.456275E+01  0.186195E+00  0.144818E-01
  0.456549E+01  0.168968E+00  0.144377E-01
  0.456822E+01  0.155216E+00  0.141618E-01
  0.457096E+01  0.169904E+00  0.142668E-01
  0.457369E+01  0.157861E+00  0.142665E-01
  0.457643E+01  0.165932E+00  0.143712E-01
  0.457916E+01  0.134758E+00  0.142583E-01
  0.458189E+01  0.163403E+00  0.143500E-01
  0.458463E+01  0.141221E+00  0.142993E-01
  0.458736E+01  0.165913E+00  0.142857E-01
  0.459010E+01  0.162262E+00  0.143590E-01
  0.459283E+01  0.163181E+00  0.143761E-01
  0.459556E+01  0.139739E+00  0.142727E-01
  0.459830E+01  0.170998E+00  0.144295E-01
  0.460103E+01  0.169592E+00  0.143756E-01
  0.460377E+01  0.164013E+00  0.144200E-01
  0.460650E+01  0.170439E+00  0.143363E-01
  0.460923E+01  0.152229E+00  0.142384E-01
  0.461197E+01  0.171790E+00  0.143274E-01
  0.461470E+01  0.158370E+00  0.143477E-01
  0.461744E+01  0.161944E+00  0.142515E-01
  0.462017E+01  0.185694E+00  0.143859E-01
  0.462290E+01  0.176564E+00  0.143546E-01
  0.462564E+01  0.165277E+00  0.142520E-01
  0.462837E+01  0.185987E+00  0.144983E-01
  0.463111E+01  0.154015E+00  0.142815E-01
  0.463384E+01  0.164940E+00  0.144041E-01
  0.463657E+01  0.155704E+00  0.143010E-01
  0.463931E+01  0.153348E+00  0.141861E-01
  0.464204E+01  0.144988E+00  0.141021E-01
  0.464478E+01  0.158352E+00  0.141938E-01
  0.464751E+01  0.175848E+00  0.143117E-01
  0.465024E+01  0.170374E+00  0.142809E-01
  0.465298E+01  0.141457E+00  0.140663E-01
  0.465571E+01  0.174811E+00  0.142185E-01
  0.465845E+01  0.152358E+00  0.143140E-01
  0.466118E+01  0.153578E+00  0.142593E-01
  0.466391E+01  0.180216E+00  0.142839E-01
  0.466665E+01  0.148048E+00  0.140855E-01
  0.466938E+01  0.165133E+00  0.140837E-01
  0.467212E+01  0.162202E+00  0.141755E-01
  0.467485E+01  0.142276E+00  0.139547E-01
  0.467758E+01  0.171773E+00  0.142294E-01
  0.468032E+01  0.171991E+00  0.141384E-01
  0.468305E+01  0.173385E+00  0.142242E-01
  0.468579E+01  0.183259E+00  0.142181E-01
  0.468852E+01  0.165398E+00  0.142308E-01
  0.469125E+01  0.158810E+00  0.141020E-01
  0.469399E+01  0.164581E+00  0.142188E-01
  0.469672E+01  0.157718E+00  0.142817E-01
  0.469946E+01  0.186841E+00  0.143416E-01
  0.470219E+01  0.152143E+00  0.142299E-01
  0.470493E+01  0.140131E+00  0.141940E-01
  0.470766E+01  0.178506E+00  0.144404E-01
  0.471039E+01  0.182656E+00  0.142891E-01
  0.471313E+01  0.172830E+00  0.143181E-01
  0.471586E+01  0.192120E+00  0.143662E-01
  0.471860E+01  0.147319E+00  0.143561E-01
  0.472133E+01  0.161630E+00  0.143063E-01
  0.472406E+01  0.164230E+00  0.142449E-01
  0.472680E+01  0.156059E+00  0.142262E-01
  0.472953E+01  0.186646E+00  0.143584E-01
  0.473227E+01  0.193169E+00  0.144212E-01
  0.473500E+01  0.206041E+00  0.144123E-01
  0.473773E+01  0.178711E+00  0.141799E-01
  0.474047E+01  0.164438E+00  0.143534E-01
  0.474320E+01  0.158664E+00  0.143653E-01
  0.474594E+01  0.154413E+00  0.142563E-01
  0.474867E+01  0.161090E+00  0.142123E-01
  0.475140E+01  0.138220E+00  0.140896E-01
  0.475414E+01  0.161258E+00  0.142441E-01
  0.475687E+01  0.146985E+00  0.142390E-01
  0.475961E+01  0.161223E+00  0.143885E-01
  0.476234E+01  0.151310E+00  0.142300E-01
  0.476507E+01  0.146504E+00  0.142376E-01
  0.476781E+01  0.160612E+00  0.141528E-01
  0.477054E+01  0.168649E+00  0.143077E-01
  0.477328E+01  0.158479E+00  0.141520E-01
  0.477601E+01  0.163571E+00  0.142838E-01
  0.477874E+01  0.168789E+00  0.142822E-01
  0.478148E+01  0.157061E+00  0.141845E-01
  0.478421E+01  0.149940E+00  0.142594E-01
  0.478695E+01  0.171868E+00  0.143202E-01
  0.478968E+01  0.168069E+00  0.143483E-01
  0.479241E+01  0.147720E+00  0.142273E-01
  0.479515E+01  0.172200E+00  0.142011E-01
  0.479788E+01  0.173978E+00  0.143517E-01
  0.480062E+01  0.163225E+00  0.141586E-01
  0.480335E+01  0.156232E+00  0.142280E-01
  0.480608E+01  0.158083E+00  0.142543E-01
  0.480882E+01  0.158177E+00  0.142225E-01
  0.481155E+01  0.169165E+00  0.143129E-01
  0.481429E+01  0.171217E+00  0.143655E-01
  0.481702E+01  0.172613E+00  0.141707E-01
  0.481975E+01  0.153705E+00  0.142124E-01
  0.482249E+01  0.153898E+00  0.143475E-01
  0.482522E+01  0.166730E+00  0.141916E-01
  0.482796E+01  0.182902E+00  0.143436E-01
  0.483069E+01  0.154524E+00  0.142931E-01
  0.483343E+01  0.157748E+00  0.142896E-01
  0.483616E+01  0.169799E+00  0.142295E-01
  0.483889E+01  0.155940E+00  0.142246E-01
  0.484163E+01  0.151564E+00  0.143385E-01
  0.484436E+01  0.144228E+00  0.141255E-01
  0.484710E+01  0.165080E+00  0.142072E-01
  0.484983E+01  0.141888E+00  0.141933E-01
  0.485256E+01  0.158555E+00  0.140827E-01
  0.485530E+01  0.171685E+00  0.142376E-01
  0.485803E+01  0.152044E+00  0.141847E-01
  0.486077E+01  0.179462E+00  0.142486E-01
  0.486350E+01  0.160669E+00  0.143669E-01
  0.486623E+01  0.154249E+00  0.142044E-01
  0.486897E+01  0.185599E+00  0.143973E-01
  0.487170E+01  0.157307E+00  0.142375E-01
  0.487444E+01  0.169321E+00  0.142114E-01
  0.487717E+01  0.152557E+00  0.140905E-01
  0.487990E+01  0.166221E+00  0.142170E-01
  0.488264E+01  0.159158E+00  0.144037E-01
  0.488537E+01  0.169436E+00  0.142769E-01
  0.488811E+01  0.172691E+00  0.143825E-01
  0.489084E+01  0.166451E+00  0.142427E-01
  0.489357E+01  0.163091E+00  0.143166E-01
  0.489631E+01  0.168171E+00  0.142840E-01
  0.489904E+01  0.172055E+00  0.142518E-01
  0.490178E+01  0.159085E+00  0.142733E-01
  0.490451E+01  0.159401E+00  0.140709E-01
  0.490724E+01  0.177791E+00  0.142778E-01
  0.490998E+01  0.176223E+00  0.141988E-01
  0.491271E+01  0.153941E+00  0.141303E-01
  0.491545E+01  0.161671E+00  0.142853E-01
  0.491818E+01  0.156564E+00  0.142968E-01
  0.492091E+01  0.180677E+00  0.142256E-01
  0.492365E+01  0.183502E+00  0.142483E-01
  0.492638E+01  0.160866E+00  0.142417E-01
  0.492912E+01  0.142133E+00  0.141444E-01
  0.493185E+01  0.171061E+00  0.142315E-01
  0.493458E+01  0.159261E+00  0.141714E-01
  0.493732E+01  0.174801E+00  0.143043E-01
  0.494005E+01  0.169111E+00  0.144181E-01
  0.494279E+01  0.163904E+00  0.142183E-01
  0.494552E+01  0.156537E+00  0.142308E-01
  0.494825E+01  0.190142E+00  0.143008E-01
  0.495099E+01  0.147504E+00  0.140914E-01
  0.495372E+01  0.176188E+00  0.142415E-01
  0.495646E+01  0.172523E+00  0.141779E-01
  0.495919E+01  0.152463E+00  0.140929E-01
  0.496193E+01  0.167564E+00  0.142298E-01
  0.496466E+01  0.160546E+00  0.142359E-01
  0.496739E+01  0.170866E+00  0.143031E-01
  0.497013E+01  0.173145E+00  0.142905E-01
  0.497286E+01  0.159419E+00  0.142462E-01
  0.497560E+01  0.163608E+00  0.142036E-01
  0.497833E+01  0.168754E+00  0.141918E-01
  0.498106E+01  0.150341E+00  0.141932E-01
  0.498380E+01  0.162030E+00  0.142908E-01
  0.498653E+01  0.174512E+00  0.143325E-01
  0.498927E+01  0.170575E+00  0.141661E-01
  0.499200E+01  0.178420E+00  0.142955E-01
  0.499473E+01  0.183586E+00  0.142957E-01
  0.499747E+01  0.170692E+00  0.142848E-01
  0.500020E+01  0.134834E+00  0.140062E-01
  0.500294E+01  0.187412E+00  0.143860E-01
  0.500567E+01  0.177149E+00  0.143584E-01
  0.500840E+01  0.171675E+00  0.142103E-01
  0.501114E+01  0.171829E+00  0.142590E-01
  0.501387E+01  0.181704E+00  0.143455E-01
  0.501661E+01  0.203807E+00  0.143429E-01
  0.501934E+01  0.162613E+00  0.142808E-01
  0.502207E+01  0.180575E+00  0.143312E-01
  0.502481E+01  0.181991E+00  0.144008E-01
  0.502754E+01  0.158904E+00  0.142559E-01
  0.503028E+01  0.186726E+00  0.142847E-01
  0.503301E+01  0.164887E+00  0.142377E-01
  0.503574E+01  0.148200E+00  0.141488E-01
  0.503848E+01  0.164121E+00  0.142085E-01
  0.504121E+01  0.150250E+00  0.141588E-01
  0.504395E+01  0.169154E+00  0.142774E-01
  0.504668E+01  0.172126E+00  0.141129E-01
  0.504941E+01  0.146622E+00  0.143231E-01
  0.505215E+01  0.168085E+00  0.143854E-01
  0.505488E+01  0.176340E+00  0.142590E-01
  0.505762E+01  0.170263E+00  0.142494E-01
  0.506035E+01  0.156449E+00  0.142282E-01
  0.506308E+01  0.158541E+00  0.142289E-01
  0.506582E+01  0.163725E+00  0.143210E-01
  0.506855E+01  0.167426E+00  0.142435E-01
  0.507129E+01  0.172931E+00  0.142857E-01
  0.507402E+01  0.178676E+00  0.143780E-01
  0.507676E+01  0.186687E+00  0.143771E-01
  0.507949E+01  0.173549E+00  0.144400E-01
  0.508222E+01  0.167847E+00  0.142441E-01
  0.508496E+01  0.187999E+00  0.143447E-01
  0.508769E+01  0.177993E+00  0.143076E-01
  0.509043E+01  0.190722E+00  0.143626E-01
  0.509316E+01  0.163243E+00  0.141459E-01
  0.509589E+01  0.169984E+00  0.142157E-01
  0.509863E+01  0.158543E+00  0.142407E-01
  0.510136E+01  0.179674E+00  0.143530E-01
  0.510410E+01  0.183450E+00  0.143673E-01
  0.510683E+01  0.169707E+00  0.143870E-01
  0.510956E+01  0.175156E+00  0.143672E-01
  0.511230E+01  0.168859E+00  0.142861E-01
  0.511503E+01  0.193508E+00  0.143379E-01
  0.511777E+01  0.148955E+00  0.143048E-01
  0.512050E+01  0.175417E+00  0.142831E-01
  0.512323E+01  0.182176E+00  0.142852E-01
  0.512597E+01  0.194109E+00  0.142961E-01
  0.512870E+01  0.144953E+00  0.141606E-01
  0.513144E+01  0.183883E+00  0.142962E-01
  0.513417E+01  0.174380E+00  0.143428E-01
  0.513690E+01  0.168491E+00  0.142900E-01
  0.513964E+01  0.176942E+00  0.143499E-01
  0.514237E+01  0.171248E+00  0.142219E-01
  0.514511E+01  0.184862E+00  0.143276E-01
  0.514784E+01  0.184514E+00  0.143408E-01
  0.515057E+01  0.170216E+00  0.143207E-01
  0.515331E+01  0.179140E+00  0.143765E-01
  0.515604E+01  0.172326E+00  0.144228E-01
  0.515878E+01  0.196408E+00  0.142578E-01
  0.516151E+01  0.135419E+00  0.143456E-01
  0.516424E+01  0.172055E+00  0.142735E-01
  0.516698E+01  0.194865E+00  0.144645E-01
  0.516971E+01  0.187518E+00  0.143929E-01
  0.517245E+01  0.187129E+00  0.145032E-01
  0.517518E+01  0.170579E+00  0.143550E-01
  0.517791E+01  0.213300E+00  0.144288E-01
  0.518065E+01  0.150786E+00  0.142730E-01
  0.518338E+01  0.185025E+00  0.144339E-01
  0.518612E+01  0.181096E+00  0.143003E-01
  0.518885E+01  0.164594E+00  0.143919E-01
  0.519158E+01  0.185525E+00  0.142863E-01
  0.519432E+01  0.168147E+00  0.144126E-01
  0.519705E+01  0.170991E+00  0.145458E-01
  0.519979E+01  0.172666E+00  0.143348E-01
  0.520252E+01  0.181739E+00  0.144528E-01
  0.520526E+01  0.161246E+00  0.143074E-01
  0.520799E+01  0.158758E+00  0.142728E-01
  0.521072E+01  0.189684E+00  0.143483E-01
  0.521346E+01  0.181199E+00  0.144370E-01
  0.521619E+01  0.178678E+00  0.144032E-01
  0.521893E+01  0.171927E+00  0.143226E-01
  0.522166E+01  0.171825E+00  0.142890E-01
  0.522439E+01  0.157785E+00  0.143834E-01
  0.522713E+01  0.176911E+00  0.143712E-01
  0.522986E+01  0.163625E+00  0.142971E-01
  0.523260E+01  0.180324E+00  0.143615E-01
  0.523533E+01  0.187149E+00  0.144048E-01
  0.523806E+01  0.185911E+00  0.143713E-01
  0.524080E+01  0.166207E+00  0.143932E-01
  0.524353E+01  0.175474E+00  0.142720E-01
  0.524627E+01  0.219212E+00  0.145343E-01
  0.524900E+01  0.211562E+00  0.145712E-01
  0.525173E+01  0.179717E+00  0.143226E-01
  0.525447E+01  0.171823E+00  0.144341E-01
  0.525720E+01  0.191884E+00  0.144791E-01
  0.525994E+01  0.161660E+00  0.142797E-01
  0.526267E+01  0.191755E+00  0.144277E-01
  0.526540E+01  0.179977E+00  0.144165E-01
  0.526814E+01  0.192769E+00  0.143689E-01
  0.527087E+01  0.180047E+00  0.144088E-01
  0.527361E+01  0.166488E+00  0.143519E-01
  0.527634E+01  0.174033E+00  0.143627E-01
  0.527907E+01  0.208034E+00  0.145209E-01
  0.528181E+01  0.155174E+00  0.144009E-01
  0.528454E+01  0.173157E+00  0.142630E-01
  0.528728E+01  0.194070E+00  0.171006E-01
  0.529001E+01  0.155374E+00  0.182023E-01
  0.529274E+01  0.177627E+00  0.198611E-01
  0.529548E+01  0.159144E+00  0.214617E-01
  0.529821E+01  0.215784E+00  0.229391E-01
  0.530095E+01  0.188697E+00  0.239239E-01
  0.530368E+01  0.200131E+00  0.254130E-01
  0.530641E+01  0.170466E+00  0.260380E-01
  0.530915E+01  0.160788E+00  0.276605E-01
  0.531188E+01  0.198473E+00  0.187766E-01
  0.531462E+01  0.171753E+00  0.181818E-01
  0.531735E+01  0.194631E+00  0.169137E-01
  0.532008E+01  0.162853E+00  0.162398E-01
  0.532282E+01  0.156197E+00  0.162626E-01
  0.532555E+01  0.184355E+00  0.160316E-01
  0.532829E+01  0.164821E+00  0.160400E-01
  0.533102E+01  0.178454E+00  0.156843E-01
  0.533376E+01  0.208491E+00  0.159682E-01
  0.533649E+01  0.197871E+00  0.157772E-01
  0.533922E+01  0.161369E+00  0.157429E-01
  0.534196E+01  0.167473E+00  0.155057E-01
  0.534469E+01  0.181244E+00  0.154381E-01
  0.534743E+01  0.145174E+00  0.150134E-01
  0.535016E+01  0.182633E+00  0.149991E-01
  0.535289E+01  0.195275E+00  0.149404E-01
  0.535563E+01  0.185737E+00  0.147229E-01
  0.535836E+01  0.185589E+00  0.145531E-01
  0.536110E+01  0.189037E+00  0.144841E-01
  0.536383E+01  0.187135E+00  0.143833E-01
  0.536656E+01  0.167857E+00  0.141480E-01
  0.536930E+01  0.185275E+00  0.142223E-01
  0.537203E+01  0.175035E+00  0.142801E-01
  0.537477E+01  0.172455E+00  0.143399E-01
  0.537750E+01  0.180406E+00  0.142813E-01
  0.538023E+01  0.200948E+00  0.142890E-01
  0.538297E+01  0.201699E+00  0.143561E-01
  0.538570E+01  0.161640E+00  0.142726E-01
  0.538844E+01  0.185608E+00  0.142807E-01
  0.539117E+01  0.204343E+00  0.142484E-01
  0.539390E+01  0.176747E+00  0.142654E-01
  0.539664E+01  0.196523E+00  0.143807E-01
  0.539937E+01  0.176648E+00  0.143179E-01
  0.540211E+01  0.197151E+00  0.143947E-01
  0.540484E+01  0.188186E+00  0.143185E-01
  0.540757E+01  0.201351E+00  0.144075E-01
  0.541031E+01  0.179339E+00  0.143256E-01
  0.541304E+01  0.183448E+00  0.143546E-01
  0.541578E+01  0.174947E+00  0.143357E-01
  0.541851E+01  0.175242E+00  0.142049E-01
  0.542124E+01  0.184376E+00  0.142145E-01
  0.542398E+01  0.150745E+00  0.141643E-01
  0.542671E+01  0.178865E+00  0.143643E-01
  0.542945E+01  0.180622E+00  0.143929E-01
  0.543218E+01  0.172360E+00  0.142760E-01
  0.543491E+01  0.178748E+00  0.142728E-01
  0.543765E+01  0.172964E+00  0.142537E-01
  0.544038E+01  0.193645E+00  0.142423E-01
  0.544312E+01  0.190835E+00  0.143807E-01
  0.544585E+01  0.189226E+00  0.142041E-01
  0.544858E+01  0.170762E+00  0.143098E-01
  0.545132E+01  0.216071E+00  0.144080E-01
  0.545405E+01  0.163292E+00  0.142172E-01
  0.545679E+01  0.167853E+00  0.141943E-01
  0.545952E+01  0.196494E+00  0.142889E-01
  0.546226E+01  0.188093E+00  0.143246E-01
  0.546499E+01  0.190447E+00  0.143109E-01
  0.546772E+01  0.180891E+00  0.144190E-01
  0.547046E+01  0.181217E+00  0.141803E-01
  0.547319E+01  0.177307E+00  0.140640E-01
  0.547593E+01  0.157482E+00  0.141281E-01
  0.547866E+01  0.190840E+00  0.142865E-01
  0.548139E+01  0.194852E+00  0.142690E-01
  0.548413E+01  0.176989E+00  0.142789E-01
  0.548686E+01  0.183617E+00  0.141049E-01
  0.548960E+01  0.157798E+00  0.140717E-01
  0.549233E+01  0.191634E+00  0.142178E-01
  0.549506E+01  0.191418E+00  0.142460E-01
  0.549780E+01  0.189241E+00  0.142809E-01
  0.550053E+01  0.180909E+00  0.142264E-01
  0.550327E+01  0.189752E+00  0.143109E-01
  0.550600E+01  0.211611E+00  0.143971E-01
  0.550873E+01  0.208645E+00  0.144043E-01
  0.551147E+01  0.196486E+00  0.142371E-01
  0.551420E+01  0.178970E+00  0.141669E-01
  0.551694E+01  0.172354E+00  0.143149E-01
  0.551967E+01  0.180521E+00  0.142445E-01
  0.552240E+01  0.179206E+00  0.142562E-01
  0.552514E+01  0.186410E+00  0.141586E-01
  0.552787E+01  0.199826E+00  0.169735E-01
  0.553061E+01  0.199908E+00  0.182421E-01
  0.553334E+01  0.176178E+00  0.202019E-01
  0.553607E+01  0.204222E+00  0.164142E-01
  0.553881E+01  0.202406E+00  0.159090E-01
  0.554154E+01  0.183426E+00  0.152630E-01
  0.554428E+01  0.194573E+00  0.148294E-01
  0.554701E+01  0.182560E+00  0.148515E-01
  0.554974E+01  0.183912E+00  0.149833E-01
  0.555248E+01  0.162447E+00  0.146199E-01
  0.555521E+01  0.163498E+00  0.147044E-01
  0.555795E+01  0.176057E+00  0.145544E-01
  0.556068E+01  0.178364E+00  0.145784E-01
  0.556341E+01  0.178413E+00  0.147806E-01
  0.556615E+01  0.175979E+00  0.145401E-01
  0.556888E+01  0.197791E+00  0.146840E-01
  0.557162E+01  0.204358E+00  0.146151E-01
  0.557435E+01  0.174643E+00  0.146909E-01
  0.557709E+01  0.170090E+00  0.144259E-01
  0.557982E+01  0.163212E+00  0.144293E-01
  0.558255E+01  0.203890E+00  0.144408E-01
  0.558529E+01  0.194965E+00  0.142025E-01
  0.558802E+01  0.208165E+00  0.140916E-01
  0.559076E+01  0.186675E+00  0.141405E-01
  0.559349E+01  0.174606E+00  0.141787E-01
  0.559622E+01  0.189977E+00  0.141334E-01
  0.559896E+01  0.166344E+00  0.142162E-01
  0.560169E+01  0.188861E+00  0.141640E-01
  0.560443E+01  0.186730E+00  0.141683E-01
  0.560716E+01  0.189686E+00  0.142310E-01
  0.560989E+01  0.172952E+00  0.140215E-01
  0.561263E+01  0.178906E+00  0.141706E-01
  0.561536E+01  0.205092E+00  0.142156E-01
  0.561810E+01  0.209585E+00  0.142496E-01
  0.562083E+01  0.197502E+00  0.141809E-01
  0.562356E+01  0.188333E+00  0.140858E-01
  0.562630E+01  0.194629E+00  0.141594E-01
  0.562903E+01  0.178522E+00  0.140474E-01
  0.563177E+01  0.178216E+00  0.140664E-01
  0.563450E+01  0.178110E+00  0.140805E-01
  0.563723E+01  0.176911E+00  0.141092E-01
  0.563997E+01  0.178686E+00  0.140091E-01
  0.564270E+01  0.192970E+00  0.139979E-01
  0.564544E+01  0.190417E+00  0.141972E-01
  0.564817E+01  0.161141E+00  0.140196E-01
  0.565090E+01  0.189302E+00  0.141891E-01
  0.565364E+01  0.180809E+00  0.140732E-01
  0.565637E+01  0.205020E+00  0.141548E-01
  0.565911E+01  0.176979E+00  0.140960E-01
  0.566184E+01  0.180337E+00  0.140574E-01
  0.566457E+01  0.185556E+00  0.141772E-01
  0.566731E+01  0.169877E+00  0.141068E-01
  0.567004E+01  0.172748E+00  0.140084E-01
  0.567278E+01  0.190101E+00  0.140266E-01
  0.567551E+01  0.178766E+00  0.140095E-01
  0.567824E+01  0.181293E+00  0.139656E-01
  0.568098E+01  0.179275E+00  0.141176E-01
  0.568371E+01  0.196351E+00  0.141775E-01
  0.568645E+01  0.195215E+00  0.142144E-01
  0.568918E+01  0.184146E+00  0.139246E-01
  0.569191E+01  0.171065E+00  0.140171E-01
  0.569465E+01  0.168838E+00  0.140308E-01
  0.569738E+01  0.198541E+00  0.142036E-01
  0.570012E+01  0.182449E+00  0.140162E-01
  0.570285E+01  0.190060E+00  0.141678E-01
  0.570559E+01  0.161086E+00  0.139918E-01
  0.570832E+01  0.163424E+00  0.140680E-01
  0.571105E+01  0.179721E+00  0.141903E-01
  0.571379E+01  0.191679E+00  0.141557E-01
  0.571652E+01  0.169875E+00  0.139813E-01
  0.571926E+01  0.179869E+00  0.141406E-01
  0.572199E+01  0.167449E+00  0.140402E-01
  0.572472E+01  0.182034E+00  0.141529E-01
  0.572746E+01  0.163122E+00  0.139271E-01
  0.573019E+01  0.159273E+00  0.140849E-01
  0.573293E+01  0.178846E+00  0.140966E-01
  0.573566E+01  0.170729E+00  0.140058E-01
  0.573839E+01  0.191002E+00  0.140881E-01
  0.574113E+01  0.174608E+00  0.139996E-01
  0.574386E+01  0.186283E+00  0.141686E-01
  0.574660E+01  0.200458E+00  0.141425E-01
  0.574933E+01  0.183259E+00  0.141331E-01
  0.575206E+01  0.178610E+00  0.140749E-01
  0.575480E+01  0.169702E+00  0.141027E-01
  0.575753E+01  0.151870E+00  0.141331E-01
  0.576027E+01  0.194553E+00  0.141175E-01
  0.576300E+01  0.185983E+00  0.141469E-01
  0.576573E+01  0.218528E+00  0.142637E-01
  0.576847E+01  0.177562E+00  0.141280E-01
  0.577120E+01  0.207888E+00  0.141451E-01
  0.577394E+01  0.182941E+00  0.140458E-01
  0.577667E+01  0.189902E+00  0.141517E-01
  0.577940E+01  0.178321E+00  0.141077E-01
  0.578214E+01  0.188028E+00  0.140717E-01
  0.578487E+01  0.186654E+00  0.140676E-01
  0.578761E+01  0.193060E+00  0.140715E-01
  0.579034E+01  0.170345E+00  0.139735E-01
  0.579307E+01  0.187334E+00  0.140805E-01
  0.579581E+01  0.174912E+00  0.140946E-01
  0.579854E+01  0.179380E+00  0.139692E-01
  0.580128E+01  0.170185E+00  0.140534E-01
  0.580401E+01  0.171215E+00  0.139361E-01
  0.580674E+01  0.157352E+00  0.139842E-01
  0.580948E+01  0.181519E+00  0.139271E-01
  0.581221E+01  0.192135E+00  0.141255E-01
  0.581495E+01  0.176689E+00  0.139831E-01
  0.581768E+01  0.171000E+00  0.139991E-01
  0.582041E+01  0.169750E+00  0.139491E-01
  0.582315E+01  0.168861E+00  0.139807E-01
  0.582588E+01  0.181283E+00  0.141237E-01
  0.582862E+01  0.177644E+00  0.140051E-01
  0.583135E+01  0.165322E+00  0.139725E-01
  0.583409E+01  0.158142E+00  0.140633E-01
  0.583682E+01  0.160236E+00  0.140061E-01
  0.583955E+01  0.172954E+00  0.139124E-01
  0.584229E+01  0.182785E+00  0.140094E-01
  0.584502E+01  0.170556E+00  0.140640E-01
  0.584776E+01  0.162389E+00  0.140730E-01
  0.585049E+01  0.174940E+00  0.140787E-01
  0.585322E+01  0.174608E+00  0.140443E-01
  0.585596E+01  0.187954E+00  0.140371E-01
  0.585869E+01  0.193366E+00  0.140581E-01
  0.586143E+01  0.204879E+00  0.142191E-01
  0.586416E+01  0.158890E+00  0.140792E-01
  0.586689E+01  0.166856E+00  0.139896E-01
  0.586963E+01  0.176539E+00  0.141018E-01
  0.587236E+01  0.187090E+00  0.139869E-01
  0.587510E+01  0.187910E+00  0.140602E-01
  0.587783E+01  0.164329E+00  0.139208E-01
  0.588056E+01  0.185544E+00  0.140650E-01
  0.588330E+01  0.170218E+00  0.140875E-01
  0.588603E+01  0.186225E+00  0.141432E-01
  0.588877E+01  0.186675E+00  0.141155E-01
  0.589150E+01  0.191369E+00  0.141867E-01
  0.589423E+01  0.172529E+00  0.140937E-01
  0.589697E+01  0.179271E+00  0.139763E-01
  0.589970E+01  0.178992E+00  0.141183E-01
  0.590244E+01  0.179222E+00  0.140529E-01
  0.590517E+01  0.156402E+00  0.139337E-01
  0.590790E+01  0.205107E+00  0.140980E-01
  0.591064E+01  0.166488E+00  0.140821E-01
  0.591337E+01  0.168083E+00  0.141179E-01
  0.591611E+01  0.163300E+00  0.140476E-01
  0.591884E+01  0.158598E+00  0.139635E-01
  0.592157E+01  0.189204E+00  0.139975E-01
  0.592431E+01  0.175361E+00  0.141980E-01
  0.592704E+01  0.159004E+00  0.140308E-01
  0.592978E+01  0.166866E+00  0.139746E-01
  0.593251E+01  0.168732E+00  0.138422E-01
  0.593524E+01  0.142363E+00  0.139323E-01
  0.593798E+01  0.166644E+00  0.138874E-01
  0.594071E+01  0.169743E+00  0.140523E-01
  0.594345E+01  0.204130E+00  0.140584E-01
  0.594618E+01  0.185439E+00  0.140737E-01
  0.594892E+01  0.186190E+00  0.141146E-01
  0.595165E+01  0.188327E+00  0.140572E-01
  0.595438E+01  0.188401E+00  0.140388E-01
  0.595712E+01  0.191348E+00  0.140208E-01
  0.595985E+01  0.178502E+00  0.140653E-01
  0.596259E+01  0.174470E+00  0.139425E-01
  0.596532E+01  0.158801E+00  0.140378E-01
  0.596805E+01  0.154005E+00  0.140417E-01
  0.597079E+01  0.171244E+00  0.169301E-01
  0.597352E+01  0.206074E+00  0.183753E-01
  0.597626E+01  0.198785E+00  0.202883E-01
  0.597899E+01  0.179713E+00  0.219382E-01
  0.598172E+01  0.183286E+00  0.229939E-01
  0.598446E+01  0.189503E+00  0.250512E-01
  0.598719E+01  0.179758E+00  0.264072E-01
  0.598993E+01  0.163157E+00  0.274080E-01
  0.599266E+01  0.175612E+00  0.291165E-01
  0.599539E+01  0.148130E+00  0.304010E-01
  0.599813E+01  0.123678E+00  0.334828E-01
  0.600086E+01  0.113399E+00  0.360420E-01
  0.600360E+01  0.204897E+00  0.412254E-01
  0.600633E+01  0.195411E+00  0.466013E-01
  0.600906E+01  0.109583E+00  0.547406E-01
  0.601180E+01  0.151642E+00  0.667223E-01
  0.601453E+01  0.145546E+00  0.101621E+00
 ========================================
Description:                            bsa_1_high                              
Sample:      bsa_1_high  c= 25.640 mg/ml Code:        bsa                       
Averaged from raw files: dar_019_001.tiff dar_019_002.tiff dar_019_003.tiff dar_
Processed by: cbf-primus Mon Sep 17 16:29:13 2012                               
Channels from 1 to 2440                                                         
Angular axis file: /data/x33/Users2012/Darja.0912/aux/saxs-0/axis_saxs_20120404.
BeamCenter_X:  2426.000  BeamCenter_Y:   128.000                                
Mask file (beamstop): /data/x33/Users2012/Darja.0912/aux/saxs-0/mask_saxs_201203
Exposure time (sec):   15.000                                                   
Pin diode (mean):       0.905                                                   
Reference frame:    1                                                           
Chi-value threshold:    1.450                                                   
 ========================================
Description:                            buffer_pbs                              
Sample:      buffer_pbs  c=  0.000 mg/ml Code:        cat                       
Averaged from raw files: dar_018_001.tiff dar_018_002.tiff dar_018_003.tiff dar_
Processed by: cbf-primus Mon Sep 17 16:25:48 2012                               
Channels from 1 to 2440                                                         
Angular axis file: /data/x33/Users2012/Darja.0912/aux/saxs-0/axis_saxs_20120404.
BeamCenter_X:  2426.000  BeamCenter_Y:   128.000                                
Mask file (beamstop): /data/x33/Users2012/Darja.0912/aux/saxs-0/mask_saxs_201203
Exposure time (sec):   15.000                                                   
Pin diode (mean):       0.911                                                   
Reference frame:    1                                                           
Chi-value threshold:    1.450                                                   
 ========================================
Description:                            buffer_pbs                              
Sample:      buffer_pbs  c=  0.000 mg/ml Code:        bsa                       
Averaged from raw files: dar_020_001.tiff dar_020_002.tiff dar_020_003.tiff dar_
Processed by: cbf-primus Mon Sep 17 16:32:46 2012                               
Channels from 1 to 2440                                                         
Angular axis file: /data/x33/Users2012/Darja.0912/aux/saxs-0/axis_saxs_20120404.
BeamCenter_X:  2426.000  BeamCenter_Y:   128.000                                
Mask file (beamstop): /data/x33/Users2012/Darja.0912/aux/saxs-0/mask_saxs_201203
Exposure time (sec):   15.000                                                   
Pin diode (mean):       0.898                                                   
Reference frame:    1                                                           
Chi-value threshold:    1.450                                                   
 ========================================
