# q                 I(q)             
  1.00000e-03       9.99709e-01      
  1.74937e-03       9.99109e-01      
  2.49875e-03       9.98184e-01      
  3.24812e-03       9.96933e-01      
  3.99749e-03       9.95360e-01      
  4.74687e-03       9.93465e-01      
  5.49624e-03       9.91253e-01      
  6.24561e-03       9.88724e-01      
  6.99499e-03       9.85884e-01      
  7.74436e-03       9.82734e-01      
  8.49373e-03       9.79281e-01      
  9.24311e-03       9.75527e-01      
  9.99248e-03       9.71479e-01      
  1.07419e-02       9.67140e-01      
  1.14912e-02       9.62518e-01      
  1.22406e-02       9.57617e-01      
  1.29900e-02       9.52444e-01      
  1.37393e-02       9.47006e-01      
  1.44887e-02       9.41309e-01      
  1.52381e-02       9.35361e-01      
  1.59875e-02       9.29169e-01      
  1.67368e-02       9.22741e-01      
  1.74862e-02       9.16085e-01      
  1.82356e-02       9.09208e-01      
  1.89850e-02       9.02120e-01      
  1.97343e-02       8.94829e-01      
  2.04837e-02       8.87343e-01      
  2.12331e-02       8.79672e-01      
  2.19825e-02       8.71825e-01      
  2.27318e-02       8.63810e-01      
  2.34812e-02       8.55637e-01      
  2.42306e-02       8.47316e-01      
  2.49799e-02       8.38856e-01      
  2.57293e-02       8.30267e-01      
  2.64787e-02       8.21557e-01      
  2.72281e-02       8.12737e-01      
  2.79774e-02       8.03815e-01      
  2.87268e-02       7.94802e-01      
  2.94762e-02       7.85708e-01      
  3.02256e-02       7.76540e-01      
  3.09749e-02       7.67310e-01      
  3.17243e-02       7.58025e-01      
  3.24737e-02       7.48696e-01      
  3.32231e-02       7.39331e-01      
  3.39724e-02       7.29940e-01      
  3.47218e-02       7.20530e-01      
  3.54712e-02       7.11111e-01      
  3.62206e-02       7.01692e-01      
  3.69699e-02       6.92279e-01      
  3.77193e-02       6.82882e-01      
  3.84687e-02       6.73508e-01      
  3.92180e-02       6.64165e-01      
  3.99674e-02       6.54860e-01      
  4.07168e-02       6.45601e-01      
  4.14662e-02       6.36394e-01      
  4.22155e-02       6.27246e-01      
  4.29649e-02       6.18163e-01      
  4.37143e-02       6.09152e-01      
  4.44637e-02       6.00218e-01      
  4.52130e-02       5.91367e-01      
  4.59624e-02       5.82605e-01      
  4.67118e-02       5.73935e-01      
  4.74612e-02       5.65363e-01      
  4.82105e-02       5.56894e-01      
  4.89599e-02       5.48530e-01      
  4.97093e-02       5.40277e-01      
  5.04586e-02       5.32138e-01      
  5.12080e-02       5.24115e-01      
  5.19574e-02       5.16212e-01      
  5.27068e-02       5.08431e-01      
  5.34561e-02       5.00775e-01      
  5.42055e-02       4.93246e-01      
  5.49549e-02       4.85845e-01      
  5.57043e-02       4.78575e-01      
  5.64536e-02       4.71435e-01      
  5.72030e-02       4.64428e-01      
  5.79524e-02       4.57554e-01      
  5.87018e-02       4.50812e-01      
  5.94511e-02       4.44205e-01      
  6.02005e-02       4.37730e-01      
  6.09499e-02       4.31389e-01      
  6.16992e-02       4.25180e-01      
  6.24486e-02       4.19104e-01      
  6.31980e-02       4.13158e-01      
  6.39474e-02       4.07342e-01      
  6.46967e-02       4.01655e-01      
  6.54461e-02       3.96095e-01      
  6.61955e-02       3.90660e-01      
  6.69449e-02       3.85349e-01      
  6.76942e-02       3.80160e-01      
  6.84436e-02       3.75090e-01      
  6.91930e-02       3.70137e-01      
  6.99424e-02       3.65300e-01      
  7.06917e-02       3.60575e-01      
  7.14411e-02       3.55961e-01      
  7.21905e-02       3.51453e-01      
  7.29398e-02       3.47051e-01      
  7.36892e-02       3.42751e-01      
  7.44386e-02       3.38549e-01      
  7.51880e-02       3.34445e-01      
  7.59373e-02       3.30433e-01      
  7.66867e-02       3.26513e-01      
  7.74361e-02       3.22680e-01      
  7.81855e-02       3.18932e-01      
  7.89348e-02       3.15265e-01      
  7.96842e-02       3.11677e-01      
  8.04336e-02       3.08166e-01      
  8.11830e-02       3.04727e-01      
  8.19323e-02       3.01358e-01      
  8.26817e-02       2.98057e-01      
  8.34311e-02       2.94820e-01      
  8.41805e-02       2.91645e-01      
  8.49298e-02       2.88529e-01      
  8.56792e-02       2.85470e-01      
  8.64286e-02       2.82464e-01      
  8.71779e-02       2.79510e-01      
  8.79273e-02       2.76605e-01      
  8.86767e-02       2.73747e-01      
  8.94261e-02       2.70933e-01      
  9.01754e-02       2.68161e-01      
  9.09248e-02       2.65430e-01      
  9.16742e-02       2.62736e-01      
  9.24236e-02       2.60079e-01      
  9.31729e-02       2.57456e-01      
  9.39223e-02       2.54865e-01      
  9.46717e-02       2.52306e-01      
  9.54211e-02       2.49776e-01      
  9.61704e-02       2.47274e-01      
  9.69198e-02       2.44799e-01      
  9.76692e-02       2.42349e-01      
  9.84185e-02       2.39923e-01      
  9.91679e-02       2.37520e-01      
  9.99173e-02       2.35139e-01      
  1.00667e-01       2.32779e-01      
  1.01416e-01       2.30439e-01      
  1.02165e-01       2.28119e-01      
  1.02915e-01       2.25817e-01      
  1.03664e-01       2.23534e-01      
  1.04414e-01       2.21268e-01      
  1.05163e-01       2.19020e-01      
  1.05912e-01       2.16788e-01      
  1.06662e-01       2.14572e-01      
  1.07411e-01       2.12372e-01      
  1.08160e-01       2.10189e-01      
  1.08910e-01       2.08021e-01      
  1.09659e-01       2.05868e-01      
  1.10409e-01       2.03731e-01      
  1.11158e-01       2.01610e-01      
  1.11907e-01       1.99503e-01      
  1.12657e-01       1.97413e-01      
  1.13406e-01       1.95338e-01      
  1.14155e-01       1.93278e-01      
  1.14905e-01       1.91234e-01      
  1.15654e-01       1.89206e-01      
  1.16404e-01       1.87194e-01      
  1.17153e-01       1.85199e-01      
  1.17902e-01       1.83220e-01      
  1.18652e-01       1.81257e-01      
  1.19401e-01       1.79311e-01      
  1.20150e-01       1.77382e-01      
  1.20900e-01       1.75471e-01      
  1.21649e-01       1.73576e-01      
  1.22398e-01       1.71700e-01      
  1.23148e-01       1.69841e-01      
  1.23897e-01       1.68000e-01      
  1.24647e-01       1.66177e-01      
  1.25396e-01       1.64373e-01      
  1.26145e-01       1.62587e-01      
  1.26895e-01       1.60819e-01      
  1.27644e-01       1.59070e-01      
  1.28393e-01       1.57340e-01      
  1.29143e-01       1.55629e-01      
  1.29892e-01       1.53936e-01      
  1.30642e-01       1.52263e-01      
  1.31391e-01       1.50608e-01      
  1.32140e-01       1.48973e-01      
  1.32890e-01       1.47356e-01      
  1.33639e-01       1.45758e-01      
  1.34388e-01       1.44178e-01      
  1.35138e-01       1.42618e-01      
  1.35887e-01       1.41075e-01      
  1.36637e-01       1.39552e-01      
  1.37386e-01       1.38046e-01      
  1.38135e-01       1.36559e-01      
  1.38885e-01       1.35089e-01      
  1.39634e-01       1.33637e-01      
  1.40383e-01       1.32202e-01      
  1.41133e-01       1.30785e-01      
  1.41882e-01       1.29384e-01      
  1.42632e-01       1.28000e-01      
  1.43381e-01       1.26633e-01      
  1.44130e-01       1.25281e-01      
  1.44880e-01       1.23945e-01      
  1.45629e-01       1.22625e-01      
  1.46378e-01       1.21320e-01      
  1.47128e-01       1.20029e-01      
  1.47877e-01       1.18754e-01      
  1.48627e-01       1.17492e-01      
  1.49376e-01       1.16244e-01      
  1.50125e-01       1.15009e-01      
  1.50875e-01       1.13788e-01      
  1.51624e-01       1.12579e-01      
  1.52373e-01       1.11383e-01      
  1.53123e-01       1.10199e-01      
  1.53872e-01       1.09027e-01      
  1.54622e-01       1.07866e-01      
  1.55371e-01       1.06716e-01      
  1.56120e-01       1.05578e-01      
  1.56870e-01       1.04450e-01      
  1.57619e-01       1.03332e-01      
  1.58368e-01       1.02224e-01      
  1.59118e-01       1.01126e-01      
  1.59867e-01       1.00038e-01      
  1.60617e-01       9.89589e-02      
  1.61366e-01       9.78890e-02      
  1.62115e-01       9.68280e-02      
  1.62865e-01       9.57756e-02      
  1.63614e-01       9.47318e-02      
  1.64363e-01       9.36962e-02      
  1.65113e-01       9.26689e-02      
  1.65862e-01       9.16496e-02      
  1.66612e-01       9.06383e-02      
  1.67361e-01       8.96347e-02      
  1.68110e-01       8.86389e-02      
  1.68860e-01       8.76506e-02      
  1.69609e-01       8.66699e-02      
  1.70358e-01       8.56967e-02      
  1.71108e-01       8.47310e-02      
  1.71857e-01       8.37726e-02      
  1.72607e-01       8.28216e-02      
  1.73356e-01       8.18779e-02      
  1.74105e-01       8.09416e-02      
  1.74855e-01       8.00126e-02      
  1.75604e-01       7.90910e-02      
  1.76353e-01       7.81767e-02      
  1.77103e-01       7.72698e-02      
  1.77852e-01       7.63704e-02      
  1.78602e-01       7.54784e-02      
  1.79351e-01       7.45940e-02      
  1.80100e-01       7.37171e-02      
  1.80850e-01       7.28478e-02      
  1.81599e-01       7.19861e-02      
  1.82348e-01       7.11321e-02      
  1.83098e-01       7.02859e-02      
  1.83847e-01       6.94476e-02      
  1.84596e-01       6.86170e-02      
  1.85346e-01       6.77944e-02      
  1.86095e-01       6.69798e-02      
  1.86845e-01       6.61732e-02      
  1.87594e-01       6.53746e-02      
  1.88343e-01       6.45842e-02      
  1.89093e-01       6.38019e-02      
  1.89842e-01       6.30278e-02      
  1.90591e-01       6.22619e-02      
  1.91341e-01       6.15042e-02      
  1.92090e-01       6.07547e-02      
  1.92840e-01       6.00135e-02      
  1.93589e-01       5.92806e-02      
  1.94338e-01       5.85559e-02      
  1.95088e-01       5.78395e-02      
  1.95837e-01       5.71313e-02      
  1.96586e-01       5.64313e-02      
  1.97336e-01       5.57395e-02      
  1.98085e-01       5.50558e-02      
  1.98835e-01       5.43802e-02      
  1.99584e-01       5.37127e-02      
  2.00333e-01       5.30531e-02      
  2.01083e-01       5.24014e-02      
  2.01832e-01       5.17576e-02      
  2.02581e-01       5.11216e-02      
  2.03331e-01       5.04932e-02      
  2.04080e-01       4.98724e-02      
  2.04830e-01       4.92590e-02      
  2.05579e-01       4.86531e-02      
  2.06328e-01       4.80544e-02      
  2.07078e-01       4.74629e-02      
  2.07827e-01       4.68784e-02      
  2.08576e-01       4.63008e-02      
  2.09326e-01       4.57300e-02      
  2.10075e-01       4.51659e-02      
  2.10825e-01       4.46083e-02      
  2.11574e-01       4.40570e-02      
  2.12323e-01       4.35121e-02      
  2.13073e-01       4.29733e-02      
  2.13822e-01       4.24404e-02      
  2.14571e-01       4.19134e-02      
  2.15321e-01       4.13921e-02      
  2.16070e-01       4.08764e-02      
  2.16820e-01       4.03661e-02      
  2.17569e-01       3.98611e-02      
  2.18318e-01       3.93613e-02      
  2.19068e-01       3.88665e-02      
  2.19817e-01       3.83767e-02      
  2.20566e-01       3.78916e-02      
  2.21316e-01       3.74112e-02      
  2.22065e-01       3.69353e-02      
  2.22815e-01       3.64639e-02      
  2.23564e-01       3.59968e-02      
  2.24313e-01       3.55340e-02      
  2.25063e-01       3.50752e-02      
  2.25812e-01       3.46205e-02      
  2.26561e-01       3.41698e-02      
  2.27311e-01       3.37229e-02      
  2.28060e-01       3.32797e-02      
  2.28810e-01       3.28403e-02      
  2.29559e-01       3.24045e-02      
  2.30308e-01       3.19723e-02      
  2.31058e-01       3.15436e-02      
  2.31807e-01       3.11183e-02      
  2.32556e-01       3.06965e-02      
  2.33306e-01       3.02781e-02      
  2.34055e-01       2.98630e-02      
  2.34805e-01       2.94512e-02      
  2.35554e-01       2.90427e-02      
  2.36303e-01       2.86375e-02      
  2.37053e-01       2.82355e-02      
  2.37802e-01       2.78368e-02      
  2.38551e-01       2.74413e-02      
  2.39301e-01       2.70491e-02      
  2.40050e-01       2.66601e-02      
  2.40799e-01       2.62743e-02      
  2.41549e-01       2.58918e-02      
  2.42298e-01       2.55126e-02      
  2.43048e-01       2.51366e-02      
  2.43797e-01       2.47639e-02      
  2.44546e-01       2.43945e-02      
  2.45296e-01       2.40285e-02      
  2.46045e-01       2.36658e-02      
  2.46794e-01       2.33065e-02      
  2.47544e-01       2.29506e-02      
  2.48293e-01       2.25982e-02      
  2.49043e-01       2.22491e-02      
  2.49792e-01       2.19036e-02      
  2.50541e-01       2.15615e-02      
  2.51291e-01       2.12230e-02      
  2.52040e-01       2.08881e-02      
  2.52789e-01       2.05567e-02      
  2.53539e-01       2.02289e-02      
  2.54288e-01       1.99047e-02      
  2.55038e-01       1.95842e-02      
  2.55787e-01       1.92673e-02      
  2.56536e-01       1.89541e-02      
  2.57286e-01       1.86445e-02      
  2.58035e-01       1.83387e-02      
  2.58784e-01       1.80366e-02      
  2.59534e-01       1.77381e-02      
  2.60283e-01       1.74434e-02      
  2.61033e-01       1.71523e-02      
  2.61782e-01       1.68650e-02      
  2.62531e-01       1.65814e-02      
  2.63281e-01       1.63015e-02      
  2.64030e-01       1.60252e-02      
  2.64779e-01       1.57526e-02      
  2.65529e-01       1.54837e-02      
  2.66278e-01       1.52184e-02      
  2.67028e-01       1.49567e-02      
  2.67777e-01       1.46986e-02      
  2.68526e-01       1.44440e-02      
  2.69276e-01       1.41930e-02      
  2.70025e-01       1.39455e-02      
  2.70774e-01       1.37014e-02      
  2.71524e-01       1.34608e-02      
  2.72273e-01       1.32236e-02      
  2.73023e-01       1.29897e-02      
  2.73772e-01       1.27591e-02      
  2.74521e-01       1.25318e-02      
  2.75271e-01       1.23077e-02      
  2.76020e-01       1.20869e-02      
  2.76769e-01       1.18691e-02      
  2.77519e-01       1.16544e-02      
  2.78268e-01       1.14428e-02      
  2.79018e-01       1.12342e-02      
  2.79767e-01       1.10285e-02      
  2.80516e-01       1.08257e-02      
  2.81266e-01       1.06258e-02      
  2.82015e-01       1.04287e-02      
  2.82764e-01       1.02343e-02      
  2.83514e-01       1.00427e-02      
  2.84263e-01       9.85367e-03      
  2.85013e-01       9.66731e-03      
  2.85762e-01       9.48353e-03      
  2.86511e-01       9.30228e-03      
  2.87261e-01       9.12353e-03      
  2.88010e-01       8.94724e-03      
  2.88759e-01       8.77336e-03      
  2.89509e-01       8.60186e-03      
  2.90258e-01       8.43271e-03      
  2.91008e-01       8.26586e-03      
  2.91757e-01       8.10130e-03      
  2.92506e-01       7.93898e-03      
  2.93256e-01       7.77888e-03      
  2.94005e-01       7.62097e-03      
  2.94754e-01       7.46522e-03      
  2.95504e-01       7.31162e-03      
  2.96253e-01       7.16014e-03      
  2.97003e-01       7.01076e-03      
  2.97752e-01       6.86347e-03      
  2.98501e-01       6.71824e-03      
  2.99251e-01       6.57505e-03      
  3.00000e-01       6.43391e-03      
