# q                 I(q)             
  1.00000e-03       9.99579e-01      
  1.74937e-03       9.98713e-01      
  2.49875e-03       9.97376e-01      
  3.24812e-03       9.95569e-01      
  3.99749e-03       9.93296e-01      
  4.74687e-03       9.90560e-01      
  5.49624e-03       9.87365e-01      
  6.24561e-03       9.83714e-01      
  6.99499e-03       9.79613e-01      
  7.74436e-03       9.75068e-01      
  8.49373e-03       9.70085e-01      
  9.24311e-03       9.64670e-01      
  9.99248e-03       9.58831e-01      
  1.07419e-02       9.52577e-01      
  1.14912e-02       9.45915e-01      
  1.22406e-02       9.38854e-01      
  1.29900e-02       9.31405e-01      
  1.37393e-02       9.23577e-01      
  1.44887e-02       9.15380e-01      
  1.52381e-02       9.06826e-01      
  1.59875e-02       8.97926e-01      
  1.67368e-02       8.88692e-01      
  1.74862e-02       8.79135e-01      
  1.82356e-02       8.69269e-01      
  1.89850e-02       8.59106e-01      
  1.97343e-02       8.48659e-01      
  2.04837e-02       8.37941e-01      
  2.12331e-02       8.26966e-01      
  2.19825e-02       8.15749e-01      
  2.27318e-02       8.04302e-01      
  2.34812e-02       7.92641e-01      
  2.42306e-02       7.80779e-01      
  2.49799e-02       7.68731e-01      
  2.57293e-02       7.56511e-01      
  2.64787e-02       7.44135e-01      
  2.72281e-02       7.31616e-01      
  2.79774e-02       7.18970e-01      
  2.87268e-02       7.06211e-01      
  2.94762e-02       6.93353e-01      
  3.02256e-02       6.80411e-01      
  3.09749e-02       6.67399e-01      
  3.17243e-02       6.54332e-01      
  3.24737e-02       6.41224e-01      
  3.32231e-02       6.28089e-01      
  3.39724e-02       6.14940e-01      
  3.47218e-02       6.01791e-01      
  3.54712e-02       5.88655e-01      
  3.62206e-02       5.75545e-01      
  3.69699e-02       5.62475e-01      
  3.77193e-02       5.49456e-01      
  3.84687e-02       5.36500e-01      
  3.92180e-02       5.23620e-01      
  3.99674e-02       5.10827e-01      
  4.07168e-02       4.98131e-01      
  4.14662e-02       4.85544e-01      
  4.22155e-02       4.73076e-01      
  4.29649e-02       4.60737e-01      
  4.37143e-02       4.48535e-01      
  4.44637e-02       4.36481e-01      
  4.52130e-02       4.24583e-01      
  4.59624e-02       4.12849e-01      
  4.67118e-02       4.01287e-01      
  4.74612e-02       3.89903e-01      
  4.82105e-02       3.78705e-01      
  4.89599e-02       3.67700e-01      
  4.97093e-02       3.56892e-01      
  5.04586e-02       3.46287e-01      
  5.12080e-02       3.35891e-01      
  5.19574e-02       3.25707e-01      
  5.27068e-02       3.15740e-01      
  5.34561e-02       3.05993e-01      
  5.42055e-02       2.96470e-01      
  5.49549e-02       2.87172e-01      
  5.57043e-02       2.78102e-01      
  5.64536e-02       2.69262e-01      
  5.72030e-02       2.60653e-01      
  5.79524e-02       2.52277e-01      
  5.87018e-02       2.44132e-01      
  5.94511e-02       2.36220e-01      
  6.02005e-02       2.28540e-01      
  6.09499e-02       2.21092e-01      
  6.16992e-02       2.13874e-01      
  6.24486e-02       2.06885e-01      
  6.31980e-02       2.00123e-01      
  6.39474e-02       1.93586e-01      
  6.46967e-02       1.87272e-01      
  6.54461e-02       1.81177e-01      
  6.61955e-02       1.75300e-01      
  6.69449e-02       1.69636e-01      
  6.76942e-02       1.64182e-01      
  6.84436e-02       1.58935e-01      
  6.91930e-02       1.53890e-01      
  6.99424e-02       1.49043e-01      
  7.06917e-02       1.44390e-01      
  7.14411e-02       1.39926e-01      
  7.21905e-02       1.35647e-01      
  7.29398e-02       1.31547e-01      
  7.36892e-02       1.27622e-01      
  7.44386e-02       1.23867e-01      
  7.51880e-02       1.20276e-01      
  7.59373e-02       1.16844e-01      
  7.66867e-02       1.13566e-01      
  7.74361e-02       1.10437e-01      
  7.81855e-02       1.07450e-01      
  7.89348e-02       1.04602e-01      
  7.96842e-02       1.01885e-01      
  8.04336e-02       9.92959e-02      
  8.11830e-02       9.68278e-02      
  8.19323e-02       9.44758e-02      
  8.26817e-02       9.22346e-02      
  8.34311e-02       9.00989e-02      
  8.41805e-02       8.80635e-02      
  8.49298e-02       8.61233e-02      
  8.56792e-02       8.42733e-02      
  8.64286e-02       8.25085e-02      
  8.71779e-02       8.08242e-02      
  8.79273e-02       7.92157e-02      
  8.86767e-02       7.76782e-02      
  8.94261e-02       7.62075e-02      
  9.01754e-02       7.47992e-02      
  9.09248e-02       7.34490e-02      
  9.16742e-02       7.21529e-02      
  9.24236e-02       7.09072e-02      
  9.31729e-02       6.97079e-02      
  9.39223e-02       6.85516e-02      
  9.46717e-02       6.74347e-02      
  9.54211e-02       6.63542e-02      
  9.61704e-02       6.53067e-02      
  9.69198e-02       6.42895e-02      
  9.76692e-02       6.32997e-02      
  9.84185e-02       6.23347e-02      
  9.91679e-02       6.13920e-02      
  9.99173e-02       6.04694e-02      
  1.00667e-01       5.95647e-02      
  1.01416e-01       5.86760e-02      
  1.02165e-01       5.78013e-02      
  1.02915e-01       5.69392e-02      
  1.03664e-01       5.60879e-02      
  1.04414e-01       5.52462e-02      
  1.05163e-01       5.44127e-02      
  1.05912e-01       5.35865e-02      
  1.06662e-01       5.27664e-02      
  1.07411e-01       5.19517e-02      
  1.08160e-01       5.11417e-02      
  1.08910e-01       5.03357e-02      
  1.09659e-01       4.95332e-02      
  1.10409e-01       4.87338e-02      
  1.11158e-01       4.79372e-02      
  1.11907e-01       4.71433e-02      
  1.12657e-01       4.63518e-02      
  1.13406e-01       4.55629e-02      
  1.14155e-01       4.47764e-02      
  1.14905e-01       4.39926e-02      
  1.15654e-01       4.32116e-02      
  1.16404e-01       4.24336e-02      
  1.17153e-01       4.16590e-02      
  1.17902e-01       4.08880e-02      
  1.18652e-01       4.01210e-02      
  1.19401e-01       3.93585e-02      
  1.20150e-01       3.86008e-02      
  1.20900e-01       3.78485e-02      
  1.21649e-01       3.71020e-02      
  1.22398e-01       3.63618e-02      
  1.23148e-01       3.56284e-02      
  1.23897e-01       3.49024e-02      
  1.24647e-01       3.41842e-02      
  1.25396e-01       3.34744e-02      
  1.26145e-01       3.27734e-02      
  1.26895e-01       3.20818e-02      
  1.27644e-01       3.14001e-02      
  1.28393e-01       3.07286e-02      
  1.29143e-01       3.00679e-02      
  1.29892e-01       2.94184e-02      
  1.30642e-01       2.87804e-02      
  1.31391e-01       2.81543e-02      
  1.32140e-01       2.75404e-02      
  1.32890e-01       2.69392e-02      
  1.33639e-01       2.63508e-02      
  1.34388e-01       2.57754e-02      
  1.35138e-01       2.52134e-02      
  1.35887e-01       2.46648e-02      
  1.36637e-01       2.41298e-02      
  1.37386e-01       2.36085e-02      
  1.38135e-01       2.31010e-02      
  1.38885e-01       2.26073e-02      
  1.39634e-01       2.21274e-02      
  1.40383e-01       2.16612e-02      
  1.41133e-01       2.12087e-02      
  1.41882e-01       2.07697e-02      
  1.42632e-01       2.03442e-02      
  1.43381e-01       1.99319e-02      
  1.44130e-01       1.95327e-02      
  1.44880e-01       1.91464e-02      
  1.45629e-01       1.87726e-02      
  1.46378e-01       1.84111e-02      
  1.47128e-01       1.80615e-02      
  1.47877e-01       1.77237e-02      
  1.48627e-01       1.73972e-02      
  1.49376e-01       1.70816e-02      
  1.50125e-01       1.67766e-02      
  1.50875e-01       1.64818e-02      
  1.51624e-01       1.61968e-02      
  1.52373e-01       1.59211e-02      
  1.53123e-01       1.56544e-02      
  1.53872e-01       1.53962e-02      
  1.54622e-01       1.51461e-02      
  1.55371e-01       1.49037e-02      
  1.56120e-01       1.46684e-02      
  1.56870e-01       1.44400e-02      
  1.57619e-01       1.42179e-02      
  1.58368e-01       1.40017e-02      
  1.59118e-01       1.37910e-02      
  1.59867e-01       1.35855e-02      
  1.60617e-01       1.33846e-02      
  1.61366e-01       1.31880e-02      
  1.62115e-01       1.29954e-02      
  1.62865e-01       1.28063e-02      
  1.63614e-01       1.26205e-02      
  1.64363e-01       1.24375e-02      
  1.65113e-01       1.22571e-02      
  1.65862e-01       1.20790e-02      
  1.66612e-01       1.19029e-02      
  1.67361e-01       1.17284e-02      
  1.68110e-01       1.15555e-02      
  1.68860e-01       1.13838e-02      
  1.69609e-01       1.12132e-02      
  1.70358e-01       1.10434e-02      
  1.71108e-01       1.08743e-02      
  1.71857e-01       1.07058e-02      
  1.72607e-01       1.05377e-02      
  1.73356e-01       1.03699e-02      
  1.74105e-01       1.02024e-02      
  1.74855e-01       1.00350e-02      
  1.75604e-01       9.86769e-03      
  1.76353e-01       9.70049e-03      
  1.77103e-01       9.53336e-03      
  1.77852e-01       9.36629e-03      
  1.78602e-01       9.19930e-03      
  1.79351e-01       9.03242e-03      
  1.80100e-01       8.86570e-03      
  1.80850e-01       8.69919e-03      
  1.81599e-01       8.53296e-03      
  1.82348e-01       8.36710e-03      
  1.83098e-01       8.20170e-03      
  1.83847e-01       8.03685e-03      
  1.84596e-01       7.87267e-03      
  1.85346e-01       7.70927e-03      
  1.86095e-01       7.54677e-03      
  1.86845e-01       7.38530e-03      
  1.87594e-01       7.22499e-03      
  1.88343e-01       7.06597e-03      
  1.89093e-01       6.90839e-03      
  1.89842e-01       6.75236e-03      
  1.90591e-01       6.59804e-03      
  1.91341e-01       6.44555e-03      
  1.92090e-01       6.29503e-03      
  1.92840e-01       6.14661e-03      
  1.93589e-01       6.00042e-03      
  1.94338e-01       5.85657e-03      
  1.95088e-01       5.71519e-03      
  1.95837e-01       5.57638e-03      
  1.96586e-01       5.44026e-03      
  1.97336e-01       5.30692e-03      
  1.98085e-01       5.17645e-03      
  1.98835e-01       5.04893e-03      
  1.99584e-01       4.92444e-03      
  2.00333e-01       4.80304e-03      
  2.01083e-01       4.68479e-03      
  2.01832e-01       4.56974e-03      
  2.02581e-01       4.45793e-03      
  2.03331e-01       4.34937e-03      
  2.04080e-01       4.24410e-03      
  2.04830e-01       4.14212e-03      
  2.05579e-01       4.04343e-03      
  2.06328e-01       3.94802e-03      
  2.07078e-01       3.85587e-03      
  2.07827e-01       3.76695e-03      
  2.08576e-01       3.68122e-03      
  2.09326e-01       3.59865e-03      
  2.10075e-01       3.51916e-03      
  2.10825e-01       3.44271e-03      
  2.11574e-01       3.36922e-03      
  2.12323e-01       3.29862e-03      
  2.13073e-01       3.23081e-03      
  2.13822e-01       3.16572e-03      
  2.14571e-01       3.10324e-03      
  2.15321e-01       3.04328e-03      
  2.16070e-01       2.98573e-03      
  2.16820e-01       2.93048e-03      
  2.17569e-01       2.87742e-03      
  2.18318e-01       2.82643e-03      
  2.19068e-01       2.77740e-03      
  2.19817e-01       2.73020e-03      
  2.20566e-01       2.68472e-03      
  2.21316e-01       2.64084e-03      
  2.22065e-01       2.59843e-03      
  2.22815e-01       2.55738e-03      
  2.23564e-01       2.51756e-03      
  2.24313e-01       2.47886e-03      
  2.25063e-01       2.44117e-03      
  2.25812e-01       2.40436e-03      
  2.26561e-01       2.36833e-03      
  2.27311e-01       2.33298e-03      
  2.28060e-01       2.29821e-03      
  2.28810e-01       2.26390e-03      
  2.29559e-01       2.22998e-03      
  2.30308e-01       2.19636e-03      
  2.31058e-01       2.16295e-03      
  2.31807e-01       2.12967e-03      
  2.32556e-01       2.09645e-03      
  2.33306e-01       2.06323e-03      
  2.34055e-01       2.02995e-03      
  2.34805e-01       1.99655e-03      
  2.35554e-01       1.96299e-03      
  2.36303e-01       1.92923e-03      
  2.37053e-01       1.89523e-03      
  2.37802e-01       1.86096e-03      
  2.38551e-01       1.82641e-03      
  2.39301e-01       1.79155e-03      
  2.40050e-01       1.75638e-03      
  2.40799e-01       1.72089e-03      
  2.41549e-01       1.68509e-03      
  2.42298e-01       1.64898e-03      
  2.43048e-01       1.61258e-03      
  2.43797e-01       1.57591e-03      
  2.44546e-01       1.53898e-03      
  2.45296e-01       1.50182e-03      
  2.46045e-01       1.46447e-03      
  2.46794e-01       1.42697e-03      
  2.47544e-01       1.38934e-03      
  2.48293e-01       1.35164e-03      
  2.49043e-01       1.31391e-03      
  2.49792e-01       1.27619e-03      
  2.50541e-01       1.23854e-03      
  2.51291e-01       1.20101e-03      
  2.52040e-01       1.16365e-03      
  2.52789e-01       1.12652e-03      
  2.53539e-01       1.08967e-03      
  2.54288e-01       1.05316e-03      
  2.55038e-01       1.01703e-03      
  2.55787e-01       9.81356e-04      
  2.56536e-01       9.46182e-04      
  2.57286e-01       9.11561e-04      
  2.58035e-01       8.77548e-04      
  2.58784e-01       8.44191e-04      
  2.59534e-01       8.11539e-04      
  2.60283e-01       7.79638e-04      
  2.61033e-01       7.48533e-04      
  2.61782e-01       7.18264e-04      
  2.62531e-01       6.88870e-04      
  2.63281e-01       6.60385e-04      
  2.64030e-01       6.32841e-04      
  2.64779e-01       6.06268e-04      
  2.65529e-01       5.80690e-04      
  2.66278e-01       5.56128e-04      
  2.67028e-01       5.32601e-04      
  2.67777e-01       5.10122e-04      
  2.68526e-01       4.88701e-04      
  2.69276e-01       4.68345e-04      
  2.70025e-01       4.49056e-04      
  2.70774e-01       4.30834e-04      
  2.71524e-01       4.13672e-04      
  2.72273e-01       3.97563e-04      
  2.73023e-01       3.82495e-04      
  2.73772e-01       3.68451e-04      
  2.74521e-01       3.55412e-04      
  2.75271e-01       3.43357e-04      
  2.76020e-01       3.32260e-04      
  2.76769e-01       3.22093e-04      
  2.77519e-01       3.12825e-04      
  2.78268e-01       3.04423e-04      
  2.79018e-01       2.96850e-04      
  2.79767e-01       2.90069e-04      
  2.80516e-01       2.84041e-04      
  2.81266e-01       2.78723e-04      
  2.82015e-01       2.74073e-04      
  2.82764e-01       2.70047e-04      
  2.83514e-01       2.66601e-04      
  2.84263e-01       2.63687e-04      
  2.85013e-01       2.61260e-04      
  2.85762e-01       2.59274e-04      
  2.86511e-01       2.57683e-04      
  2.87261e-01       2.56439e-04      
  2.88010e-01       2.55498e-04      
  2.88759e-01       2.54814e-04      
  2.89509e-01       2.54343e-04      
  2.90258e-01       2.54041e-04      
  2.91008e-01       2.53868e-04      
  2.91757e-01       2.53783e-04      
  2.92506e-01       2.53746e-04      
  2.93256e-01       2.53722e-04      
  2.94005e-01       2.53674e-04      
  2.94754e-01       2.53571e-04      
  2.95504e-01       2.53382e-04      
  2.96253e-01       2.53077e-04      
  2.97003e-01       2.52632e-04      
  2.97752e-01       2.52022e-04      
  2.98501e-01       2.51227e-04      
  2.99251e-01       2.50229e-04      
  3.00000e-01       2.49011e-04      
