# Simulated data
# sigma generated using Sedlak et al, k=100000, c=0.55, https://doi.org/10.1107/S1600576717003077, and rebinned with 10 per bin)
# q            I            sigma       
  1.00000e-03  2.94082e-01  1.18287e-02 
  1.74937e-03  3.12050e-01  8.93936e-03 
  2.49875e-03  3.18570e-01  7.47474e-03 
  3.24812e-03  3.13899e-01  6.55011e-03 
  3.99749e-03  3.11986e-01  5.89761e-03 
  4.74687e-03  3.02209e-01  5.40467e-03 
  5.49624e-03  3.01645e-01  5.01464e-03 
  6.24561e-03  3.13712e-01  4.69552e-03 
  6.99499e-03  2.98696e-01  4.42765e-03 
  7.74436e-03  3.09183e-01  4.19823e-03 
  8.49373e-03  3.03792e-01  3.99853e-03 
  9.24311e-03  3.01154e-01  3.82234e-03 
  9.99248e-03  3.05209e-01  3.66511e-03 
  1.07419e-02  2.94451e-01  3.52344e-03 
  1.14912e-02  2.95492e-01  3.39472e-03 
  1.22406e-02  2.92333e-01  3.27691e-03 
  1.29900e-02  2.88179e-01  3.16838e-03 
  1.37393e-02  2.92443e-01  3.06783e-03 
  1.44887e-02  2.87839e-01  2.97419e-03 
  1.52381e-02  2.82873e-01  2.88660e-03 
  1.59875e-02  2.81962e-01  2.80431e-03 
  1.67368e-02  2.77670e-01  2.72673e-03 
  1.74862e-02  2.80026e-01  2.65333e-03 
  1.82356e-02  2.73540e-01  2.58366e-03 
  1.89850e-02  2.69963e-01  2.51736e-03 
  1.97343e-02  2.64521e-01  2.45409e-03 
  2.04837e-02  2.59321e-01  2.39358e-03 
  2.12331e-02  2.62564e-01  2.33557e-03 
  2.19825e-02  2.57573e-01  2.27984e-03 
  2.27318e-02  2.51090e-01  2.22622e-03 
  2.34812e-02  2.48578e-01  2.17453e-03 
  2.42306e-02  2.44898e-01  2.12462e-03 
  2.49799e-02  2.42282e-01  2.07636e-03 
  2.57293e-02  2.38921e-01  2.02963e-03 
  2.64787e-02  2.33348e-01  1.98433e-03 
  2.72281e-02  2.30303e-01  1.94037e-03 
  2.79774e-02  2.24371e-01  1.89766e-03 
  2.87268e-02  2.20898e-01  1.85612e-03 
  2.94762e-02  2.19589e-01  1.81568e-03 
  3.02256e-02  2.14573e-01  1.77629e-03 
  3.09749e-02  2.06110e-01  1.73788e-03 
  3.17243e-02  2.06236e-01  1.70041e-03 
  3.24737e-02  2.01654e-01  1.66383e-03 
  3.32231e-02  1.98593e-01  1.62810e-03 
  3.39724e-02  1.93828e-01  1.59318e-03 
  3.47218e-02  1.89150e-01  1.55903e-03 
  3.54712e-02  1.87689e-01  1.52562e-03 
  3.62206e-02  1.78614e-01  1.49294e-03 
  3.69699e-02  1.79197e-01  1.46093e-03 
  3.77193e-02  1.73474e-01  1.42960e-03 
  3.84687e-02  1.66697e-01  1.39890e-03 
  3.92180e-02  1.62707e-01  1.36883e-03 
  3.99674e-02  1.59529e-01  1.33936e-03 
  4.07168e-02  1.58620e-01  1.31048e-03 
  4.14662e-02  1.52364e-01  1.28216e-03 
  4.22155e-02  1.48957e-01  1.25441e-03 
  4.29649e-02  1.46480e-01  1.22719e-03 
  4.37143e-02  1.40133e-01  1.20051e-03 
  4.44637e-02  1.36889e-01  1.17435e-03 
  4.52130e-02  1.34243e-01  1.14870e-03 
  4.59624e-02  1.29748e-01  1.12355e-03 
  4.67118e-02  1.26555e-01  1.09889e-03 
  4.74612e-02  1.21859e-01  1.07472e-03 
  4.82105e-02  1.19578e-01  1.05102e-03 
  4.89599e-02  1.16283e-01  1.02779e-03 
  4.97093e-02  1.11219e-01  1.00503e-03 
  5.04586e-02  1.08293e-01  9.82727e-04 
  5.12080e-02  1.05749e-01  9.60876e-04 
  5.19574e-02  1.01711e-01  9.39472e-04 
  5.27068e-02  9.73066e-02  9.18512e-04 
  5.34561e-02  9.57476e-02  8.97991e-04 
  5.42055e-02  9.33657e-02  8.77904e-04 
  5.49549e-02  9.00026e-02  8.58249e-04 
  5.57043e-02  8.57610e-02  8.39020e-04 
  5.64536e-02  8.39870e-02  8.20216e-04 
  5.72030e-02  8.22100e-02  8.01832e-04 
  5.79524e-02  7.90060e-02  7.83866e-04 
  5.87018e-02  7.64602e-02  7.66313e-04 
  5.94511e-02  7.43534e-02  7.49171e-04 
  6.02005e-02  7.21482e-02  7.32438e-04 
  6.09499e-02  6.85185e-02  7.16109e-04 
  6.16992e-02  6.67307e-02  7.00182e-04 
  6.24486e-02  6.52817e-02  6.84653e-04 
  6.31980e-02  6.26837e-02  6.69520e-04 
  6.39474e-02  6.10318e-02  6.54779e-04 
  6.46967e-02  5.81803e-02  6.40427e-04 
  6.54461e-02  5.76079e-02  6.26461e-04 
  6.61955e-02  5.49708e-02  6.12876e-04 
  6.69449e-02  5.27173e-02  5.99669e-04 
  6.76942e-02  5.21000e-02  5.86837e-04 
  6.84436e-02  4.97794e-02  5.74374e-04 
  6.91930e-02  4.90621e-02  5.62277e-04 
  6.99424e-02  4.79095e-02  5.50541e-04 
  7.06917e-02  4.58313e-02  5.39162e-04 
  7.14411e-02  4.37563e-02  5.28133e-04 
  7.21905e-02  4.24188e-02  5.17451e-04 
  7.29398e-02  4.17339e-02  5.07109e-04 
  7.36892e-02  3.97577e-02  4.97101e-04 
  7.44386e-02  3.84607e-02  4.87422e-04 
  7.51880e-02  3.80228e-02  4.78065e-04 
  7.59373e-02  3.69992e-02  4.69023e-04 
  7.66867e-02  3.54849e-02  4.60290e-04 
  7.74361e-02  3.53640e-02  4.51858e-04 
  7.81855e-02  3.44582e-02  4.43720e-04 
  7.89348e-02  3.28374e-02  4.35868e-04 
  7.96842e-02  3.13256e-02  4.28295e-04 
  8.04336e-02  3.06418e-02  4.20991e-04 
  8.11830e-02  2.99298e-02  4.13950e-04 
  8.19323e-02  2.99769e-02  4.07161e-04 
  8.26817e-02  2.83460e-02  4.00617e-04 
  8.34311e-02  2.88215e-02  3.94309e-04 
  8.41805e-02  2.73531e-02  3.88227e-04 
  8.49298e-02  2.71430e-02  3.82364e-04 
  8.56792e-02  2.68211e-02  3.76709e-04 
  8.64286e-02  2.60907e-02  3.71253e-04 
  8.71779e-02  2.60110e-02  3.65988e-04 
  8.79273e-02  2.47949e-02  3.60905e-04 
  8.86767e-02  2.50555e-02  3.55994e-04 
  8.94261e-02  2.37414e-02  3.51247e-04 
  9.01754e-02  2.29602e-02  3.46654e-04 
  9.09248e-02  2.35419e-02  3.42207e-04 
  9.16742e-02  2.24119e-02  3.37899e-04 
  9.24236e-02  2.17026e-02  3.33719e-04 
  9.31729e-02  2.20897e-02  3.29660e-04 
  9.39223e-02  2.15822e-02  3.25715e-04 
  9.46717e-02  2.14222e-02  3.21876e-04 
  9.54211e-02  2.03878e-02  3.18135e-04 
  9.61704e-02  2.06179e-02  3.14485e-04 
  9.69198e-02  1.97714e-02  3.10920e-04 
  9.76692e-02  1.98312e-02  3.07433e-04 
  9.84185e-02  1.90835e-02  3.04018e-04 
  9.91679e-02  1.96257e-02  3.00668e-04 
  9.99173e-02  1.86791e-02  2.97380e-04 
  1.00667e-01  1.86019e-02  2.94146e-04 
  1.01416e-01  1.84298e-02  2.90963e-04 
  1.02165e-01  1.84134e-02  2.87826e-04 
  1.02915e-01  1.76740e-02  2.84730e-04 
  1.03664e-01  1.79133e-02  2.81671e-04 
  1.04414e-01  1.74985e-02  2.78647e-04 
  1.05163e-01  1.70439e-02  2.75653e-04 
  1.05912e-01  1.67586e-02  2.72687e-04 
  1.06662e-01  1.68205e-02  2.69745e-04 
  1.07411e-01  1.61423e-02  2.66826e-04 
  1.08160e-01  1.61008e-02  2.63927e-04 
  1.08910e-01  1.57859e-02  2.61046e-04 
  1.09659e-01  1.53779e-02  2.58182e-04 
  1.10409e-01  1.48494e-02  2.55333e-04 
  1.11158e-01  1.52714e-02  2.52498e-04 
  1.11907e-01  1.47823e-02  2.49676e-04 
  1.12657e-01  1.43940e-02  2.46866e-04 
  1.13406e-01  1.40936e-02  2.44068e-04 
  1.14155e-01  1.38552e-02  2.41281e-04 
  1.14905e-01  1.40742e-02  2.38505e-04 
  1.15654e-01  1.40284e-02  2.35740e-04 
  1.16404e-01  1.37238e-02  2.32987e-04 
  1.17153e-01  1.28648e-02  2.30245e-04 
  1.17902e-01  1.33137e-02  2.27515e-04 
  1.18652e-01  1.24730e-02  2.24797e-04 
  1.19401e-01  1.22410e-02  2.22093e-04 
  1.20150e-01  1.19374e-02  2.19402e-04 
  1.20900e-01  1.18297e-02  2.16727e-04 
  1.21649e-01  1.15298e-02  2.14067e-04 
  1.22398e-01  1.15721e-02  2.11424e-04 
  1.23148e-01  1.08604e-02  2.08798e-04 
  1.23897e-01  1.10499e-02  2.06192e-04 
  1.24647e-01  1.09224e-02  2.03606e-04 
  1.25396e-01  1.02249e-02  2.01041e-04 
  1.26145e-01  1.02990e-02  1.98499e-04 
  1.26895e-01  1.03579e-02  1.95981e-04 
  1.27644e-01  9.97726e-03  1.93487e-04 
  1.28393e-01  9.80735e-03  1.91021e-04 
  1.29143e-01  9.33881e-03  1.88582e-04 
  1.29892e-01  9.18674e-03  1.86172e-04 
  1.30642e-01  9.33938e-03  1.83792e-04 
  1.31391e-01  8.51118e-03  1.81443e-04 
  1.32140e-01  8.93360e-03  1.79127e-04 
  1.32890e-01  8.30645e-03  1.76845e-04 
  1.33639e-01  8.23937e-03  1.74597e-04 
  1.34388e-01  7.97671e-03  1.72385e-04 
  1.35138e-01  7.69407e-03  1.70210e-04 
  1.35887e-01  8.04767e-03  1.68072e-04 
  1.36637e-01  7.55968e-03  1.65972e-04 
  1.37386e-01  7.23285e-03  1.63911e-04 
  1.38135e-01  7.24025e-03  1.61889e-04 
  1.38885e-01  7.04420e-03  1.59908e-04 
  1.39634e-01  7.04201e-03  1.57967e-04 
  1.40383e-01  6.74918e-03  1.56067e-04 
  1.41133e-01  6.55948e-03  1.54208e-04 
  1.41882e-01  6.66656e-03  1.52390e-04 
  1.42632e-01  6.46626e-03  1.50613e-04 
  1.43381e-01  6.23139e-03  1.48877e-04 
  1.44130e-01  6.02415e-03  1.47182e-04 
  1.44880e-01  5.94016e-03  1.45527e-04 
  1.45629e-01  5.85358e-03  1.43913e-04 
  1.46378e-01  5.54232e-03  1.42338e-04 
  1.47128e-01  5.74624e-03  1.40803e-04 
  1.47877e-01  5.58335e-03  1.39306e-04 
  1.48627e-01  5.46564e-03  1.37846e-04 
  1.49376e-01  5.26262e-03  1.36423e-04 
  1.50125e-01  5.21043e-03  1.35036e-04 
  1.50875e-01  5.13033e-03  1.33685e-04 
  1.51624e-01  4.99381e-03  1.32366e-04 
  1.52373e-01  4.99829e-03  1.31081e-04 
  1.53123e-01  4.93424e-03  1.29827e-04 
  1.53872e-01  4.79995e-03  1.28603e-04 
  1.54622e-01  4.81932e-03  1.27408e-04 
  1.55371e-01  4.68172e-03  1.26240e-04 
  1.56120e-01  4.64308e-03  1.25099e-04 
  1.56870e-01  4.52419e-03  1.23983e-04 
  1.57619e-01  4.51754e-03  1.22890e-04 
  1.58368e-01  4.38471e-03  1.21820e-04 
  1.59118e-01  4.44155e-03  1.20770e-04 
  1.59867e-01  4.11231e-03  1.19739e-04 
  1.60617e-01  4.33490e-03  1.18727e-04 
  1.61366e-01  4.02245e-03  1.17731e-04 
  1.62115e-01  4.04918e-03  1.16750e-04 
  1.62865e-01  4.23920e-03  1.15784e-04 
  1.63614e-01  4.01204e-03  1.14830e-04 
  1.64363e-01  3.88364e-03  1.13888e-04 
  1.65113e-01  3.78415e-03  1.12956e-04 
  1.65862e-01  3.93692e-03  1.12034e-04 
  1.66612e-01  3.68384e-03  1.11119e-04 
  1.67361e-01  3.58595e-03  1.10212e-04 
  1.68110e-01  3.76709e-03  1.09312e-04 
  1.68860e-01  3.75043e-03  1.08416e-04 
  1.69609e-01  3.61205e-03  1.07525e-04 
  1.70358e-01  3.32178e-03  1.06638e-04 
  1.71108e-01  3.47277e-03  1.05755e-04 
  1.71857e-01  3.26192e-03  1.04873e-04 
  1.72607e-01  3.32104e-03  1.03994e-04 
  1.73356e-01  3.42617e-03  1.03116e-04 
  1.74105e-01  3.28171e-03  1.02239e-04 
  1.74855e-01  2.89527e-03  1.01362e-04 
  1.75604e-01  2.88035e-03  1.00487e-04 
  1.76353e-01  3.18800e-03  9.96108e-05 
  1.77103e-01  3.01340e-03  9.87350e-05 
  1.77852e-01  2.89713e-03  9.78591e-05 
  1.78602e-01  3.00229e-03  9.69831e-05 
  1.79351e-01  2.74922e-03  9.61069e-05 
  1.80100e-01  2.80822e-03  9.52308e-05 
  1.80850e-01  2.71200e-03  9.43547e-05 
  1.81599e-01  2.70516e-03  9.34789e-05 
  1.82348e-01  2.64795e-03  9.26037e-05 
  1.83098e-01  2.49031e-03  9.17292e-05 
  1.83847e-01  2.46509e-03  9.08559e-05 
  1.84596e-01  2.39007e-03  8.99841e-05 
  1.85346e-01  2.43250e-03  8.91143e-05 
  1.86095e-01  2.29107e-03  8.82468e-05 
  1.86845e-01  2.34711e-03  8.73821e-05 
  1.87594e-01  2.30613e-03  8.65208e-05 
  1.88343e-01  2.37390e-03  8.56634e-05 
  1.89093e-01  2.04107e-03  8.48105e-05 
  1.89842e-01  2.15071e-03  8.39626e-05 
  1.90591e-01  2.12120e-03  8.31202e-05 
  1.91341e-01  2.01556e-03  8.22841e-05 
  1.92090e-01  1.93587e-03  8.14549e-05 
  1.92840e-01  1.94436e-03  8.06330e-05 
  1.93589e-01  1.83232e-03  7.98192e-05 
  1.94338e-01  1.87630e-03  7.90141e-05 
  1.95088e-01  1.91854e-03  7.82182e-05 
  1.95837e-01  1.76720e-03  7.74322e-05 
  1.96586e-01  1.72564e-03  7.66566e-05 
  1.97336e-01  1.63633e-03  7.58921e-05 
  1.98085e-01  1.59932e-03  7.51391e-05 
  1.98835e-01  1.66371e-03  7.43982e-05 
  1.99584e-01  1.47179e-03  7.36698e-05 
  2.00333e-01  1.46216e-03  7.29545e-05 
  2.01083e-01  1.46881e-03  7.22526e-05 
  2.01832e-01  1.52716e-03  7.15646e-05 
  2.02581e-01  1.49853e-03  7.08908e-05 
  2.03331e-01  1.25863e-03  7.02315e-05 
  2.04080e-01  1.29975e-03  6.95871e-05 
  2.04830e-01  1.32331e-03  6.89576e-05 
  2.05579e-01  1.15465e-03  6.83433e-05 
  2.06328e-01  1.29732e-03  6.77444e-05 
  2.07078e-01  1.19495e-03  6.71608e-05 
  2.07827e-01  1.18328e-03  6.65927e-05 
  2.08576e-01  1.01289e-03  6.60401e-05 
  2.09326e-01  1.18227e-03  6.55028e-05 
  2.10075e-01  1.13461e-03  6.49808e-05 
  2.10825e-01  1.25851e-03  6.44738e-05 
  2.11574e-01  1.12698e-03  6.39818e-05 
  2.12323e-01  1.07946e-03  6.35044e-05 
  2.13073e-01  9.94397e-04  6.30413e-05 
  2.13822e-01  1.11072e-03  6.25922e-05 
  2.14571e-01  9.86218e-04  6.21567e-05 
  2.15321e-01  9.89121e-04  6.17345e-05 
  2.16070e-01  9.05990e-04  6.13249e-05 
  2.16820e-01  8.27961e-04  6.09277e-05 
  2.17569e-01  8.80492e-04  6.05422e-05 
  2.18318e-01  9.10840e-04  6.01679e-05 
  2.19068e-01  8.26208e-04  5.98043e-05 
  2.19817e-01  8.17302e-04  5.94507e-05 
  2.20566e-01  8.26763e-04  5.91067e-05 
  2.21316e-01  9.42363e-04  5.87716e-05 
  2.22065e-01  8.56071e-04  5.84447e-05 
  2.22815e-01  8.80498e-04  5.81256e-05 
  2.23564e-01  7.74342e-04  5.78135e-05 
  2.24313e-01  8.39637e-04  5.75078e-05 
  2.25063e-01  7.61333e-04  5.72080e-05 
  2.25812e-01  7.04585e-04  5.69135e-05 
  2.26561e-01  7.91091e-04  5.66237e-05 
  2.27311e-01  6.16541e-04  5.63379e-05 
  2.28060e-01  7.24572e-04  5.60558e-05 
  2.28810e-01  7.27774e-04  5.57766e-05 
  2.29559e-01  6.55100e-04  5.55000e-05 
  2.30308e-01  6.41217e-04  5.52254e-05 
  2.31058e-01  7.01923e-04  5.49525e-05 
  2.31807e-01  6.87754e-04  5.46806e-05 
  2.32556e-01  7.03187e-04  5.44096e-05 
  2.33306e-01  6.77179e-04  5.41389e-05 
  2.34055e-01  6.97081e-04  5.38682e-05 
  2.34805e-01  6.76730e-04  5.35973e-05 
  2.35554e-01  5.71604e-04  5.33259e-05 
  2.36303e-01  6.08449e-04  5.30536e-05 
  2.37053e-01  6.17917e-04  5.27804e-05 
  2.37802e-01  6.23810e-04  5.25060e-05 
  2.38551e-01  5.73309e-04  5.22302e-05 
  2.39301e-01  5.71859e-04  5.19531e-05 
  2.40050e-01  5.70821e-04  5.16744e-05 
  2.40799e-01  5.78078e-04  5.13942e-05 
  2.41549e-01  5.33719e-04  5.11125e-05 
  2.42298e-01  5.44240e-04  5.08292e-05 
  2.43048e-01  3.82243e-04  5.05444e-05 
  2.43797e-01  4.41267e-04  5.02582e-05 
  2.44546e-01  4.31845e-04  4.99707e-05 
  2.45296e-01  4.23461e-04  4.96819e-05 
  2.46045e-01  4.57441e-04  4.93922e-05 
  2.46794e-01  4.56916e-04  4.91016e-05 
  2.47544e-01  3.98463e-04  4.88104e-05 
  2.48293e-01  4.04888e-04  4.85188e-05 
  2.49043e-01  4.29467e-04  4.82270e-05 
  2.49792e-01  4.03703e-04  4.79352e-05 
  2.50541e-01  3.86195e-04  4.76439e-05 
  2.51291e-01  4.68228e-04  4.73532e-05 
  2.52040e-01  4.71970e-04  4.70635e-05 
  2.52789e-01  3.72417e-04  4.67750e-05 
  2.53539e-01  2.91596e-04  4.64881e-05 
  2.54288e-01  3.94368e-04  4.62032e-05 
  2.55038e-01  3.70642e-04  4.59205e-05 
  2.55787e-01  3.54722e-04  4.56404e-05 
  2.56536e-01  3.93307e-04  4.53632e-05 
  2.57286e-01  2.26665e-04  4.50893e-05 
  2.58035e-01  1.86986e-04  4.48190e-05 
  2.58784e-01  2.70965e-04  4.45526e-05 
  2.59534e-01  2.19733e-04  4.42904e-05 
  2.60283e-01  1.70852e-04  4.40328e-05 
  2.61033e-01  2.68037e-04  4.37800e-05 
  2.61782e-01  2.02800e-04  4.35323e-05 
  2.62531e-01  1.29400e-04  4.32900e-05 
  2.63281e-01  2.14991e-04  4.30533e-05 
  2.64030e-01  2.26258e-04  4.28225e-05 
  2.64779e-01  2.02545e-04  4.25978e-05 
  2.65529e-01  1.35291e-04  4.23793e-05 
  2.66278e-01  1.15385e-04  4.21672e-05 
  2.67028e-01  1.99590e-04  4.19617e-05 
  2.67777e-01  1.07375e-04  4.17629e-05 
  2.68526e-01  1.99577e-04  4.15709e-05 
  2.69276e-01  7.82172e-05  4.13857e-05 
  2.70025e-01  1.46294e-04  4.12075e-05 
  2.70774e-01  1.76330e-04  4.10361e-05 
  2.71524e-01  1.29570e-04  4.08717e-05 
  2.72273e-01  1.14694e-04  4.07141e-05 
  2.73023e-01  1.06466e-04  4.05633e-05 
  2.73772e-01  1.61108e-04  4.04193e-05 
  2.74521e-01  9.72178e-05  4.02819e-05 
  2.75271e-01  9.77141e-05  4.01510e-05 
  2.76020e-01  1.17904e-04  4.00264e-05 
  2.76769e-01  6.87621e-05  3.99080e-05 
  2.77519e-01  1.25387e-04  3.97955e-05 
  2.78268e-01  1.37924e-04  3.96889e-05 
  2.79018e-01  8.52422e-05  3.95877e-05 
  2.79767e-01  2.22255e-05  3.94918e-05 
  2.80516e-01  8.19027e-05  3.94010e-05 
  2.81266e-01  4.75865e-05  3.93149e-05 
  2.82015e-01  1.12028e-04  3.92333e-05 
  2.82764e-01  2.05921e-05  3.91560e-05 
  2.83514e-01  1.01951e-04  3.90825e-05 
  2.84263e-01  1.13611e-04  3.90126e-05 
  2.85013e-01  1.05200e-04  3.89460e-05 
  2.85762e-01  3.47554e-05  3.88824e-05 
  2.86511e-01  6.94393e-05  3.88216e-05 
  2.87261e-01  9.60524e-05  3.87631e-05 
  2.88010e-01  1.09959e-04  3.87068e-05 
  2.88759e-01  7.68095e-05  3.86522e-05 
  2.89509e-01  7.37324e-05  3.85992e-05 
  2.90258e-01  1.04340e-04  3.85475e-05 
  2.91008e-01  4.61082e-05  3.84967e-05 
  2.91757e-01  9.90477e-05  3.84467e-05 
  2.92506e-01  6.31890e-05  3.83972e-05 
  2.93256e-01  1.48950e-04  3.83480e-05 
  2.94005e-01  7.78466e-05  3.82988e-05 
  2.94754e-01  9.31877e-05  3.82494e-05 
  2.95504e-01  2.69486e-05  3.81997e-05 
  2.96253e-01  1.28246e-04  3.81495e-05 
  2.97003e-01  8.48281e-05  3.80986e-05 
  2.97752e-01  1.00800e-04  3.80469e-05 
  2.98501e-01  7.27102e-05  3.79942e-05 
  2.99251e-01  7.93465e-05  3.79405e-05 
  3.00000e-01  1.48484e-05  3.78856e-05 
