# Simulated data
# sigma generated using Sedlak et al, k=100000, c=0.55, https://doi.org/10.1107/S1600576717003077, and rebinned with 10 per bin)
# q            I            sigma       
  1.00000e-03  2.09115e-02  3.62162e-03 
  2.25063e-03  1.39746e-02  2.41147e-03 
  3.50125e-03  1.17955e-02  1.92972e-03 
  4.75188e-03  1.31750e-02  1.65191e-03 
  6.00251e-03  1.55008e-02  1.46456e-03 
  7.25313e-03  1.38633e-02  1.32652e-03 
  8.50376e-03  1.38965e-02  1.21876e-03 
  9.75439e-03  1.28992e-02  1.13117e-03 
  1.10050e-02  1.28486e-02  1.05777e-03 
  1.22556e-02  1.25689e-02  9.94806e-04 
  1.35063e-02  1.43809e-02  9.39785e-04 
  1.47569e-02  1.17902e-02  8.90975e-04 
  1.60075e-02  1.02960e-02  8.47138e-04 
  1.72581e-02  1.08172e-02  8.07364e-04 
  1.85088e-02  9.94280e-03  7.70969e-04 
  1.97594e-02  9.70573e-03  7.37434e-04 
  2.10100e-02  1.00936e-02  7.06354e-04 
  2.22607e-02  8.16261e-03  6.77414e-04 
  2.35113e-02  8.13093e-03  6.50363e-04 
  2.47619e-02  7.57589e-03  6.25004e-04 
  2.60125e-02  7.31752e-03  6.01178e-04 
  2.72632e-02  6.97947e-03  5.78761e-04 
  2.85138e-02  5.37499e-03  5.57652e-04 
  2.97644e-02  4.58079e-03  5.37770e-04 
  3.10150e-02  3.54021e-03  5.19054e-04 
  3.22657e-02  3.54675e-03  5.01455e-04 
  3.35163e-02  2.63857e-03  4.84935e-04 
  3.47669e-02  2.79395e-03  4.69465e-04 
  3.60175e-02  2.58284e-03  4.55023e-04 
  3.72682e-02  1.36983e-03  4.41593e-04 
  3.85188e-02  1.37717e-03  4.29163e-04 
  3.97694e-02  7.61224e-04  4.17722e-04 
  4.10201e-02  1.12082e-03  4.07261e-04 
  4.22707e-02  1.08741e-03  3.97770e-04 
  4.35213e-02  -1.08512e-04 3.89239e-04 
  4.47719e-02  -2.62623e-04 3.81655e-04 
  4.60226e-02  1.73391e-04  3.75000e-04 
  4.72732e-02  2.87202e-04  3.69253e-04 
  4.85238e-02  1.78629e-04  3.64391e-04 
  4.97744e-02  -3.95914e-04 3.60382e-04 
  5.10251e-02  -1.13747e-04 3.57192e-04 
  5.22757e-02  6.03750e-04  3.54780e-04 
  5.35263e-02  7.85395e-04  3.53105e-04 
  5.47769e-02  7.79657e-04  3.52116e-04 
  5.60276e-02  1.33207e-03  3.51766e-04 
  5.72782e-02  1.22722e-03  3.51999e-04 
  5.85288e-02  1.92751e-03  3.52763e-04 
  5.97794e-02  1.79784e-03  3.54002e-04 
  6.10301e-02  3.07499e-03  3.55662e-04 
  6.22807e-02  3.22262e-03  3.57688e-04 
  6.35313e-02  3.64494e-03  3.60029e-04 
  6.47820e-02  4.76870e-03  3.62633e-04 
  6.60326e-02  5.23843e-03  3.65451e-04 
  6.72832e-02  6.04788e-03  3.68437e-04 
  6.85338e-02  6.90244e-03  3.71548e-04 
  6.97845e-02  7.82689e-03  3.74743e-04 
  7.10351e-02  8.38742e-03  3.77983e-04 
  7.22857e-02  9.56723e-03  3.81233e-04 
  7.35363e-02  9.55409e-03  3.84461e-04 
  7.47870e-02  1.03452e-02  3.87636e-04 
  7.60376e-02  1.16021e-02  3.90730e-04 
  7.72882e-02  1.20632e-02  3.93720e-04 
  7.85388e-02  1.30401e-02  3.96581e-04 
  7.97895e-02  1.40679e-02  3.99294e-04 
  8.10401e-02  1.53528e-02  4.01840e-04 
  8.22907e-02  1.53208e-02  4.04202e-04 
  8.35414e-02  1.66491e-02  4.06365e-04 
  8.47920e-02  1.74387e-02  4.08318e-04 
  8.60426e-02  1.80878e-02  4.10047e-04 
  8.72932e-02  1.88190e-02  4.11543e-04 
  8.85439e-02  1.94724e-02  4.12799e-04 
  8.97945e-02  2.04258e-02  4.13806e-04 
  9.10451e-02  2.03009e-02  4.14559e-04 
  9.22957e-02  2.11005e-02  4.15053e-04 
  9.35464e-02  2.17708e-02  4.15284e-04 
  9.47970e-02  2.23561e-02  4.15251e-04 
  9.60476e-02  2.35020e-02  4.14951e-04 
  9.72982e-02  2.32720e-02  4.14385e-04 
  9.85489e-02  2.31172e-02  4.13551e-04 
  9.97995e-02  2.31940e-02  4.12453e-04 
  1.01050e-01  2.36217e-02  4.11091e-04 
  1.02301e-01  2.42083e-02  4.09468e-04 
  1.03551e-01  2.48080e-02  4.07589e-04 
  1.04802e-01  2.39984e-02  4.05456e-04 
  1.06053e-01  2.37968e-02  4.03076e-04 
  1.07303e-01  2.38218e-02  4.00453e-04 
  1.08554e-01  2.38585e-02  3.97594e-04 
  1.09805e-01  2.43987e-02  3.94505e-04 
  1.11055e-01  2.36341e-02  3.91193e-04 
  1.12306e-01  2.37080e-02  3.87668e-04 
  1.13556e-01  2.36676e-02  3.83935e-04 
  1.14807e-01  2.29827e-02  3.80006e-04 
  1.16058e-01  2.25029e-02  3.75888e-04 
  1.17308e-01  2.14108e-02  3.71592e-04 
  1.18559e-01  2.15285e-02  3.67128e-04 
  1.19810e-01  2.08397e-02  3.62506e-04 
  1.21060e-01  2.00081e-02  3.57738e-04 
  1.22311e-01  2.00507e-02  3.52834e-04 
  1.23561e-01  1.93698e-02  3.47807e-04 
  1.24812e-01  1.82492e-02  3.42668e-04 
  1.26063e-01  1.73437e-02  3.37431e-04 
  1.27313e-01  1.69062e-02  3.32108e-04 
  1.28564e-01  1.60611e-02  3.26712e-04 
  1.29815e-01  1.53860e-02  3.21256e-04 
  1.31065e-01  1.47326e-02  3.15754e-04 
  1.32316e-01  1.39542e-02  3.10221e-04 
  1.33566e-01  1.35101e-02  3.04669e-04 
  1.34817e-01  1.29479e-02  2.99114e-04 
  1.36068e-01  1.15724e-02  2.93570e-04 
  1.37318e-01  1.08711e-02  2.88052e-04 
  1.38569e-01  1.01364e-02  2.82574e-04 
  1.39820e-01  9.77639e-03  2.77152e-04 
  1.41070e-01  8.72639e-03  2.71799e-04 
  1.42321e-01  8.25643e-03  2.66531e-04 
  1.43571e-01  7.66191e-03  2.61363e-04 
  1.44822e-01  7.26412e-03  2.56308e-04 
  1.46073e-01  6.40410e-03  2.51382e-04 
  1.47323e-01  5.83920e-03  2.46597e-04 
  1.48574e-01  4.87996e-03  2.41968e-04 
  1.49825e-01  4.14833e-03  2.37507e-04 
  1.51075e-01  3.86928e-03  2.33226e-04 
  1.52326e-01  3.28430e-03  2.29136e-04 
  1.53576e-01  2.84747e-03  2.25247e-04 
  1.54827e-01  2.62179e-03  2.21569e-04 
  1.56078e-01  2.25450e-03  2.18110e-04 
  1.57328e-01  1.75293e-03  2.14876e-04 
  1.58579e-01  1.16950e-03  2.11872e-04 
  1.59830e-01  1.08887e-03  2.09103e-04 
  1.61080e-01  1.19576e-03  2.06568e-04 
  1.62331e-01  2.52521e-04  2.04270e-04 
  1.63581e-01  4.46159e-04  2.02206e-04 
  1.64832e-01  1.69327e-04  2.00373e-04 
  1.66083e-01  -3.18615e-05 1.98766e-04 
  1.67333e-01  1.64491e-04  1.97378e-04 
  1.68584e-01  -3.64669e-04 1.96202e-04 
  1.69835e-01  2.75368e-05  1.95228e-04 
  1.71085e-01  -2.03945e-04 1.94444e-04 
  1.72336e-01  1.49021e-04  1.93840e-04 
  1.73586e-01  6.46135e-05  1.93402e-04 
  1.74837e-01  6.22710e-05  1.93117e-04 
  1.76088e-01  3.80335e-04  1.92970e-04 
  1.77338e-01  2.12209e-04  1.92949e-04 
  1.78589e-01  2.57625e-04  1.93037e-04 
  1.79840e-01  1.43647e-04  1.93221e-04 
  1.81090e-01  6.96581e-04  1.93486e-04 
  1.82341e-01  7.81701e-04  1.93818e-04 
  1.83591e-01  1.36028e-03  1.94203e-04 
  1.84842e-01  1.19233e-03  1.94629e-04 
  1.86093e-01  1.30720e-03  1.95083e-04 
  1.87343e-01  1.53787e-03  1.95552e-04 
  1.88594e-01  1.42307e-03  1.96026e-04 
  1.89845e-01  1.81461e-03  1.96494e-04 
  1.91095e-01  2.10987e-03  1.96946e-04 
  1.92346e-01  2.25639e-03  1.97374e-04 
  1.93596e-01  2.47595e-03  1.97769e-04 
  1.94847e-01  2.74209e-03  1.98124e-04 
  1.96098e-01  2.49629e-03  1.98432e-04 
  1.97348e-01  2.77629e-03  1.98687e-04 
  1.98599e-01  3.26099e-03  1.98885e-04 
  1.99850e-01  3.31081e-03  1.99020e-04 
  2.01100e-01  3.42266e-03  1.99090e-04 
  2.02351e-01  3.92722e-03  1.99090e-04 
  2.03602e-01  3.79779e-03  1.99020e-04 
  2.04852e-01  3.88619e-03  1.98876e-04 
  2.06103e-01  3.87013e-03  1.98658e-04 
  2.07353e-01  3.70925e-03  1.98365e-04 
  2.08604e-01  3.86283e-03  1.97998e-04 
  2.09855e-01  3.89926e-03  1.97556e-04 
  2.11105e-01  3.77904e-03  1.97041e-04 
  2.12356e-01  3.81912e-03  1.96454e-04 
  2.13607e-01  3.96646e-03  1.95796e-04 
  2.14857e-01  4.09922e-03  1.95071e-04 
  2.16108e-01  3.90837e-03  1.94281e-04 
  2.17358e-01  3.51478e-03  1.93428e-04 
  2.18609e-01  3.73921e-03  1.92516e-04 
  2.19860e-01  3.90729e-03  1.91549e-04 
  2.21110e-01  3.61875e-03  1.90530e-04 
  2.22361e-01  3.42004e-03  1.89465e-04 
  2.23612e-01  3.23395e-03  1.88356e-04 
  2.24862e-01  3.19293e-03  1.87208e-04 
  2.26113e-01  3.36988e-03  1.86027e-04 
  2.27363e-01  3.16082e-03  1.84817e-04 
  2.28614e-01  2.84195e-03  1.83584e-04 
  2.29865e-01  2.67307e-03  1.82331e-04 
  2.31115e-01  2.45351e-03  1.81064e-04 
  2.32366e-01  2.48101e-03  1.79788e-04 
  2.33617e-01  2.13414e-03  1.78509e-04 
  2.34867e-01  2.11359e-03  1.77231e-04 
  2.36118e-01  1.88626e-03  1.75959e-04 
  2.37368e-01  1.59407e-03  1.74697e-04 
  2.38619e-01  1.64887e-03  1.73452e-04 
  2.39870e-01  1.31600e-03  1.72227e-04 
  2.41120e-01  1.29211e-03  1.71026e-04 
  2.42371e-01  1.31460e-03  1.69854e-04 
  2.43622e-01  1.20199e-03  1.68715e-04 
  2.44872e-01  7.92228e-04  1.67611e-04 
  2.46123e-01  6.58562e-04  1.66547e-04 
  2.47373e-01  5.38956e-04  1.65525e-04 
  2.48624e-01  6.16081e-04  1.64547e-04 
  2.49875e-01  5.75332e-04  1.63617e-04 
  2.51125e-01  5.57535e-04  1.62735e-04 
  2.52376e-01  2.05043e-04  1.61903e-04 
  2.53627e-01  4.05057e-04  1.61123e-04 
  2.54877e-01  2.44571e-04  1.60394e-04 
  2.56128e-01  -1.03934e-04 1.59718e-04 
  2.57378e-01  -1.23220e-04 1.59093e-04 
  2.58629e-01  -1.12988e-04 1.58520e-04 
  2.59880e-01  2.58971e-04  1.57998e-04 
  2.61130e-01  -7.07075e-05 1.57525e-04 
  2.62381e-01  3.46713e-04  1.57099e-04 
  2.63632e-01  -1.47711e-04 1.56720e-04 
  2.64882e-01  -8.98237e-05 1.56385e-04 
  2.66133e-01  3.96139e-04  1.56091e-04 
  2.67383e-01  1.38045e-04  1.55836e-04 
  2.68634e-01  2.65334e-05  1.55617e-04 
  2.69885e-01  1.27529e-04  1.55431e-04 
  2.71135e-01  -9.41370e-05 1.55276e-04 
  2.72386e-01  1.77768e-04  1.55147e-04 
  2.73637e-01  3.16166e-05  1.55042e-04 
  2.74887e-01  3.74358e-04  1.54958e-04 
  2.76138e-01  4.60775e-04  1.54891e-04 
  2.77388e-01  3.44425e-04  1.54838e-04 
  2.78639e-01  4.53422e-04  1.54796e-04 
  2.79890e-01  4.97652e-04  1.54761e-04 
  2.81140e-01  5.02501e-04  1.54731e-04 
  2.82391e-01  6.09862e-04  1.54703e-04 
  2.83642e-01  8.53573e-04  1.54673e-04 
  2.84892e-01  7.59445e-04  1.54640e-04 
  2.86143e-01  7.99520e-04  1.54601e-04 
  2.87393e-01  7.98185e-04  1.54553e-04 
  2.88644e-01  9.21177e-04  1.54494e-04 
  2.89895e-01  1.07562e-03  1.54422e-04 
  2.91145e-01  9.73014e-04  1.54336e-04 
  2.92396e-01  8.54822e-04  1.54234e-04 
  2.93647e-01  1.14926e-03  1.54115e-04 
  2.94897e-01  1.12492e-03  1.53976e-04 
  2.96148e-01  1.56655e-03  1.53818e-04 
  2.97398e-01  1.32061e-03  1.53640e-04 
  2.98649e-01  1.26626e-03  1.53440e-04 
  2.99900e-01  8.75384e-04  1.53219e-04 
  3.01150e-01  1.29739e-03  1.52976e-04 
  3.02401e-01  1.44775e-03  1.52711e-04 
  3.03652e-01  1.30069e-03  1.52425e-04 
  3.04902e-01  1.25020e-03  1.52117e-04 
  3.06153e-01  1.45804e-03  1.51788e-04 
  3.07404e-01  1.58396e-03  1.51438e-04 
  3.08654e-01  1.44217e-03  1.51069e-04 
  3.09905e-01  1.00474e-03  1.50681e-04 
  3.11155e-01  1.14334e-03  1.50274e-04 
  3.12406e-01  1.04872e-03  1.49852e-04 
  3.13657e-01  1.04456e-03  1.49413e-04 
  3.14907e-01  1.22704e-03  1.48960e-04 
  3.16158e-01  1.08813e-03  1.48494e-04 
  3.17409e-01  1.08477e-03  1.48017e-04 
  3.18659e-01  1.08614e-03  1.47529e-04 
  3.19910e-01  9.28962e-04  1.47033e-04 
  3.21160e-01  9.35302e-04  1.46530e-04 
  3.22411e-01  9.95523e-04  1.46021e-04 
  3.23662e-01  1.02933e-03  1.45509e-04 
  3.24912e-01  7.41776e-04  1.44994e-04 
  3.26163e-01  5.78808e-04  1.44478e-04 
  3.27414e-01  6.18880e-04  1.43963e-04 
  3.28664e-01  7.83171e-04  1.43451e-04 
  3.29915e-01  4.46701e-04  1.42942e-04 
  3.31165e-01  4.89566e-04  1.42439e-04 
  3.32416e-01  5.96737e-04  1.41942e-04 
  3.33667e-01  5.33323e-04  1.41452e-04 
  3.34917e-01  6.22148e-04  1.40972e-04 
  3.36168e-01  6.01820e-04  1.40502e-04 
  3.37419e-01  1.87016e-04  1.40042e-04 
  3.38669e-01  2.36979e-04  1.39595e-04 
  3.39920e-01  2.34322e-04  1.39161e-04 
  3.41170e-01  3.83953e-04  1.38740e-04 
  3.42421e-01  1.48019e-04  1.38333e-04 
  3.43672e-01  4.80825e-04  1.37941e-04 
  3.44922e-01  4.80204e-04  1.37563e-04 
  3.46173e-01  2.56086e-04  1.37201e-04 
  3.47424e-01  -2.25016e-05 1.36855e-04 
  3.48674e-01  1.77263e-04  1.36523e-04 
  3.49925e-01  2.86033e-04  1.36207e-04 
  3.51175e-01  1.65825e-04  1.35906e-04 
  3.52426e-01  4.20625e-05  1.35620e-04 
  3.53677e-01  4.43599e-05  1.35349e-04 
  3.54927e-01  -1.99468e-06 1.35092e-04 
  3.56178e-01  -1.88585e-05 1.34848e-04 
  3.57429e-01  4.36400e-05  1.34617e-04 
  3.58679e-01  1.53568e-04  1.34398e-04 
  3.59930e-01  -1.88599e-04 1.34191e-04 
  3.61180e-01  1.31465e-04  1.33995e-04 
  3.62431e-01  -3.02759e-06 1.33809e-04 
  3.63682e-01  1.37948e-05  1.33632e-04 
  3.64932e-01  1.37739e-05  1.33463e-04 
  3.66183e-01  3.69781e-05  1.33301e-04 
  3.67434e-01  1.48041e-04  1.33146e-04 
  3.68684e-01  -2.26382e-05 1.32997e-04 
  3.69935e-01  9.13504e-05  1.32852e-04 
  3.71185e-01  3.63664e-04  1.32711e-04 
  3.72436e-01  2.72090e-04  1.32572e-04 
  3.73687e-01  1.61301e-04  1.32436e-04 
  3.74937e-01  3.67410e-04  1.32301e-04 
  3.76188e-01  1.70337e-04  1.32166e-04 
  3.77439e-01  2.53290e-04  1.32031e-04 
  3.78689e-01  3.49701e-04  1.31894e-04 
  3.79940e-01  1.37707e-05  1.31756e-04 
  3.81190e-01  2.89598e-04  1.31615e-04 
  3.82441e-01  2.65716e-04  1.31472e-04 
  3.83692e-01  1.78516e-04  1.31325e-04 
  3.84942e-01  2.45167e-04  1.31174e-04 
  3.86193e-01  2.54065e-04  1.31019e-04 
  3.87444e-01  1.18678e-04  1.30859e-04 
  3.88694e-01  4.71161e-04  1.30694e-04 
  3.89945e-01  5.58284e-04  1.30523e-04 
  3.91195e-01  6.13415e-04  1.30348e-04 
  3.92446e-01  2.57979e-04  1.30167e-04 
  3.93697e-01  3.77517e-04  1.29980e-04 
  3.94947e-01  4.39057e-04  1.29788e-04 
  3.96198e-01  5.19803e-04  1.29590e-04 
  3.97449e-01  4.76038e-04  1.29387e-04 
  3.98699e-01  1.96498e-04  1.29178e-04 
  3.99950e-01  2.79164e-04  1.28965e-04 
  4.01201e-01  3.69363e-04  1.28746e-04 
  4.02451e-01  3.91060e-04  1.28523e-04 
  4.03702e-01  4.66993e-04  1.28295e-04 
  4.04952e-01  2.08441e-04  1.28064e-04 
  4.06203e-01  1.80420e-04  1.27828e-04 
  4.07454e-01  4.14302e-04  1.27590e-04 
  4.08704e-01  3.66408e-04  1.27348e-04 
  4.09955e-01  4.34165e-04  1.27103e-04 
  4.11206e-01  3.82428e-04  1.26857e-04 
  4.12456e-01  2.48882e-04  1.26609e-04 
  4.13707e-01  3.52770e-04  1.26359e-04 
  4.14957e-01  5.87474e-04  1.26109e-04 
  4.16208e-01  2.95052e-04  1.25858e-04 
  4.17459e-01  3.74528e-04  1.25607e-04 
  4.18709e-01  3.89939e-04  1.25356e-04 
  4.19960e-01  1.23417e-04  1.25106e-04 
  4.21211e-01  4.50742e-04  1.24857e-04 
  4.22461e-01  3.03734e-04  1.24610e-04 
  4.23712e-01  2.09285e-04  1.24365e-04 
  4.24962e-01  4.87206e-05  1.24121e-04 
  4.26213e-01  1.11679e-07  1.23881e-04 
  4.27464e-01  9.87293e-06  1.23642e-04 
  4.28714e-01  5.63411e-05  1.23407e-04 
  4.29965e-01  9.81360e-05  1.23176e-04 
  4.31216e-01  1.83451e-04  1.22947e-04 
  4.32466e-01  1.49868e-04  1.22723e-04 
  4.33717e-01  1.07385e-04  1.22502e-04 
  4.34967e-01  9.42971e-06  1.22284e-04 
  4.36218e-01  2.97645e-04  1.22071e-04 
  4.37469e-01  9.08154e-05  1.21862e-04 
  4.38719e-01  -7.86178e-06 1.21657e-04 
  4.39970e-01  5.46715e-05  1.21456e-04 
  4.41221e-01  -2.56447e-04 1.21259e-04 
  4.42471e-01  1.66915e-04  1.21066e-04 
  4.43722e-01  1.99765e-04  1.20877e-04 
  4.44972e-01  1.89913e-04  1.20692e-04 
  4.46223e-01  2.64824e-05  1.20511e-04 
  4.47474e-01  1.19365e-04  1.20333e-04 
  4.48724e-01  -6.82917e-05 1.20159e-04 
  4.49975e-01  -8.51212e-05 1.19988e-04 
  4.51226e-01  1.71693e-04  1.19820e-04 
  4.52476e-01  7.33999e-06  1.19656e-04 
  4.53727e-01  -3.88355e-05 1.19494e-04 
  4.54977e-01  -1.88767e-04 1.19334e-04 
  4.56228e-01  2.03512e-04  1.19177e-04 
  4.57479e-01  -5.64385e-05 1.19022e-04 
  4.58729e-01  1.18492e-04  1.18870e-04 
  4.59980e-01  9.03684e-05  1.18718e-04 
  4.61231e-01  1.78352e-04  1.18569e-04 
  4.62481e-01  -1.32144e-05 1.18421e-04 
  4.63732e-01  3.63721e-05  1.18274e-04 
  4.64982e-01  -1.88599e-04 1.18128e-04 
  4.66233e-01  1.11092e-05  1.17983e-04 
  4.67484e-01  7.09307e-05  1.17838e-04 
  4.68734e-01  3.06122e-05  1.17694e-04 
  4.69985e-01  -1.29049e-04 1.17551e-04 
  4.71236e-01  3.52442e-06  1.17407e-04 
  4.72486e-01  1.72702e-05  1.17264e-04 
  4.73737e-01  1.82020e-04  1.17120e-04 
  4.74987e-01  2.49545e-05  1.16976e-04 
  4.76238e-01  1.18213e-04  1.16832e-04 
  4.77489e-01  -3.37184e-05 1.16688e-04 
  4.78739e-01  -1.14906e-04 1.16543e-04 
  4.79990e-01  -1.23962e-04 1.16398e-04 
  4.81241e-01  -5.84898e-05 1.16252e-04 
  4.82491e-01  -4.37077e-05 1.16106e-04 
  4.83742e-01  -1.61913e-04 1.15959e-04 
  4.84992e-01  5.95320e-05  1.15811e-04 
  4.86243e-01  -6.86048e-05 1.15663e-04 
  4.87494e-01  -2.96196e-06 1.15514e-04 
  4.88744e-01  6.63533e-05  1.15365e-04 
  4.89995e-01  1.02794e-04  1.15215e-04 
  4.91246e-01  -1.29456e-04 1.15065e-04 
  4.92496e-01  1.56509e-04  1.14914e-04 
  4.93747e-01  1.11639e-04  1.14763e-04 
  4.94997e-01  6.50436e-05  1.14612e-04 
  4.96248e-01  9.18393e-05  1.14460e-04 
  4.97499e-01  2.45726e-05  1.14308e-04 
  4.98749e-01  1.82652e-04  1.14156e-04 
  5.00000e-01  1.84874e-04  1.14004e-04 
