# Normalized, subtracted SANS data
# Sample: GluA2 in the resting state (apo)
# Buffer: D20 based buffer, 20 mM Tris/DCl, 100 mM NaCl, 0.5 mM dDDM, pH 7.5.
# Merged dataset of 3 settings.
# q [1/aa]      I [1/cm]      dI [1/cm]      dq [1/aa]
6.048593e-03 4.055947e-02 3.737988e-03 2.156842e-03
6.912660e-03 4.057312e-02 2.426640e-03 2.161517e-03
7.776719e-03 3.997316e-02 1.889234e-03 2.166804e-03
8.640770e-03 3.959599e-02 1.579590e-03 2.172698e-03
9.504811e-03 3.747784e-02 1.420023e-03 2.179193e-03
1.036884e-02 3.775676e-02 1.302503e-03 2.186284e-03
1.123286e-02 3.688216e-02 1.208564e-03 2.193966e-03
1.209687e-02 3.659951e-02 1.139333e-03 2.202232e-03
1.270417e-02 3.385731e-02 8.353917e-04 4.309185e-03
1.296087e-02 3.619581e-02 1.082300e-03 2.211076e-03
1.382485e-02 3.685873e-02 1.045747e-03 2.220491e-03
1.451888e-02 3.099571e-02 6.105027e-04 4.319498e-03
1.468882e-02 3.413352e-02 1.004562e-03 2.230470e-03
1.555277e-02 3.273285e-02 9.689386e-04 2.241004e-03
1.633352e-02 3.014578e-02 5.225244e-04 4.331156e-03
1.641670e-02 3.208986e-02 9.184808e-04 2.252086e-03
1.728062e-02 3.003631e-02 8.870447e-04 2.263708e-03
1.814452e-02 2.952550e-02 8.510245e-04 2.275862e-03
1.814808e-02 2.956253e-02 4.723428e-04 4.344148e-03
1.900840e-02 2.778781e-02 8.272077e-04 2.288540e-03
1.987226e-02 2.595238e-02 8.150744e-04 2.301731e-03
1.996256e-02 2.641934e-02 4.419116e-04 4.358461e-03
2.073610e-02 2.315264e-02 7.838505e-04 2.315428e-03
2.159991e-02 2.353441e-02 7.559227e-04 2.329622e-03
2.177695e-02 2.422190e-02 4.193087e-04 4.374083e-03
2.246371e-02 2.330657e-02 7.276812e-04 2.344304e-03
2.332748e-02 2.331852e-02 7.228797e-04 2.359464e-03
2.359124e-02 2.228454e-02 3.961894e-04 4.390999e-03
2.419122e-02 2.082403e-02 7.304042e-04 2.375093e-03
2.505494e-02 1.824381e-02 7.534278e-04 2.391181e-03
2.540541e-02 1.964583e-02 3.778107e-04 4.409194e-03
2.591863e-02 2.046188e-02 7.330670e-04 2.407721e-03
2.678230e-02 1.957329e-02 6.950482e-04 2.424702e-03
2.721947e-02 1.777641e-02 3.642955e-04 4.428652e-03
2.764593e-02 1.651350e-02 6.632313e-04 2.442115e-03
2.850954e-02 1.491810e-02 6.468062e-04 2.459950e-03
2.903339e-02 1.617763e-02 3.448586e-04 4.449355e-03
2.937312e-02 1.648332e-02 6.345291e-04 2.478199e-03
3.023666e-02 1.668799e-02 6.154645e-04 2.496853e-03
3.084718e-02 1.418866e-02 3.344233e-04 4.471287e-03
3.110018e-02 1.484590e-02 6.089163e-04 2.515902e-03
3.196366e-02 1.299709e-02 5.989754e-04 2.535338e-03
3.266083e-02 1.233820e-02 3.237862e-04 4.494428e-03
3.447432e-02 1.140010e-02 3.148818e-04 4.518761e-03
3.628766e-02 1.015610e-02 3.038069e-04 4.544264e-03
3.810082e-02 9.417336e-03 2.903293e-04 4.570919e-03
3.991380e-02 8.331611e-03 2.836482e-04 4.598704e-03
4.067248e-02 7.247784e-03 1.788501e-04 5.422155e-03
4.172660e-02 7.470368e-03 2.785961e-04 4.627599e-03
4.353920e-02 6.163801e-03 2.671471e-04 4.657583e-03
4.535159e-02 5.275431e-03 2.599710e-04 4.688633e-03
4.647725e-02 5.988770e-03 1.248402e-04 5.503771e-03
4.716378e-02 5.178556e-03 2.544466e-04 4.720729e-03
4.897574e-02 5.132793e-03 2.555243e-04 4.753849e-03
5.078748e-02 4.142321e-03 2.605757e-04 4.787971e-03
5.227979e-02 4.842107e-03 1.044202e-04 5.594784e-03
5.259897e-02 3.700180e-03 2.629261e-04 4.823072e-03
5.441022e-02 3.344103e-03 2.522418e-04 4.859132e-03
5.622122e-02 3.662759e-03 2.408960e-04 4.896128e-03
5.803195e-02 2.402061e-03 2.335997e-04 4.934038e-03
5.807981e-02 3.594160e-03 9.342632e-05 5.694727e-03
5.984242e-02 2.886645e-03 2.319411e-04 4.972841e-03
6.165260e-02 2.893729e-03 2.265816e-04 5.012516e-03
6.346249e-02 2.445339e-03 2.217587e-04 5.053041e-03
6.387705e-02 2.819766e-03 8.723682e-05 5.803122e-03
6.527209e-02 2.310403e-03 2.174534e-04 5.094395e-03
6.708138e-02 2.278471e-03 2.134878e-04 5.136557e-03
6.967123e-02 2.272403e-03 8.330087e-05 5.919484e-03
7.546208e-02 1.903803e-03 7.983148e-05 6.043333e-03
8.124931e-02 1.728193e-03 7.741780e-05 6.174194e-03
8.703266e-02 1.718404e-03 7.361691e-05 6.311610e-03
9.281186e-02 1.539013e-03 6.959577e-05 6.455136e-03
9.858664e-02 1.334976e-03 6.661096e-05 6.604348e-03
1.043567e-01 1.134449e-03 6.530526e-05 6.758844e-03
1.101218e-01 1.205061e-03 6.364394e-05 6.918241e-03
1.158817e-01 9.572779e-04 6.135518e-05 7.082181e-03
1.216361e-01 9.042982e-04 6.023675e-05 7.250326e-03
1.273847e-01 9.328512e-04 5.841352e-05 7.422361e-03
1.331274e-01 7.916552e-04 5.671432e-05 7.597991e-03
1.388637e-01 8.569251e-04 5.491968e-05 7.776942e-03
1.445935e-01 8.650004e-04 5.339698e-05 7.958958e-03
1.503165e-01 7.688741e-04 5.241138e-05 8.143802e-03
1.560324e-01 6.421469e-04 5.206798e-05 8.331254e-03
1.617410e-01 6.772969e-04 5.359610e-05 8.521108e-03
1.674421e-01 6.536990e-04 5.461679e-05 8.713174e-03
1.731354e-01 6.500694e-04 5.304137e-05 8.907277e-03
1.788206e-01 6.828036e-04 5.054830e-05 9.103252e-03
1.844975e-01 7.063421e-04 4.839771e-05 9.300947e-03
1.901659e-01 7.230801e-04 4.760314e-05 9.500220e-03
1.958254e-01 7.326133e-04 4.711169e-05 9.700941e-03
2.014760e-01 7.145339e-04 4.659126e-05 9.902987e-03
2.071173e-01 7.711820e-04 4.573471e-05 1.010624e-02
2.127490e-01 6.832506e-04 4.496429e-05 1.031061e-02
