# Simulated data
# sigma generated using Sedlak et al, k=100000, c=0.55, https://doi.org/10.1107/S1600576717003077, and rebinned with 10 per bin)
# q            I            sigma       
  1.00000e-03  1.01525e+00  2.15697e-02 
  1.74937e-03  1.04711e+00  1.62997e-02 
  2.49875e-03  1.03987e+00  1.36274e-02 
  3.24812e-03  1.03714e+00  1.19395e-02 
  3.99749e-03  1.04000e+00  1.07477e-02 
  4.74687e-03  1.02339e+00  9.84670e-03 
  5.49624e-03  1.03209e+00  9.13319e-03 
  6.24561e-03  1.02795e+00  8.54880e-03 
  6.99499e-03  1.02038e+00  8.05775e-03 
  7.74436e-03  1.00526e+00  7.63668e-03 
  8.49373e-03  1.01509e+00  7.26966e-03 
  9.24311e-03  1.01442e+00  6.94539e-03 
  9.99248e-03  9.91798e-01  6.65558e-03 
  1.07419e-02  9.91934e-01  6.39403e-03 
  1.14912e-02  9.79759e-01  6.15598e-03 
  1.22406e-02  9.73685e-01  5.93771e-03 
  1.29900e-02  9.59132e-01  5.73627e-03 
  1.37393e-02  9.35516e-01  5.54929e-03 
  1.44887e-02  9.38047e-01  5.37482e-03 
  1.52381e-02  9.28433e-01  5.21128e-03 
  1.59875e-02  9.19434e-01  5.05733e-03 
  1.67368e-02  9.05200e-01  4.91186e-03 
  1.74862e-02  8.97972e-01  4.77394e-03 
  1.82356e-02  8.89940e-01  4.64275e-03 
  1.89850e-02  8.72699e-01  4.51761e-03 
  1.97343e-02  8.59696e-01  4.39793e-03 
  2.04837e-02  8.47053e-01  4.28319e-03 
  2.12331e-02  8.19615e-01  4.17295e-03 
  2.19825e-02  8.16911e-01  4.06681e-03 
  2.27318e-02  8.00459e-01  3.96443e-03 
  2.34812e-02  7.84359e-01  3.86551e-03 
  2.42306e-02  7.71246e-01  3.76976e-03 
  2.49799e-02  7.64024e-01  3.67697e-03 
  2.57293e-02  7.51279e-01  3.58691e-03 
  2.64787e-02  7.29019e-01  3.49939e-03 
  2.72281e-02  7.14526e-01  3.41425e-03 
  2.79774e-02  6.96617e-01  3.33132e-03 
  2.87268e-02  6.76834e-01  3.25048e-03 
  2.94762e-02  6.70593e-01  3.17160e-03 
  3.02256e-02  6.49112e-01  3.09457e-03 
  3.09749e-02  6.35548e-01  3.01928e-03 
  3.17243e-02  6.23908e-01  2.94565e-03 
  3.24737e-02  6.03288e-01  2.87359e-03 
  3.32231e-02  5.84981e-01  2.80302e-03 
  3.39724e-02  5.70128e-01  2.73389e-03 
  3.47218e-02  5.53935e-01  2.66612e-03 
  3.54712e-02  5.42855e-01  2.59966e-03 
  3.62206e-02  5.22768e-01  2.53445e-03 
  3.69699e-02  5.07250e-01  2.47046e-03 
  3.77193e-02  4.97532e-01  2.40763e-03 
  3.84687e-02  4.84059e-01  2.34593e-03 
  3.92180e-02  4.61626e-01  2.28532e-03 
  3.99674e-02  4.44363e-01  2.22577e-03 
  4.07168e-02  4.25648e-01  2.16724e-03 
  4.14662e-02  4.15856e-01  2.10971e-03 
  4.22155e-02  4.03372e-01  2.05316e-03 
  4.29649e-02  3.83045e-01  1.99755e-03 
  4.37143e-02  3.68003e-01  1.94288e-03 
  4.44637e-02  3.55385e-01  1.88911e-03 
  4.52130e-02  3.41775e-01  1.83624e-03 
  4.59624e-02  3.25804e-01  1.78424e-03 
  4.67118e-02  3.13847e-01  1.73310e-03 
  4.74612e-02  2.99368e-01  1.68281e-03 
  4.82105e-02  2.88502e-01  1.63334e-03 
  4.89599e-02  2.78587e-01  1.58470e-03 
  4.97093e-02  2.62723e-01  1.53687e-03 
  5.04586e-02  2.55055e-01  1.48983e-03 
  5.12080e-02  2.39459e-01  1.44359e-03 
  5.19574e-02  2.27574e-01  1.39813e-03 
  5.27068e-02  2.20087e-01  1.35344e-03 
  5.34561e-02  2.05170e-01  1.30951e-03 
  5.42055e-02  1.94831e-01  1.26635e-03 
  5.49549e-02  1.86521e-01  1.22393e-03 
  5.57043e-02  1.74050e-01  1.18227e-03 
  5.64536e-02  1.64880e-01  1.14134e-03 
  5.72030e-02  1.54303e-01  1.10115e-03 
  5.79524e-02  1.46800e-01  1.06169e-03 
  5.87018e-02  1.38321e-01  1.02295e-03 
  5.94511e-02  1.27945e-01  9.84935e-04 
  6.02005e-02  1.20946e-01  9.47637e-04 
  6.09499e-02  1.12520e-01  9.11052e-04 
  6.16992e-02  1.05730e-01  8.75176e-04 
  6.24486e-02  9.78033e-02  8.40005e-04 
  6.31980e-02  9.24536e-02  8.05536e-04 
  6.39474e-02  8.57467e-02  7.71765e-04 
  6.46967e-02  7.88716e-02  7.38689e-04 
  6.54461e-02  7.24641e-02  7.06304e-04 
  6.61955e-02  6.77393e-02  6.74607e-04 
  6.69449e-02  6.28639e-02  6.43595e-04 
  6.76942e-02  5.66413e-02  6.13265e-04 
  6.84436e-02  5.22406e-02  5.83615e-04 
  6.91930e-02  4.68744e-02  5.54640e-04 
  6.99424e-02  4.33978e-02  5.26338e-04 
  7.06917e-02  3.83590e-02  4.98707e-04 
  7.14411e-02  3.55812e-02  4.71744e-04 
  7.21905e-02  3.22379e-02  4.45445e-04 
  7.29398e-02  2.79577e-02  4.19810e-04 
  7.36892e-02  2.52482e-02  3.94836e-04 
  7.44386e-02  2.22855e-02  3.70520e-04 
  7.51880e-02  1.96476e-02  3.46863e-04 
  7.59373e-02  1.73629e-02  3.23862e-04 
  7.66867e-02  1.49631e-02  3.01518e-04 
  7.74361e-02  1.29126e-02  2.79831e-04 
  7.81855e-02  1.11186e-02  2.58804e-04 
  7.89348e-02  9.62000e-03  2.38440e-04 
  7.96842e-02  7.93852e-03  2.18745e-04 
  8.04336e-02  6.69149e-03  1.99729e-04 
  8.11830e-02  5.60135e-03  1.81404e-04 
  8.19323e-02  4.21974e-03  1.63790e-04 
  8.26817e-02  3.30598e-03  1.46917e-04 
  8.34311e-02  2.78857e-03  1.30827e-04 
  8.41805e-02  2.06144e-03  1.15583e-04 
  8.49298e-02  1.42666e-03  1.01278e-04 
  8.56792e-02  9.52160e-04  8.80537e-05 
  8.64286e-02  6.82832e-04  7.61269e-05 
  8.71779e-02  2.25118e-04  6.58205e-05 
  8.79273e-02  1.31813e-04  5.75904e-05 
  8.86767e-02  6.51521e-05  5.19898e-05 
  8.94261e-02  3.33502e-05  4.94800e-05 
  9.01754e-02  -1.66778e-05 5.01211e-05 
  9.09248e-02  1.42410e-04  5.34444e-05 
  9.16742e-02  2.40670e-04  5.86932e-05 
  9.24236e-02  4.45920e-04  6.51473e-05 
  9.31729e-02  6.61221e-04  7.22675e-05 
  9.39223e-02  8.87262e-04  7.96912e-05 
  9.46717e-02  1.25465e-03  8.71838e-05 
  9.54211e-02  1.46069e-03  9.45944e-05 
  9.61704e-02  1.73475e-03  1.01825e-04 
  9.69198e-02  2.04399e-03  1.08812e-04 
  9.76692e-02  2.58101e-03  1.15514e-04 
  9.84185e-02  2.87697e-03  1.21901e-04 
  9.91679e-02  3.05547e-03  1.27957e-04 
  9.99173e-02  3.34333e-03  1.33670e-04 
  1.00667e-01  3.80520e-03  1.39034e-04 
  1.01416e-01  4.27403e-03  1.44046e-04 
  1.02165e-01  4.58256e-03  1.48706e-04 
  1.02915e-01  4.81315e-03  1.53015e-04 
  1.03664e-01  5.31386e-03  1.56975e-04 
  1.04414e-01  5.52150e-03  1.60592e-04 
  1.05163e-01  5.80906e-03  1.63870e-04 
  1.05912e-01  6.02861e-03  1.66815e-04 
  1.06662e-01  6.50781e-03  1.69432e-04 
  1.07411e-01  6.73326e-03  1.71729e-04 
  1.08160e-01  6.86779e-03  1.73713e-04 
  1.08910e-01  6.82586e-03  1.75390e-04 
  1.09659e-01  7.18153e-03  1.76769e-04 
  1.10409e-01  7.36512e-03  1.77857e-04 
  1.11158e-01  7.21845e-03  1.78662e-04 
  1.11907e-01  7.69184e-03  1.79192e-04 
  1.12657e-01  7.62133e-03  1.79455e-04 
  1.13406e-01  7.77223e-03  1.79460e-04 
  1.14155e-01  7.84294e-03  1.79214e-04 
  1.14905e-01  7.71649e-03  1.78727e-04 
  1.15654e-01  7.46549e-03  1.78006e-04 
  1.16404e-01  7.66887e-03  1.77060e-04 
  1.17153e-01  7.63428e-03  1.75897e-04 
  1.17902e-01  7.24873e-03  1.74527e-04 
  1.18652e-01  7.42402e-03  1.72957e-04 
  1.19401e-01  7.34671e-03  1.71195e-04 
  1.20150e-01  7.24556e-03  1.69251e-04 
  1.20900e-01  6.85231e-03  1.67133e-04 
  1.21649e-01  6.69189e-03  1.64848e-04 
  1.22398e-01  6.82647e-03  1.62407e-04 
  1.23148e-01  6.45663e-03  1.59816e-04 
  1.23897e-01  6.55198e-03  1.57084e-04 
  1.24647e-01  6.08748e-03  1.54220e-04 
  1.25396e-01  6.12639e-03  1.51232e-04 
  1.26145e-01  5.50010e-03  1.48128e-04 
  1.26895e-01  5.47940e-03  1.44916e-04 
  1.27644e-01  4.97229e-03  1.41605e-04 
  1.28393e-01  4.89446e-03  1.38202e-04 
  1.29143e-01  4.89771e-03  1.34716e-04 
  1.29892e-01  4.59423e-03  1.31154e-04 
  1.30642e-01  4.26555e-03  1.27526e-04 
  1.31391e-01  4.14766e-03  1.23838e-04 
  1.32140e-01  3.90538e-03  1.20099e-04 
  1.32890e-01  3.47335e-03  1.16318e-04 
  1.33639e-01  3.33336e-03  1.12502e-04 
  1.34388e-01  3.03724e-03  1.08660e-04 
  1.35138e-01  2.95730e-03  1.04800e-04 
  1.35887e-01  2.75735e-03  1.00930e-04 
  1.36637e-01  2.39131e-03  9.70597e-05 
  1.37386e-01  2.13047e-03  9.31973e-05 
  1.38135e-01  1.94938e-03  8.93521e-05 
  1.38885e-01  1.87332e-03  8.55338e-05 
  1.39634e-01  1.56619e-03  8.17522e-05 
  1.40383e-01  1.43233e-03  7.80180e-05 
  1.41133e-01  1.33696e-03  7.43423e-05 
  1.41882e-01  1.17475e-03  7.07370e-05 
  1.42632e-01  9.74156e-04  6.72152e-05 
  1.43381e-01  7.75566e-04  6.37909e-05 
  1.44130e-01  6.81733e-04  6.04795e-05 
  1.44880e-01  5.47881e-04  5.72979e-05 
  1.45629e-01  4.72927e-04  5.42646e-05 
  1.46378e-01  4.76423e-04  5.14000e-05 
  1.47128e-01  2.57063e-04  4.87261e-05 
  1.47877e-01  2.00452e-04  4.62664e-05 
  1.48627e-01  1.05646e-04  4.40457e-05 
  1.49376e-01  8.59259e-05  4.20886e-05 
  1.50125e-01  6.42981e-05  4.04186e-05 
  1.50875e-01  2.50820e-05  3.90561e-05 
  1.51624e-01  -2.66934e-05 3.80161e-05 
  1.52373e-01  6.33978e-06  3.73065e-05 
  1.53123e-01  -5.62126e-05 3.69261e-05 
  1.53872e-01  -9.70560e-06 3.68643e-05 
  1.54622e-01  -4.39481e-05 3.71014e-05 
  1.55371e-01  4.23039e-06  3.76106e-05 
  1.56120e-01  1.62793e-05  3.83597e-05 
  1.56870e-01  1.45308e-05  3.93143e-05 
  1.57619e-01  5.42838e-06  4.04397e-05 
  1.58368e-01  1.14861e-04  4.17023e-05 
  1.59118e-01  1.49263e-04  4.30714e-05 
  1.59867e-01  1.96835e-04  4.45191e-05 
  1.60617e-01  2.71470e-04  4.60209e-05 
  1.61366e-01  3.24151e-04  4.75555e-05 
  1.62115e-01  3.53661e-04  4.91045e-05 
  1.62865e-01  4.42767e-04  5.06521e-05 
  1.63614e-01  4.14214e-04  5.21851e-05 
  1.64363e-01  5.60831e-04  5.36921e-05 
  1.65113e-01  6.65847e-04  5.51634e-05 
  1.65862e-01  7.06607e-04  5.65909e-05 
  1.66612e-01  8.07236e-04  5.79678e-05 
  1.67361e-01  8.48696e-04  5.92883e-05 
  1.68110e-01  9.66189e-04  6.05475e-05 
  1.68860e-01  8.79471e-04  6.17415e-05 
  1.69609e-01  1.01885e-03  6.28670e-05 
  1.70358e-01  1.05850e-03  6.39212e-05 
  1.71108e-01  1.07867e-03  6.49019e-05 
  1.71857e-01  1.12431e-03  6.58075e-05 
  1.72607e-01  1.30450e-03  6.66366e-05 
  1.73356e-01  1.24659e-03  6.73882e-05 
  1.74105e-01  1.42179e-03  6.80619e-05 
  1.74855e-01  1.41254e-03  6.86571e-05 
  1.75604e-01  1.34155e-03  6.91740e-05 
  1.76353e-01  1.51738e-03  6.96126e-05 
  1.77103e-01  1.48779e-03  6.99735e-05 
  1.77852e-01  1.61155e-03  7.02571e-05 
  1.78602e-01  1.39835e-03  7.04644e-05 
  1.79351e-01  1.57451e-03  7.05963e-05 
  1.80100e-01  1.49523e-03  7.06538e-05 
  1.80850e-01  1.56689e-03  7.06384e-05 
  1.81599e-01  1.51459e-03  7.05514e-05 
  1.82348e-01  1.65068e-03  7.03943e-05 
  1.83098e-01  1.61081e-03  7.01690e-05 
  1.83847e-01  1.49002e-03  6.98771e-05 
  1.84596e-01  1.56315e-03  6.95205e-05 
  1.85346e-01  1.61880e-03  6.91014e-05 
  1.86095e-01  1.33795e-03  6.86217e-05 
  1.86845e-01  1.43866e-03  6.80838e-05 
  1.87594e-01  1.38259e-03  6.74899e-05 
  1.88343e-01  1.47151e-03  6.68424e-05 
  1.89093e-01  1.41842e-03  6.61439e-05 
  1.89842e-01  1.30821e-03  6.53967e-05 
  1.90591e-01  1.30344e-03  6.46037e-05 
  1.91341e-01  1.34341e-03  6.37675e-05 
  1.92090e-01  1.25856e-03  6.28910e-05 
  1.92840e-01  1.21450e-03  6.19769e-05 
  1.93589e-01  1.18999e-03  6.10284e-05 
  1.94338e-01  1.27432e-03  6.00483e-05 
  1.95088e-01  1.06410e-03  5.90399e-05 
  1.95837e-01  9.49039e-04  5.80062e-05 
  1.96586e-01  1.07123e-03  5.69507e-05 
  1.97336e-01  9.36878e-04  5.58765e-05 
  1.98085e-01  8.90020e-04  5.47872e-05 
  1.98835e-01  7.51882e-04  5.36861e-05 
  1.99584e-01  8.42003e-04  5.25770e-05 
  2.00333e-01  7.18673e-04  5.14634e-05 
  2.01083e-01  6.58366e-04  5.03491e-05 
  2.01832e-01  5.92361e-04  4.92379e-05 
  2.02581e-01  6.20907e-04  4.81337e-05 
  2.03331e-01  4.59349e-04  4.70404e-05 
  2.04080e-01  4.77217e-04  4.59620e-05 
  2.04830e-01  3.29635e-04  4.49027e-05 
  2.05579e-01  3.30396e-04  4.38664e-05 
  2.06328e-01  3.57477e-04  4.28574e-05 
  2.07078e-01  3.42235e-04  4.18796e-05 
  2.07827e-01  3.19552e-04  4.09374e-05 
  2.08576e-01  2.36889e-04  4.00345e-05 
  2.09326e-01  2.27452e-04  3.91750e-05 
  2.10075e-01  1.82616e-04  3.83626e-05 
  2.10825e-01  1.77136e-04  3.76009e-05 
  2.11574e-01  2.70802e-04  3.68931e-05 
  2.12323e-01  7.64488e-05  3.62422e-05 
  2.13073e-01  1.79726e-04  3.56507e-05 
  2.13822e-01  6.49375e-05  3.51207e-05 
  2.14571e-01  9.28255e-05  3.46538e-05 
  2.15321e-01  5.49839e-05  3.42510e-05 
  2.16070e-01  9.92429e-05  3.39126e-05 
  2.16820e-01  7.57991e-05  3.36384e-05 
  2.17569e-01  1.79874e-05  3.34276e-05 
  2.18318e-01  5.25871e-05  3.32785e-05 
  2.19068e-01  3.68455e-05  3.31892e-05 
  2.19817e-01  6.62711e-05  3.31569e-05 
  2.20566e-01  5.79852e-05  3.31784e-05 
  2.21316e-01  5.24021e-05  3.32504e-05 
  2.22065e-01  8.14056e-05  3.33688e-05 
  2.22815e-01  5.27222e-05  3.35295e-05 
  2.23564e-01  8.63136e-05  3.37282e-05 
  2.24313e-01  1.17654e-04  3.39605e-05 
  2.25063e-01  1.45496e-04  3.42220e-05 
  2.25812e-01  1.14645e-04  3.45082e-05 
  2.26561e-01  6.63186e-05  3.48150e-05 
  2.27311e-01  1.27064e-04  3.51380e-05 
  2.28060e-01  1.53054e-04  3.54734e-05 
  2.28810e-01  1.69932e-04  3.58172e-05 
  2.29559e-01  1.51057e-04  3.61659e-05 
  2.30308e-01  1.73051e-04  3.65162e-05 
  2.31058e-01  2.17189e-04  3.68648e-05 
  2.31807e-01  1.34607e-04  3.72089e-05 
  2.32556e-01  2.33086e-04  3.75457e-05 
  2.33306e-01  2.22284e-04  3.78728e-05 
  2.34055e-01  2.48170e-04  3.81880e-05 
  2.34805e-01  2.00096e-04  3.84892e-05 
  2.35554e-01  2.92674e-04  3.87745e-05 
  2.36303e-01  2.40713e-04  3.90424e-05 
  2.37053e-01  3.52141e-04  3.92913e-05 
  2.37802e-01  3.60294e-04  3.95201e-05 
  2.38551e-01  3.32438e-04  3.97275e-05 
  2.39301e-01  3.29656e-04  3.99127e-05 
  2.40050e-01  3.88731e-04  4.00748e-05 
  2.40799e-01  3.39840e-04  4.02133e-05 
  2.41549e-01  3.26071e-04  4.03274e-05 
  2.42298e-01  5.08024e-04  4.04170e-05 
  2.43048e-01  3.06898e-04  4.04816e-05 
  2.43797e-01  3.86900e-04  4.05212e-05 
  2.44546e-01  3.89127e-04  4.05357e-05 
  2.45296e-01  4.45022e-04  4.05251e-05 
  2.46045e-01  3.73671e-04  4.04897e-05 
  2.46794e-01  4.49138e-04  4.04296e-05 
  2.47544e-01  4.41973e-04  4.03452e-05 
  2.48293e-01  3.75744e-04  4.02370e-05 
  2.49043e-01  4.26690e-04  4.01053e-05 
  2.49792e-01  4.35107e-04  3.99510e-05 
  2.50541e-01  4.38258e-04  3.97745e-05 
  2.51291e-01  4.32824e-04  3.95766e-05 
  2.52040e-01  3.76652e-04  3.93581e-05 
  2.52789e-01  4.11889e-04  3.91200e-05 
  2.53539e-01  4.19583e-04  3.88630e-05 
  2.54288e-01  3.10423e-04  3.85882e-05 
  2.55038e-01  3.38195e-04  3.82967e-05 
  2.55787e-01  3.04298e-04  3.79895e-05 
  2.56536e-01  3.78279e-04  3.76678e-05 
  2.57286e-01  2.54357e-04  3.73327e-05 
  2.58035e-01  3.22248e-04  3.69855e-05 
  2.58784e-01  3.10692e-04  3.66274e-05 
  2.59534e-01  2.70958e-04  3.62599e-05 
  2.60283e-01  2.74784e-04  3.58841e-05 
  2.61033e-01  2.54479e-04  3.55016e-05 
  2.61782e-01  2.38551e-04  3.51136e-05 
  2.62531e-01  2.57484e-04  3.47216e-05 
  2.63281e-01  1.84683e-04  3.43270e-05 
  2.64030e-01  2.03152e-04  3.39314e-05 
  2.64779e-01  2.22949e-04  3.35361e-05 
  2.65529e-01  2.11713e-04  3.31426e-05 
  2.66278e-01  1.14210e-04  3.27523e-05 
  2.67028e-01  1.06551e-04  3.23668e-05 
  2.67777e-01  7.26220e-05  3.19873e-05 
  2.68526e-01  5.24046e-05  3.16153e-05 
  2.69276e-01  1.42410e-04  3.12522e-05 
  2.70025e-01  4.85175e-05  3.08992e-05 
  2.70774e-01  7.63537e-05  3.05576e-05 
  2.71524e-01  8.65735e-05  3.02286e-05 
  2.72273e-01  5.05578e-05  2.99133e-05 
  2.73023e-01  7.39157e-05  2.96126e-05 
  2.73772e-01  2.59563e-05  2.93276e-05 
  2.74521e-01  6.25954e-05  2.90591e-05 
  2.75271e-01  1.15939e-05  2.88078e-05 
  2.76020e-01  -2.61129e-05 2.85742e-05 
  2.76769e-01  -3.43002e-05 2.83589e-05 
  2.77519e-01  -4.01339e-05 2.81623e-05 
  2.78268e-01  2.67338e-05  2.79844e-05 
  2.79018e-01  6.21065e-06  2.78254e-05 
  2.79767e-01  -6.94826e-05 2.76853e-05 
  2.80516e-01  -5.54977e-05 2.75638e-05 
  2.81266e-01  -1.69596e-06 2.74606e-05 
  2.82015e-01  -2.37563e-05 2.73753e-05 
  2.82764e-01  1.89231e-05  2.73072e-05 
  2.83514e-01  2.35375e-05  2.72558e-05 
  2.84263e-01  -9.81690e-06 2.72202e-05 
  2.85013e-01  -7.79605e-06 2.71995e-05 
  2.85762e-01  -1.34236e-05 2.71928e-05 
  2.86511e-01  -2.32885e-05 2.71991e-05 
  2.87261e-01  -5.73127e-06 2.72173e-05 
  2.88010e-01  -3.66613e-05 2.72463e-05 
  2.88759e-01  -1.08497e-05 2.72849e-05 
  2.89509e-01  3.62158e-05  2.73320e-05 
  2.90258e-01  -5.10069e-06 2.73863e-05 
  2.91008e-01  2.28826e-05  2.74467e-05 
  2.91757e-01  -2.59166e-05 2.75120e-05 
  2.92506e-01  9.61452e-06  2.75811e-05 
  2.93256e-01  2.65762e-06  2.76528e-05 
  2.94005e-01  3.67353e-05  2.77260e-05 
  2.94754e-01  4.10827e-05  2.77998e-05 
  2.95504e-01  4.39634e-05  2.78730e-05 
  2.96253e-01  4.06080e-06  2.79447e-05 
  2.97003e-01  5.85778e-05  2.80140e-05 
  2.97752e-01  4.70562e-07  2.80800e-05 
  2.98501e-01  2.71001e-05  2.81420e-05 
  2.99251e-01  2.22191e-05  2.81992e-05 
  3.00000e-01  6.53410e-05  2.82509e-05 
