# Simulated data
# sigma generated using Sedlak et al, k=100000, c=0.55, https://doi.org/10.1107/S1600576717003077, and rebinned with 10 per bin)
# q            I            sigma       
  1.00000e-03  1.18993e+00  2.34173e-02 
  2.25063e-03  1.23337e+00  1.56098e-02 
  3.50125e-03  1.23286e+00  1.25158e-02 
  4.75188e-03  1.23061e+00  1.07440e-02 
  6.00251e-03  1.21506e+00  9.56020e-03 
  7.25313e-03  1.21613e+00  8.69785e-03 
  8.50376e-03  1.21750e+00  8.03367e-03 
  9.75439e-03  1.22601e+00  7.50181e-03 
  1.10050e-02  1.22908e+00  7.06343e-03 
  1.22556e-02  1.22468e+00  6.69398e-03 
  1.35063e-02  1.22434e+00  6.37703e-03 
  1.47569e-02  1.22212e+00  6.10114e-03 
  1.60075e-02  1.21759e+00  5.85805e-03 
  1.72581e-02  1.22870e+00  5.64163e-03 
  1.85088e-02  1.21867e+00  5.44721e-03 
  1.97594e-02  1.22812e+00  5.27114e-03 
  2.10100e-02  1.22260e+00  5.11057e-03 
  2.22607e-02  1.22058e+00  4.96316e-03 
  2.35113e-02  1.21173e+00  4.82705e-03 
  2.47619e-02  1.21670e+00  4.70065e-03 
  2.60125e-02  1.21490e+00  4.58266e-03 
  2.72632e-02  1.21289e+00  4.47197e-03 
  2.85138e-02  1.20899e+00  4.36762e-03 
  2.97644e-02  1.20100e+00  4.26879e-03 
  3.10150e-02  1.20175e+00  4.17477e-03 
  3.22657e-02  1.19479e+00  4.08490e-03 
  3.35163e-02  1.19259e+00  3.99863e-03 
  3.47669e-02  1.18191e+00  3.91545e-03 
  3.60175e-02  1.18521e+00  3.83491e-03 
  3.72682e-02  1.17433e+00  3.75660e-03 
  3.85188e-02  1.16362e+00  3.68012e-03 
  3.97694e-02  1.15483e+00  3.60515e-03 
  4.10201e-02  1.14033e+00  3.53135e-03 
  4.22707e-02  1.12549e+00  3.45845e-03 
  4.35213e-02  1.10952e+00  3.38618e-03 
  4.47719e-02  1.09624e+00  3.31429e-03 
  4.60226e-02  1.08000e+00  3.24257e-03 
  4.72732e-02  1.05884e+00  3.17081e-03 
  4.85238e-02  1.03871e+00  3.09885e-03 
  4.97744e-02  1.00725e+00  3.02654e-03 
  5.10251e-02  9.88815e-01  2.95374e-03 
  5.22757e-02  9.63727e-01  2.88037e-03 
  5.35263e-02  9.33666e-01  2.80633e-03 
  5.47769e-02  9.05251e-01  2.73159e-03 
  5.60276e-02  8.71760e-01  2.65612e-03 
  5.72782e-02  8.45007e-01  2.57992e-03 
  5.85288e-02  8.13981e-01  2.50303e-03 
  5.97794e-02  7.79263e-01  2.42549e-03 
  6.10301e-02  7.44177e-01  2.34740e-03 
  6.22807e-02  7.08746e-01  2.26884e-03 
  6.35313e-02  6.72324e-01  2.18994e-03 
  6.47820e-02  6.36883e-01  2.11085e-03 
  6.60326e-02  5.97805e-01  2.03171e-03 
  6.72832e-02  5.64299e-01  1.95269e-03 
  6.85338e-02  5.30004e-01  1.87397e-03 
  6.97845e-02  4.89852e-01  1.79573e-03 
  7.10351e-02  4.59791e-01  1.71813e-03 
  7.22857e-02  4.22638e-01  1.64137e-03 
  7.35363e-02  3.94504e-01  1.56561e-03 
  7.47870e-02  3.63668e-01  1.49102e-03 
  7.60376e-02  3.32686e-01  1.41776e-03 
  7.72882e-02  3.03151e-01  1.34597e-03 
  7.85388e-02  2.73815e-01  1.27578e-03 
  7.97895e-02  2.49822e-01  1.20731e-03 
  8.10401e-02  2.22521e-01  1.14068e-03 
  8.22907e-02  2.02037e-01  1.07597e-03 
  8.35414e-02  1.78952e-01  1.01325e-03 
  8.47920e-02  1.58752e-01  9.52608e-04 
  8.60426e-02  1.42156e-01  8.94089e-04 
  8.72932e-02  1.24595e-01  8.37741e-04 
  8.85439e-02  1.09228e-01  7.83604e-04 
  8.97945e-02  9.58250e-02  7.31710e-04 
  9.10451e-02  8.18128e-02  6.82088e-04 
  9.22957e-02  7.04380e-02  6.34762e-04 
  9.35464e-02  6.03514e-02  5.89760e-04 
  9.47970e-02  5.12101e-02  5.47108e-04 
  9.60476e-02  4.29135e-02  5.06840e-04 
  9.72982e-02  3.49356e-02  4.68997e-04 
  9.85489e-02  2.90173e-02  4.33627e-04 
  9.97995e-02  2.34676e-02  4.00793e-04 
  1.01050e-01  1.76974e-02  3.70570e-04 
  1.02301e-01  1.41893e-02  3.43043e-04 
  1.03551e-01  1.02456e-02  3.18313e-04 
  1.04802e-01  7.43332e-03  2.96478e-04 
  1.06053e-01  5.03652e-03  2.77636e-04 
  1.07303e-01  3.54643e-03  2.61856e-04 
  1.08554e-01  1.53893e-03  2.49167e-04 
  1.09805e-01  8.29371e-04  2.39530e-04 
  1.11055e-01  3.28806e-04  2.32826e-04 
  1.12306e-01  -4.39751e-05 2.28850e-04 
  1.13556e-01  -2.31422e-04 2.27322e-04 
  1.14807e-01  7.42295e-05  2.27905e-04 
  1.16058e-01  4.90339e-04  2.30240e-04 
  1.17308e-01  1.76626e-03  2.33966e-04 
  1.18559e-01  2.27495e-03  2.38741e-04 
  1.19810e-01  2.57709e-03  2.44264e-04 
  1.21060e-01  4.03819e-03  2.50270e-04 
  1.22311e-01  4.74298e-03  2.56538e-04 
  1.23561e-01  6.11460e-03  2.62886e-04 
  1.24812e-01  6.65419e-03  2.69166e-04 
  1.26063e-01  8.09055e-03  2.75260e-04 
  1.27313e-01  9.80040e-03  2.81071e-04 
  1.28564e-01  1.07681e-02  2.86528e-04 
  1.29815e-01  1.22082e-02  2.91571e-04 
  1.31065e-01  1.27086e-02  2.96158e-04 
  1.32316e-01  1.40948e-02  3.00256e-04 
  1.33566e-01  1.48589e-02  3.03840e-04 
  1.34817e-01  1.49363e-02  3.06896e-04 
  1.36068e-01  1.61336e-02  3.09415e-04 
  1.37318e-01  1.64299e-02  3.11392e-04 
  1.38569e-01  1.66003e-02  3.12829e-04 
  1.39820e-01  1.75133e-02  3.13730e-04 
  1.41070e-01  1.78143e-02  3.14105e-04 
  1.42321e-01  1.81694e-02  3.13964e-04 
  1.43571e-01  1.88487e-02  3.13324e-04 
  1.44822e-01  1.84067e-02  3.12200e-04 
  1.46073e-01  1.80939e-02  3.10612e-04 
  1.47323e-01  1.80629e-02  3.08582e-04 
  1.48574e-01  1.78829e-02  3.06132e-04 
  1.49825e-01  1.75360e-02  3.03287e-04 
  1.51075e-01  1.71482e-02  3.00075e-04 
  1.52326e-01  1.73752e-02  2.96521e-04 
  1.53576e-01  1.61048e-02  2.92656e-04 
  1.54827e-01  1.58358e-02  2.88509e-04 
  1.56078e-01  1.51933e-02  2.84110e-04 
  1.57328e-01  1.43464e-02  2.79491e-04 
  1.58579e-01  1.36727e-02  2.74682e-04 
  1.59830e-01  1.28676e-02  2.69718e-04 
  1.61080e-01  1.20761e-02  2.64628e-04 
  1.62331e-01  1.17872e-02  2.59446e-04 
  1.63581e-01  1.10100e-02  2.54205e-04 
  1.64832e-01  9.93851e-03  2.48935e-04 
  1.66083e-01  8.85772e-03  2.43668e-04 
  1.67333e-01  8.43056e-03  2.38436e-04 
  1.68584e-01  7.28237e-03  2.33269e-04 
  1.69835e-01  6.49997e-03  2.28194e-04 
  1.71085e-01  6.47079e-03  2.23242e-04 
  1.72336e-01  5.22774e-03  2.18438e-04 
  1.73586e-01  4.66932e-03  2.13808e-04 
  1.74837e-01  4.24291e-03  2.09375e-04 
  1.76088e-01  3.23911e-03  2.05161e-04 
  1.77338e-01  2.76079e-03  2.01184e-04 
  1.78589e-01  2.46363e-03  1.97462e-04 
  1.79840e-01  2.10425e-03  1.94008e-04 
  1.81090e-01  1.28986e-03  1.90833e-04 
  1.82341e-01  1.41417e-03  1.87946e-04 
  1.83591e-01  1.22275e-03  1.85350e-04 
  1.84842e-01  8.18649e-04  1.83048e-04 
  1.86093e-01  2.78360e-04  1.81037e-04 
  1.87343e-01  3.45354e-04  1.79313e-04 
  1.88594e-01  5.01418e-05  1.77867e-04 
  1.89845e-01  4.10898e-04  1.76688e-04 
  1.91095e-01  1.96220e-04  1.75764e-04 
  1.92346e-01  7.45714e-05  1.75078e-04 
  1.93596e-01  5.85609e-05  1.74614e-04 
  1.94847e-01  -1.01876e-04 1.74351e-04 
  1.96098e-01  1.94203e-04  1.74271e-04 
  1.97348e-01  3.21949e-04  1.74352e-04 
  1.98599e-01  4.00000e-04  1.74574e-04 
  1.99850e-01  6.14671e-04  1.74915e-04 
  2.01100e-01  7.58126e-04  1.75354e-04 
  2.02351e-01  7.32687e-04  1.75873e-04 
  2.03602e-01  9.32959e-04  1.76450e-04 
  2.04852e-01  1.28846e-03  1.77067e-04 
  2.06103e-01  1.03814e-03  1.77708e-04 
  2.07353e-01  1.82151e-03  1.78354e-04 
  2.08604e-01  1.91902e-03  1.78992e-04 
  2.09855e-01  1.78708e-03  1.79608e-04 
  2.11105e-01  2.04795e-03  1.80187e-04 
  2.12356e-01  2.56380e-03  1.80720e-04 
  2.13607e-01  2.66553e-03  1.81196e-04 
  2.14857e-01  2.71751e-03  1.81607e-04 
  2.16108e-01  2.72713e-03  1.81944e-04 
  2.17358e-01  3.05082e-03  1.82201e-04 
  2.18609e-01  3.21630e-03  1.82373e-04 
  2.19860e-01  3.28309e-03  1.82455e-04 
  2.21110e-01  3.29135e-03  1.82446e-04 
  2.22361e-01  3.64989e-03  1.82342e-04 
  2.23612e-01  3.74521e-03  1.82142e-04 
  2.24862e-01  3.31242e-03  1.81847e-04 
  2.26113e-01  3.50042e-03  1.81457e-04 
  2.27363e-01  3.31526e-03  1.80975e-04 
  2.28614e-01  3.48968e-03  1.80401e-04 
  2.29865e-01  3.92370e-03  1.79740e-04 
  2.31115e-01  3.37105e-03  1.78996e-04 
  2.32366e-01  3.36340e-03  1.78172e-04 
  2.33617e-01  3.33701e-03  1.77275e-04 
  2.34867e-01  3.01984e-03  1.76308e-04 
  2.36118e-01  3.39848e-03  1.75279e-04 
  2.37368e-01  2.89904e-03  1.74194e-04 
  2.38619e-01  2.74486e-03  1.73060e-04 
  2.39870e-01  2.65861e-03  1.71883e-04 
  2.41120e-01  2.96109e-03  1.70671e-04 
  2.42371e-01  2.50093e-03  1.69431e-04 
  2.43622e-01  2.33755e-03  1.68171e-04 
  2.44872e-01  2.18446e-03  1.66897e-04 
  2.46123e-01  1.90046e-03  1.65618e-04 
  2.47373e-01  1.62932e-03  1.64340e-04 
  2.48624e-01  1.51958e-03  1.63071e-04 
  2.49875e-01  1.45960e-03  1.61817e-04 
  2.51125e-01  1.52099e-03  1.60585e-04 
  2.52376e-01  1.24039e-03  1.59381e-04 
  2.53627e-01  1.01862e-03  1.58211e-04 
  2.54877e-01  9.95013e-04  1.57081e-04 
  2.56128e-01  7.05892e-04  1.55994e-04 
  2.57378e-01  6.61321e-04  1.54956e-04 
  2.58629e-01  6.30216e-04  1.53970e-04 
  2.59880e-01  5.74235e-04  1.53039e-04 
  2.61130e-01  3.28837e-04  1.52166e-04 
  2.62381e-01  5.00963e-04  1.51353e-04 
  2.63632e-01  3.13563e-04  1.50601e-04 
  2.64882e-01  -9.85197e-05 1.49911e-04 
  2.66133e-01  2.06107e-04  1.49284e-04 
  2.67383e-01  -2.49911e-04 1.48718e-04 
  2.68634e-01  -2.64537e-05 1.48212e-04 
  2.69885e-01  -1.23005e-05 1.47766e-04 
  2.71135e-01  2.70347e-04  1.47377e-04 
  2.72386e-01  -1.24973e-04 1.47043e-04 
  2.73637e-01  -1.27679e-04 1.46760e-04 
  2.74887e-01  -1.42866e-04 1.46526e-04 
  2.76138e-01  -4.83370e-06 1.46337e-04 
  2.77388e-01  1.15784e-04  1.46190e-04 
  2.78639e-01  1.93469e-04  1.46079e-04 
  2.79890e-01  4.26939e-04  1.46002e-04 
  2.81140e-01  2.12024e-04  1.45954e-04 
  2.82391e-01  2.45603e-04  1.45930e-04 
  2.83642e-01  2.99340e-04  1.45926e-04 
  2.84892e-01  2.97244e-05  1.45938e-04 
  2.86143e-01  5.82828e-04  1.45961e-04 
  2.87393e-01  7.91844e-04  1.45992e-04 
  2.88644e-01  4.78627e-04  1.46025e-04 
  2.89895e-01  7.16058e-04  1.46059e-04 
  2.91145e-01  6.52371e-04  1.46088e-04 
  2.92396e-01  6.48875e-04  1.46109e-04 
  2.93647e-01  7.29286e-04  1.46119e-04 
  2.94897e-01  6.70148e-04  1.46115e-04 
  2.96148e-01  7.24711e-04  1.46094e-04 
  2.97398e-01  1.04681e-03  1.46054e-04 
  2.98649e-01  1.11134e-03  1.45993e-04 
  2.99900e-01  1.21333e-03  1.45908e-04 
  3.01150e-01  1.11306e-03  1.45799e-04 
  3.02401e-01  1.20676e-03  1.45663e-04 
  3.03652e-01  1.20683e-03  1.45501e-04 
  3.04902e-01  1.22013e-03  1.45311e-04 
  3.06153e-01  1.27724e-03  1.45092e-04 
  3.07404e-01  1.33887e-03  1.44846e-04 
  3.08654e-01  1.11334e-03  1.44572e-04 
  3.09905e-01  1.26042e-03  1.44269e-04 
  3.11155e-01  1.42640e-03  1.43940e-04 
  3.12406e-01  1.31650e-03  1.43585e-04 
  3.13657e-01  9.20181e-04  1.43205e-04 
  3.14907e-01  1.14911e-03  1.42802e-04 
  3.16158e-01  1.05373e-03  1.42376e-04 
  3.17409e-01  1.03219e-03  1.41929e-04 
  3.18659e-01  7.35326e-04  1.41464e-04 
  3.19910e-01  1.17552e-03  1.40982e-04 
  3.21160e-01  1.03765e-03  1.40486e-04 
  3.22411e-01  9.32898e-04  1.39976e-04 
  3.23662e-01  7.83989e-04  1.39456e-04 
  3.24912e-01  1.00294e-03  1.38928e-04 
  3.26163e-01  8.43189e-04  1.38393e-04 
  3.27414e-01  8.60034e-04  1.37855e-04 
  3.28664e-01  4.69523e-04  1.37314e-04 
  3.29915e-01  4.68663e-04  1.36774e-04 
  3.31165e-01  7.70260e-04  1.36237e-04 
  3.32416e-01  5.18330e-04  1.35704e-04 
  3.33667e-01  7.50001e-04  1.35177e-04 
  3.34917e-01  5.80427e-04  1.34658e-04 
  3.36168e-01  4.30131e-04  1.34149e-04 
  3.37419e-01  3.37870e-04  1.33652e-04 
  3.38669e-01  1.98849e-04  1.33167e-04 
  3.39920e-01  8.48243e-05  1.32696e-04 
  3.41170e-01  -1.01308e-04 1.32241e-04 
  3.42421e-01  6.97938e-05  1.31801e-04 
  3.43672e-01  4.44505e-05  1.31378e-04 
  3.44922e-01  1.99379e-04  1.30972e-04 
  3.46173e-01  6.36446e-05  1.30585e-04 
  3.47424e-01  -5.74198e-05 1.30215e-04 
  3.48674e-01  6.75298e-05  1.29864e-04 
  3.49925e-01  -6.47717e-05 1.29530e-04 
  3.51175e-01  -4.88821e-05 1.29215e-04 
  3.52426e-01  -5.98767e-05 1.28917e-04 
  3.53677e-01  1.34744e-04  1.28637e-04 
  3.54927e-01  4.44746e-05  1.28372e-04 
  3.56178e-01  -1.75460e-04 1.28124e-04 
  3.57429e-01  -5.08891e-05 1.27891e-04 
  3.58679e-01  -1.61410e-05 1.27671e-04 
  3.59930e-01  -1.93816e-05 1.27465e-04 
  3.61180e-01  -2.51908e-04 1.27271e-04 
  3.62431e-01  7.30011e-05  1.27088e-04 
  3.63682e-01  1.10803e-05  1.26914e-04 
  3.64932e-01  -1.53474e-04 1.26749e-04 
  3.66183e-01  4.88086e-05  1.26592e-04 
  3.67434e-01  -9.06992e-05 1.26441e-04 
  3.68684e-01  -1.30005e-05 1.26295e-04 
  3.69935e-01  -1.95559e-04 1.26153e-04 
  3.71185e-01  8.25156e-05  1.26014e-04 
  3.72436e-01  2.57224e-04  1.25877e-04 
  3.73687e-01  -1.08828e-04 1.25740e-04 
  3.74937e-01  3.46907e-05  1.25604e-04 
  3.76188e-01  6.93081e-06  1.25466e-04 
  3.77439e-01  7.14656e-05  1.25326e-04 
  3.78689e-01  1.83611e-04  1.25184e-04 
  3.79940e-01  1.29810e-04  1.25038e-04 
  3.81190e-01  2.26713e-04  1.24888e-04 
  3.82441e-01  1.99539e-04  1.24734e-04 
  3.83692e-01  -5.99184e-05 1.24575e-04 
  3.84942e-01  1.97395e-04  1.24411e-04 
  3.86193e-01  3.89834e-04  1.24242e-04 
  3.87444e-01  3.10490e-04  1.24067e-04 
  3.88694e-01  8.10327e-05  1.23887e-04 
  3.89945e-01  2.75978e-04  1.23701e-04 
  3.91195e-01  1.96974e-04  1.23510e-04 
  3.92446e-01  -6.33979e-05 1.23314e-04 
  3.93697e-01  1.02427e-04  1.23113e-04 
  3.94947e-01  2.58313e-04  1.22908e-04 
  3.96198e-01  2.87443e-04  1.22698e-04 
  3.97449e-01  3.14806e-04  1.22485e-04 
  3.98699e-01  2.21714e-04  1.22268e-04 
  3.99950e-01  -1.15651e-05 1.22049e-04 
  4.01201e-01  3.28748e-05  1.21828e-04 
  4.02451e-01  1.68173e-04  1.21605e-04 
  4.03702e-01  3.72224e-04  1.21381e-04 
  4.04952e-01  -9.50741e-05 1.21157e-04 
  4.06203e-01  2.87797e-04  1.20934e-04 
  4.07454e-01  -1.89162e-04 1.20711e-04 
  4.08704e-01  5.91961e-05  1.20490e-04 
  4.09955e-01  -7.13867e-05 1.20271e-04 
  4.11206e-01  8.67938e-05  1.20055e-04 
  4.12456e-01  1.72712e-04  1.19842e-04 
  4.13707e-01  3.29340e-05  1.19633e-04 
  4.14957e-01  1.24121e-04  1.19427e-04 
  4.16208e-01  -1.09897e-04 1.19227e-04 
  4.17459e-01  2.54040e-04  1.19031e-04 
  4.18709e-01  1.72955e-04  1.18841e-04 
  4.19960e-01  2.16464e-04  1.18655e-04 
  4.21211e-01  1.46823e-04  1.18476e-04 
  4.22461e-01  1.76949e-04  1.18302e-04 
  4.23712e-01  -2.62442e-06 1.18134e-04 
  4.24962e-01  -3.09251e-05 1.17972e-04 
  4.26213e-01  -7.45595e-05 1.17816e-04 
  4.27464e-01  2.64675e-04  1.17666e-04 
  4.28714e-01  5.90634e-05  1.17521e-04 
  4.29965e-01  1.00112e-04  1.17381e-04 
  4.31216e-01  1.43033e-04  1.17246e-04 
  4.32466e-01  1.99445e-04  1.17117e-04 
  4.33717e-01  1.14644e-04  1.16991e-04 
  4.34967e-01  2.04511e-04  1.16870e-04 
  4.36218e-01  7.39871e-05  1.16753e-04 
  4.37469e-01  1.66327e-04  1.16638e-04 
  4.38719e-01  9.79263e-05  1.16527e-04 
  4.39970e-01  1.23356e-04  1.16417e-04 
  4.41221e-01  1.71524e-05  1.16310e-04 
  4.42471e-01  3.09098e-04  1.16204e-04 
  4.43722e-01  8.72324e-05  1.16098e-04 
  4.44972e-01  3.15032e-04  1.15993e-04 
  4.46223e-01  3.12499e-04  1.15888e-04 
  4.47474e-01  2.34282e-04  1.15781e-04 
  4.48724e-01  1.45679e-04  1.15674e-04 
  4.49975e-01  3.09032e-04  1.15565e-04 
  4.51226e-01  5.52965e-04  1.15454e-04 
  4.52476e-01  2.43826e-04  1.15340e-04 
  4.53727e-01  3.21462e-04  1.15223e-04 
  4.54977e-01  4.08246e-04  1.15104e-04 
  4.56228e-01  1.78709e-04  1.14980e-04 
  4.57479e-01  4.69648e-04  1.14853e-04 
  4.58729e-01  4.00248e-04  1.14722e-04 
  4.59980e-01  2.06440e-04  1.14586e-04 
  4.61231e-01  1.83037e-04  1.14446e-04 
  4.62481e-01  3.97148e-04  1.14302e-04 
  4.63732e-01  1.66747e-04  1.14153e-04 
  4.64982e-01  5.90301e-04  1.14000e-04 
  4.66233e-01  4.66163e-04  1.13842e-04 
  4.67484e-01  3.08657e-04  1.13680e-04 
  4.68734e-01  4.41834e-04  1.13514e-04 
  4.69985e-01  1.58794e-04  1.13344e-04 
  4.71236e-01  5.06491e-04  1.13169e-04 
  4.72486e-01  2.04242e-04  1.12992e-04 
  4.73737e-01  4.23570e-04  1.12810e-04 
  4.74987e-01  1.86372e-04  1.12626e-04 
  4.76238e-01  1.82076e-04  1.12439e-04 
  4.77489e-01  6.20920e-04  1.12250e-04 
  4.78739e-01  4.29348e-04  1.12059e-04 
  4.79990e-01  4.33467e-04  1.11866e-04 
  4.81241e-01  9.86689e-05  1.11672e-04 
  4.82491e-01  1.66359e-04  1.11477e-04 
  4.83742e-01  6.27014e-05  1.11282e-04 
  4.84992e-01  2.89285e-04  1.11088e-04 
  4.86243e-01  3.33938e-04  1.10893e-04 
  4.87494e-01  3.47076e-04  1.10700e-04 
  4.88744e-01  1.37710e-04  1.10509e-04 
  4.89995e-01  1.23465e-04  1.10319e-04 
  4.91246e-01  1.70884e-04  1.10131e-04 
  4.92496e-01  3.22084e-05  1.09946e-04 
  4.93747e-01  3.02960e-04  1.09763e-04 
  4.94997e-01  9.93388e-05  1.09584e-04 
  4.96248e-01  5.43844e-05  1.09408e-04 
  4.97499e-01  2.20345e-04  1.09237e-04 
  4.98749e-01  1.73625e-04  1.09069e-04 
  5.00000e-01  1.62814e-04  1.08905e-04 
