# Simulated data
# sigma generated using Sedlak et al, k=100000, c=0.55, https://doi.org/10.1107/S1600576717003077, and rebinned with 10 per bin)
# q            I            sigma       
  1.00000e-03  1.21017e+00  1.57398e-02 
  2.25063e-03  1.17297e+00  1.03885e-02 
  3.50125e-03  1.13491e+00  8.21698e-03 
  4.75188e-03  1.09448e+00  6.95488e-03 
  6.00251e-03  1.06659e+00  6.10762e-03 
  7.25313e-03  1.05051e+00  5.49069e-03 
  8.50376e-03  1.02012e+00  5.01612e-03 
  9.75439e-03  9.97009e-01  4.63586e-03 
  1.10050e-02  9.73079e-01  4.32139e-03 
  1.22556e-02  9.52800e-01  4.05465e-03 
  1.35063e-02  9.39843e-01  3.82370e-03 
  1.47569e-02  9.17295e-01  3.62033e-03 
  1.60075e-02  8.97326e-01  3.43868e-03 
  1.72581e-02  8.74951e-01  3.27449e-03 
  1.85088e-02  8.55106e-01  3.12457e-03 
  1.97594e-02  8.28971e-01  2.98648e-03 
  2.10100e-02  8.08064e-01  2.85835e-03 
  2.22607e-02  7.81581e-01  2.73868e-03 
  2.35113e-02  7.63559e-01  2.62629e-03 
  2.47619e-02  7.35439e-01  2.52022e-03 
  2.60125e-02  7.15261e-01  2.41970e-03 
  2.72632e-02  6.88594e-01  2.32407e-03 
  2.85138e-02  6.59346e-01  2.23282e-03 
  2.97644e-02  6.36373e-01  2.14551e-03 
  3.10150e-02  6.06857e-01  2.06175e-03 
  3.22657e-02  5.84313e-01  1.98124e-03 
  3.35163e-02  5.54943e-01  1.90372e-03 
  3.47669e-02  5.34115e-01  1.82897e-03 
  3.60175e-02  5.04557e-01  1.75678e-03 
  3.72682e-02  4.81237e-01  1.68701e-03 
  3.85188e-02  4.55231e-01  1.61952e-03 
  3.97694e-02  4.30085e-01  1.55418e-03 
  4.10201e-02  4.05312e-01  1.49090e-03 
  4.22707e-02  3.83115e-01  1.42959e-03 
  4.35213e-02  3.59251e-01  1.37018e-03 
  4.47719e-02  3.33661e-01  1.31261e-03 
  4.60226e-02  3.13471e-01  1.25683e-03 
  4.72732e-02  2.92419e-01  1.20280e-03 
  4.85238e-02  2.71687e-01  1.15048e-03 
  4.97744e-02  2.51115e-01  1.09984e-03 
  5.10251e-02  2.31174e-01  1.05087e-03 
  5.22757e-02  2.13061e-01  1.00353e-03 
  5.35263e-02  1.94072e-01  9.57832e-04 
  5.47769e-02  1.78812e-01  9.13753e-04 
  5.60276e-02  1.63501e-01  8.71293e-04 
  5.72782e-02  1.48746e-01  8.30451e-04 
  5.85288e-02  1.32197e-01  7.91228e-04 
  5.97794e-02  1.19587e-01  7.53629e-04 
  6.10301e-02  1.07203e-01  7.17663e-04 
  6.22807e-02  9.55204e-02  6.83338e-04 
  6.35313e-02  8.48618e-02  6.50664e-04 
  6.47820e-02  7.46919e-02  6.19654e-04 
  6.60326e-02  6.63418e-02  5.90319e-04 
  6.72832e-02  5.59901e-02  5.62672e-04 
  6.85338e-02  4.92514e-02  5.36723e-04 
  6.97845e-02  4.23363e-02  5.12479e-04 
  7.10351e-02  3.65314e-02  4.89945e-04 
  7.22857e-02  2.87770e-02  4.69120e-04 
  7.35363e-02  2.50955e-02  4.49997e-04 
  7.47870e-02  2.03488e-02  4.32559e-04 
  7.60376e-02  1.62756e-02  4.16780e-04 
  7.72882e-02  1.33767e-02  4.02623e-04 
  7.85388e-02  9.43015e-03  3.90040e-04 
  7.97895e-02  6.79588e-03  3.78968e-04 
  8.10401e-02  4.68754e-03  3.69332e-04 
  8.22907e-02  3.21689e-03  3.61046e-04 
  8.35414e-02  2.50853e-03  3.54014e-04 
  8.47920e-02  1.62305e-03  3.48129e-04 
  8.60426e-02  1.23243e-03  3.43282e-04 
  8.72932e-02  7.52424e-04  3.39357e-04 
  8.85439e-02  3.84130e-04  3.36240e-04 
  8.97945e-02  1.23902e-04  3.33818e-04 
  9.10451e-02  -6.10944e-06 3.31982e-04 
  9.22957e-02  -1.29742e-04 3.30628e-04 
  9.35464e-02  8.58807e-04  3.29661e-04 
  9.47970e-02  1.24215e-03  3.28992e-04 
  9.60476e-02  2.09874e-03  3.28543e-04 
  9.72982e-02  1.83774e-03  3.28243e-04 
  9.85489e-02  2.52068e-03  3.28030e-04 
  9.97995e-02  3.42808e-03  3.27850e-04 
  1.01050e-01  3.75786e-03  3.27657e-04 
  1.02301e-01  4.47966e-03  3.27414e-04 
  1.03551e-01  5.33133e-03  3.27090e-04 
  1.04802e-01  6.13635e-03  3.26658e-04 
  1.06053e-01  6.21244e-03  3.26101e-04 
  1.07303e-01  7.19978e-03  3.25402e-04 
  1.08554e-01  7.62996e-03  3.24553e-04 
  1.09805e-01  7.51264e-03  3.23548e-04 
  1.11055e-01  7.72788e-03  3.22385e-04 
  1.12306e-01  7.17258e-03  3.21064e-04 
  1.13556e-01  8.03287e-03  3.19589e-04 
  1.14807e-01  7.26829e-03  3.17966e-04 
  1.16058e-01  8.37840e-03  3.16203e-04 
  1.17308e-01  7.70809e-03  3.14309e-04 
  1.18559e-01  7.91384e-03  3.12296e-04 
  1.19810e-01  7.05505e-03  3.10175e-04 
  1.21060e-01  7.28372e-03  3.07959e-04 
  1.22311e-01  7.11167e-03  3.05662e-04 
  1.23561e-01  6.78132e-03  3.03298e-04 
  1.24812e-01  6.13521e-03  3.00881e-04 
  1.26063e-01  5.86198e-03  2.98425e-04 
  1.27313e-01  5.18304e-03  2.95944e-04 
  1.28564e-01  6.02414e-03  2.93452e-04 
  1.29815e-01  4.97039e-03  2.90962e-04 
  1.31065e-01  4.15209e-03  2.88487e-04 
  1.32316e-01  4.46209e-03  2.86039e-04 
  1.33566e-01  3.32563e-03  2.83629e-04 
  1.34817e-01  3.39212e-03  2.81268e-04 
  1.36068e-01  3.38892e-03  2.78964e-04 
  1.37318e-01  2.13885e-03  2.76725e-04 
  1.38569e-01  2.95925e-03  2.74560e-04 
  1.39820e-01  2.02459e-03  2.72473e-04 
  1.41070e-01  1.95419e-03  2.70469e-04 
  1.42321e-01  9.32104e-04  2.68552e-04 
  1.43571e-01  1.25677e-03  2.66725e-04 
  1.44822e-01  7.08792e-04  2.64988e-04 
  1.46073e-01  3.48143e-04  2.63342e-04 
  1.47323e-01  7.01079e-04  2.61786e-04 
  1.48574e-01  2.56157e-04  2.60318e-04 
  1.49825e-01  9.66790e-05  2.58935e-04 
  1.51075e-01  -7.38502e-06 2.57634e-04 
  1.52326e-01  -4.73009e-04 2.56411e-04 
  1.53576e-01  1.21249e-04  2.55261e-04 
  1.54827e-01  3.08893e-04  2.54178e-04 
  1.56078e-01  2.96349e-05  2.53158e-04 
  1.57328e-01  2.61963e-04  2.52194e-04 
  1.58579e-01  4.08342e-04  2.51280e-04 
  1.59830e-01  -2.32929e-04 2.50411e-04 
  1.61080e-01  1.47768e-04  2.49580e-04 
  1.62331e-01  1.57660e-04  2.48781e-04 
  1.63581e-01  1.75497e-04  2.48008e-04 
  1.64832e-01  4.50646e-04  2.47257e-04 
  1.66083e-01  7.08216e-04  2.46521e-04 
  1.67333e-01  3.37349e-04  2.45796e-04 
  1.68584e-01  1.01335e-03  2.45077e-04 
  1.69835e-01  1.02811e-03  2.44360e-04 
  1.71085e-01  9.87950e-04  2.43642e-04 
  1.72336e-01  8.01729e-04  2.42920e-04 
  1.73586e-01  8.34241e-04  2.42190e-04 
  1.74837e-01  1.11110e-03  2.41451e-04 
  1.76088e-01  7.47564e-04  2.40701e-04 
  1.77338e-01  1.09616e-03  2.39939e-04 
  1.78589e-01  9.37521e-04  2.39163e-04 
  1.79840e-01  7.97728e-04  2.38373e-04 
  1.81090e-01  1.05220e-03  2.37570e-04 
  1.82341e-01  9.05382e-04  2.36753e-04 
  1.83591e-01  3.90777e-04  2.35924e-04 
  1.84842e-01  6.53391e-04  2.35082e-04 
  1.86093e-01  8.93132e-04  2.34230e-04 
  1.87343e-01  1.12123e-03  2.33369e-04 
  1.88594e-01  7.88537e-04  2.32500e-04 
  1.89845e-01  1.03929e-03  2.31626e-04 
  1.91095e-01  6.56855e-04  2.30748e-04 
  1.92346e-01  7.86865e-04  2.29868e-04 
  1.93596e-01  4.90965e-04  2.28988e-04 
  1.94847e-01  3.87234e-04  2.28111e-04 
  1.96098e-01  9.87719e-04  2.27238e-04 
  1.97348e-01  2.17814e-04  2.26371e-04 
  1.98599e-01  7.18401e-04  2.25512e-04 
  1.99850e-01  4.13289e-04  2.24664e-04 
  2.01100e-01  9.52758e-05  2.23827e-04 
  2.02351e-01  2.38448e-04  2.23003e-04 
  2.03602e-01  5.10553e-04  2.22193e-04 
  2.04852e-01  -7.97644e-06 2.21400e-04 
  2.06103e-01  1.28061e-04  2.20622e-04 
  2.07353e-01  4.61325e-04  2.19862e-04 
  2.08604e-01  4.99133e-04  2.19120e-04 
  2.09855e-01  2.91167e-05  2.18397e-04 
  2.11105e-01  -8.53794e-05 2.17691e-04 
  2.12356e-01  1.78530e-05  2.17004e-04 
  2.13607e-01  4.16030e-04  2.16335e-04 
  2.14857e-01  4.28119e-04  2.15684e-04 
  2.16108e-01  -5.34702e-05 2.15051e-04 
  2.17358e-01  2.14678e-04  2.14433e-04 
  2.18609e-01  3.85866e-04  2.13832e-04 
  2.19860e-01  -3.24466e-05 2.13245e-04 
  2.21110e-01  -5.83755e-05 2.12672e-04 
  2.22361e-01  -2.74706e-04 2.12112e-04 
  2.23612e-01  1.21755e-05  2.11563e-04 
  2.24862e-01  2.06297e-04  2.11024e-04 
  2.26113e-01  1.41135e-04  2.10494e-04 
  2.27363e-01  7.68005e-06  2.09972e-04 
  2.28614e-01  1.08389e-04  2.09457e-04 
  2.29865e-01  1.52770e-05  2.08946e-04 
  2.31115e-01  1.77756e-04  2.08441e-04 
  2.32366e-01  1.70033e-04  2.07938e-04 
  2.33617e-01  5.45873e-05  2.07437e-04 
  2.34867e-01  1.36513e-04  2.06938e-04 
  2.36118e-01  2.09542e-04  2.06439e-04 
  2.37368e-01  2.62727e-04  2.05939e-04 
  2.38619e-01  2.56354e-04  2.05439e-04 
  2.39870e-01  5.46951e-04  2.04937e-04 
  2.41120e-01  2.55136e-04  2.04433e-04 
  2.42371e-01  3.99529e-04  2.03927e-04 
  2.43622e-01  3.48401e-04  2.03419e-04 
  2.44872e-01  6.24901e-04  2.02908e-04 
  2.46123e-01  5.51840e-04  2.02395e-04 
  2.47373e-01  4.26403e-04  2.01879e-04 
  2.48624e-01  4.81429e-04  2.01361e-04 
  2.49875e-01  1.00298e-04  2.00842e-04 
  2.51125e-01  2.87122e-04  2.00320e-04 
  2.52376e-01  5.13913e-04  1.99798e-04 
  2.53627e-01  5.83978e-05  1.99275e-04 
  2.54877e-01  5.43643e-04  1.98752e-04 
  2.56128e-01  4.86969e-04  1.98229e-04 
  2.57378e-01  2.03377e-04  1.97707e-04 
  2.58629e-01  4.18479e-05  1.97187e-04 
  2.59880e-01  7.17198e-05  1.96669e-04 
  2.61130e-01  2.18852e-04  1.96154e-04 
  2.62381e-01  2.62687e-04  1.95643e-04 
  2.63632e-01  2.98769e-04  1.95135e-04 
  2.64882e-01  4.03175e-04  1.94631e-04 
  2.66133e-01  -1.61481e-04 1.94133e-04 
  2.67383e-01  -1.04970e-04 1.93640e-04 
  2.68634e-01  1.27735e-05  1.93152e-04 
  2.69885e-01  9.81230e-05  1.92671e-04 
  2.71135e-01  6.31879e-05  1.92196e-04 
  2.72386e-01  2.09133e-04  1.91728e-04 
  2.73637e-01  -2.87349e-04 1.91267e-04 
  2.74887e-01  2.95305e-04  1.90812e-04 
  2.76138e-01  -1.66716e-04 1.90364e-04 
  2.77388e-01  1.30454e-04  1.89924e-04 
  2.78639e-01  -3.87498e-04 1.89490e-04 
  2.79890e-01  2.90645e-05  1.89062e-04 
  2.81140e-01  1.11314e-04  1.88641e-04 
  2.82391e-01  1.84007e-04  1.88227e-04 
  2.83642e-01  1.77372e-04  1.87818e-04 
  2.84892e-01  -1.45457e-04 1.87415e-04 
  2.86143e-01  -2.14394e-04 1.87018e-04 
  2.87393e-01  -1.98351e-04 1.86625e-04 
  2.88644e-01  1.04776e-04  1.86237e-04 
  2.89895e-01  1.10461e-04  1.85853e-04 
  2.91145e-01  -1.50664e-04 1.85472e-04 
  2.92396e-01  2.07930e-04  1.85095e-04 
  2.93647e-01  -1.06468e-04 1.84721e-04 
  2.94897e-01  1.56554e-04  1.84349e-04 
  2.96148e-01  1.16570e-04  1.83980e-04 
  2.97398e-01  1.46524e-04  1.83612e-04 
  2.98649e-01  5.52156e-05  1.83246e-04 
  2.99900e-01  4.30145e-04  1.82880e-04 
  3.01150e-01  -1.91074e-04 1.82516e-04 
  3.02401e-01  -4.65069e-05 1.82152e-04 
  3.03652e-01  4.80386e-04  1.81788e-04 
  3.04902e-01  3.26337e-04  1.81425e-04 
  3.06153e-01  -2.76321e-04 1.81062e-04 
  3.07404e-01  4.54308e-04  1.80698e-04 
  3.08654e-01  6.42798e-04  1.80335e-04 
  3.09905e-01  1.45110e-04  1.79971e-04 
  3.11155e-01  2.04303e-04  1.79607e-04 
  3.12406e-01  1.45751e-04  1.79243e-04 
  3.13657e-01  2.46239e-04  1.78879e-04 
  3.14907e-01  9.24095e-05  1.78515e-04 
  3.16158e-01  7.88015e-05  1.78151e-04 
  3.17409e-01  -1.30888e-04 1.77788e-04 
  3.18659e-01  -9.15656e-05 1.77425e-04 
  3.19910e-01  -2.30984e-05 1.77063e-04 
  3.21160e-01  6.17308e-07  1.76702e-04 
  3.22411e-01  4.26548e-04  1.76343e-04 
  3.23662e-01  2.16323e-04  1.75984e-04 
  3.24912e-01  -3.90807e-05 1.75627e-04 
  3.26163e-01  -2.79837e-04 1.75272e-04 
  3.27414e-01  1.21949e-04  1.74919e-04 
  3.28664e-01  2.79869e-04  1.74569e-04 
  3.29915e-01  1.63667e-04  1.74221e-04 
  3.31165e-01  2.89321e-04  1.73875e-04 
  3.32416e-01  8.33680e-06  1.73532e-04 
  3.33667e-01  -1.40817e-04 1.73192e-04 
  3.34917e-01  1.94989e-05  1.72856e-04 
  3.36168e-01  4.52621e-05  1.72522e-04 
  3.37419e-01  5.33142e-05  1.72191e-04 
  3.38669e-01  -5.09228e-05 1.71864e-04 
  3.39920e-01  -4.92595e-05 1.71540e-04 
  3.41170e-01  3.20789e-06  1.71220e-04 
  3.42421e-01  -2.06266e-05 1.70903e-04 
  3.43672e-01  3.10333e-04  1.70588e-04 
  3.44922e-01  -3.28767e-04 1.70278e-04 
  3.46173e-01  3.80609e-04  1.69970e-04 
  3.47424e-01  1.18429e-04  1.69665e-04 
  3.48674e-01  2.77239e-04  1.69363e-04 
  3.49925e-01  -7.28215e-05 1.69064e-04 
  3.51175e-01  2.88002e-04  1.68768e-04 
  3.52426e-01  2.92452e-04  1.68473e-04 
  3.53677e-01  1.84443e-04  1.68182e-04 
  3.54927e-01  3.34733e-04  1.67892e-04 
  3.56178e-01  1.94587e-04  1.67604e-04 
  3.57429e-01  1.35044e-04  1.67318e-04 
  3.58679e-01  4.40492e-05  1.67034e-04 
  3.59930e-01  1.80302e-04  1.66751e-04 
  3.61180e-01  7.45026e-05  1.66470e-04 
  3.62431e-01  1.73200e-04  1.66189e-04 
  3.63682e-01  1.17439e-04  1.65910e-04 
  3.64932e-01  2.14411e-04  1.65631e-04 
  3.66183e-01  -1.76348e-04 1.65354e-04 
  3.67434e-01  1.56526e-04  1.65077e-04 
  3.68684e-01  4.95144e-05  1.64801e-04 
  3.69935e-01  -9.27289e-05 1.64525e-04 
  3.71185e-01  -6.45774e-05 1.64250e-04 
  3.72436e-01  1.52720e-04  1.63975e-04 
  3.73687e-01  4.65622e-05  1.63701e-04 
  3.74937e-01  -5.78249e-05 1.63427e-04 
  3.76188e-01  1.19232e-04  1.63154e-04 
  3.77439e-01  2.04413e-05  1.62881e-04 
  3.78689e-01  -2.11773e-05 1.62609e-04 
  3.79940e-01  1.86193e-04  1.62337e-04 
  3.81190e-01  -8.83613e-05 1.62066e-04 
  3.82441e-01  -3.02778e-04 1.61796e-04 
  3.83692e-01  1.12754e-04  1.61527e-04 
  3.84942e-01  -2.42150e-05 1.61258e-04 
  3.86193e-01  -9.64428e-05 1.60990e-04 
  3.87444e-01  1.91557e-04  1.60724e-04 
  3.88694e-01  3.71469e-05  1.60459e-04 
  3.89945e-01  -1.50678e-05 1.60194e-04 
  3.91195e-01  -3.70791e-05 1.59932e-04 
  3.92446e-01  1.60139e-05  1.59670e-04 
  3.93697e-01  1.13949e-04  1.59410e-04 
  3.94947e-01  9.56875e-06  1.59152e-04 
  3.96198e-01  -1.66303e-05 1.58895e-04 
  3.97449e-01  -4.51150e-05 1.58640e-04 
  3.98699e-01  7.26603e-05  1.58387e-04 
  3.99950e-01  -9.65092e-05 1.58135e-04 
  4.01201e-01  -5.91908e-05 1.57886e-04 
  4.02451e-01  -2.79465e-04 1.57638e-04 
  4.03702e-01  1.44726e-04  1.57392e-04 
  4.04952e-01  1.07370e-04  1.57147e-04 
  4.06203e-01  1.52607e-04  1.56905e-04 
  4.07454e-01  -1.91291e-04 1.56664e-04 
  4.08704e-01  -4.21539e-05 1.56425e-04 
  4.09955e-01  2.09468e-04  1.56188e-04 
  4.11206e-01  1.33717e-04  1.55952e-04 
  4.12456e-01  1.13680e-04  1.55718e-04 
  4.13707e-01  1.29155e-04  1.55485e-04 
  4.14957e-01  1.24348e-04  1.55254e-04 
  4.16208e-01  7.70878e-05  1.55024e-04 
  4.17459e-01  3.13612e-05  1.54795e-04 
  4.18709e-01  2.10406e-04  1.54568e-04 
  4.19960e-01  -6.10501e-05 1.54342e-04 
  4.21211e-01  1.52792e-04  1.54117e-04 
  4.22461e-01  -1.04069e-04 1.53892e-04 
  4.23712e-01  -1.76168e-04 1.53669e-04 
  4.24962e-01  3.20263e-04  1.53446e-04 
  4.26213e-01  -1.24588e-04 1.53225e-04 
  4.27464e-01  1.70167e-04  1.53003e-04 
  4.28714e-01  2.53403e-04  1.52783e-04 
  4.29965e-01  5.13120e-05  1.52563e-04 
  4.31216e-01  5.26275e-05  1.52344e-04 
  4.32466e-01  6.92105e-06  1.52125e-04 
  4.33717e-01  1.64061e-04  1.51906e-04 
  4.34967e-01  -3.68943e-05 1.51688e-04 
  4.36218e-01  1.19066e-04  1.51471e-04 
  4.37469e-01  -8.91857e-05 1.51253e-04 
  4.38719e-01  1.94727e-05  1.51037e-04 
  4.39970e-01  -1.17636e-04 1.50820e-04 
  4.41221e-01  -1.81928e-04 1.50605e-04 
  4.42471e-01  -2.85091e-05 1.50389e-04 
  4.43722e-01  -1.49227e-04 1.50174e-04 
  4.44972e-01  1.27337e-04  1.49960e-04 
  4.46223e-01  3.51056e-04  1.49746e-04 
  4.47474e-01  -2.49709e-04 1.49533e-04 
  4.48724e-01  8.17338e-05  1.49320e-04 
  4.49975e-01  2.56757e-04  1.49109e-04 
  4.51226e-01  -7.50068e-05 1.48898e-04 
  4.52476e-01  2.24658e-04  1.48687e-04 
  4.53727e-01  1.39384e-04  1.48478e-04 
  4.54977e-01  -5.05922e-05 1.48270e-04 
  4.56228e-01  -7.62662e-05 1.48062e-04 
  4.57479e-01  1.07454e-04  1.47856e-04 
  4.58729e-01  -3.89881e-04 1.47650e-04 
  4.59980e-01  1.91481e-04  1.47446e-04 
  4.61231e-01  5.90563e-05  1.47242e-04 
  4.62481e-01  -7.29263e-05 1.47040e-04 
  4.63732e-01  7.02027e-05  1.46839e-04 
  4.64982e-01  -2.46580e-04 1.46639e-04 
  4.66233e-01  -6.12033e-05 1.46441e-04 
  4.67484e-01  -7.68259e-05 1.46243e-04 
  4.68734e-01  3.80301e-05  1.46047e-04 
  4.69985e-01  -1.72602e-04 1.45851e-04 
  4.71236e-01  -5.71099e-05 1.45657e-04 
  4.72486e-01  -3.19299e-04 1.45465e-04 
  4.73737e-01  -3.30173e-05 1.45273e-04 
  4.74987e-01  -1.01642e-04 1.45082e-04 
  4.76238e-01  -9.62990e-05 1.44893e-04 
  4.77489e-01  -1.43243e-04 1.44704e-04 
  4.78739e-01  2.02245e-04  1.44517e-04 
  4.79990e-01  -2.15447e-04 1.44330e-04 
  4.81241e-01  1.25275e-04  1.44144e-04 
  4.82491e-01  -2.14754e-04 1.43960e-04 
  4.83742e-01  2.02744e-04  1.43776e-04 
  4.84992e-01  4.34971e-05  1.43593e-04 
  4.86243e-01  -3.80425e-04 1.43410e-04 
  4.87494e-01  2.76870e-04  1.43229e-04 
  4.88744e-01  5.73079e-05  1.43048e-04 
  4.89995e-01  -1.43245e-05 1.42867e-04 
  4.91246e-01  -1.05596e-04 1.42688e-04 
  4.92496e-01  5.07311e-05  1.42508e-04 
  4.93747e-01  -1.13556e-04 1.42330e-04 
  4.94997e-01  1.35483e-04  1.42152e-04 
  4.96248e-01  -1.34505e-04 1.41974e-04 
  4.97499e-01  -1.68962e-05 1.41797e-04 
  4.98749e-01  -7.70178e-05 1.41621e-04 
  5.00000e-01  -1.80299e-04 1.41444e-04 
