# Simulated data
# sigma generated using Sedlak et al, k=100000, c=0.55, https://doi.org/10.1107/S1600576717003077, and rebinned with 10 per bin)
# q            I            sigma       
  1.00000e-03  9.92728e-01  1.44914e-02 
  2.25063e-03  1.01269e+00  9.65013e-03 
  3.50125e-03  9.90627e-01  7.72363e-03 
  4.75188e-03  9.90075e-01  6.61335e-03 
  6.00251e-03  9.79232e-01  5.86517e-03 
  7.25313e-03  9.70677e-01  5.31433e-03 
  8.50376e-03  9.63200e-01  4.88473e-03 
  9.75439e-03  9.55467e-01  4.53577e-03 
  1.10050e-02  9.38660e-01  4.24355e-03 
  1.22556e-02  9.26113e-01  3.99298e-03 
  1.35063e-02  9.09723e-01  3.77402e-03 
  1.47569e-02  8.97814e-01  3.57970e-03 
  1.60075e-02  8.80557e-01  3.40499e-03 
  1.72581e-02  8.61579e-01  3.24620e-03 
  1.85088e-02  8.38815e-01  3.10054e-03 
  1.97594e-02  8.16336e-01  2.96586e-03 
  2.10100e-02  7.99214e-01  2.84046e-03 
  2.22607e-02  7.72069e-01  2.72302e-03 
  2.35113e-02  7.50237e-01  2.61246e-03 
  2.47619e-02  7.24722e-01  2.50790e-03 
  2.60125e-02  7.02169e-01  2.40862e-03 
  2.72632e-02  6.79139e-01  2.31404e-03 
  2.85138e-02  6.59853e-01  2.22367e-03 
  2.97644e-02  6.30126e-01  2.13709e-03 
  3.10150e-02  6.05200e-01  2.05396e-03 
  3.22657e-02  5.77139e-01  1.97398e-03 
  3.35163e-02  5.54324e-01  1.89691e-03 
  3.47669e-02  5.28610e-01  1.82254e-03 
  3.60175e-02  5.01364e-01  1.75068e-03 
  3.72682e-02  4.77808e-01  1.68120e-03 
  3.85188e-02  4.50321e-01  1.61394e-03 
  3.97694e-02  4.24576e-01  1.54881e-03 
  4.10201e-02  4.04274e-01  1.48571e-03 
  4.22707e-02  3.80025e-01  1.42456e-03 
  4.35213e-02  3.57234e-01  1.36529e-03 
  4.47719e-02  3.30648e-01  1.30785e-03 
  4.60226e-02  3.09651e-01  1.25218e-03 
  4.72732e-02  2.87750e-01  1.19825e-03 
  4.85238e-02  2.68624e-01  1.14602e-03 
  4.97744e-02  2.48538e-01  1.09547e-03 
  5.10251e-02  2.30198e-01  1.04657e-03 
  5.22757e-02  2.11702e-01  9.99315e-04 
  5.35263e-02  1.92981e-01  9.53690e-04 
  5.47769e-02  1.76212e-01  9.09687e-04 
  5.60276e-02  1.60919e-01  8.67305e-04 
  5.72782e-02  1.44990e-01  8.26543e-04 
  5.85288e-02  1.30544e-01  7.87404e-04 
  5.97794e-02  1.18273e-01  7.49895e-04 
  6.10301e-02  1.04886e-01  7.14023e-04 
  6.22807e-02  9.28318e-02  6.79798e-04 
  6.35313e-02  8.33504e-02  6.47232e-04 
  6.47820e-02  7.28330e-02  6.16338e-04 
  6.60326e-02  6.32789e-02  5.87128e-04 
  6.72832e-02  5.59523e-02  5.59614e-04 
  6.85338e-02  4.80574e-02  5.33807e-04 
  6.97845e-02  4.10839e-02  5.09715e-04 
  7.10351e-02  3.59215e-02  4.87342e-04 
  7.22857e-02  2.89706e-02  4.66687e-04 
  7.35363e-02  2.37477e-02  4.47740e-04 
  7.47870e-02  1.99045e-02  4.30485e-04 
  7.60376e-02  1.46040e-02  4.14895e-04 
  7.72882e-02  1.18999e-02  4.00931e-04 
  7.85388e-02  1.01633e-02  3.88540e-04 
  7.97895e-02  6.77074e-03  3.77660e-04 
  8.10401e-02  4.77339e-03  3.68211e-04 
  8.22907e-02  3.63718e-03  3.60107e-04 
  8.35414e-02  2.13753e-03  3.53247e-04 
  8.47920e-02  1.29511e-03  3.47525e-04 
  8.60426e-02  1.04194e-03  3.42826e-04 
  8.72932e-02  4.78955e-04  3.39037e-04 
  8.85439e-02  -6.11261e-05 3.36041e-04 
  8.97945e-02  -3.19287e-05 3.33723e-04 
  9.10451e-02  2.61183e-04  3.31976e-04 
  9.22957e-02  8.12211e-04  3.30696e-04 
  9.35464e-02  7.91744e-04  3.29787e-04 
  9.47970e-02  1.47015e-03  3.29162e-04 
  9.60476e-02  2.39172e-03  3.28743e-04 
  9.72982e-02  1.54857e-03  3.28460e-04 
  9.85489e-02  3.40852e-03  3.28252e-04 
  9.97995e-02  3.86404e-03  3.28068e-04 
  1.01050e-01  3.98810e-03  3.27861e-04 
  1.02301e-01  5.15391e-03  3.27595e-04 
  1.03551e-01  5.24255e-03  3.27241e-04 
  1.04802e-01  5.62958e-03  3.26773e-04 
  1.06053e-01  6.23500e-03  3.26173e-04 
  1.07303e-01  6.74671e-03  3.25429e-04 
  1.08554e-01  6.83148e-03  3.24530e-04 
  1.09805e-01  7.15177e-03  3.23473e-04 
  1.11055e-01  8.12699e-03  3.22256e-04 
  1.12306e-01  7.97693e-03  3.20880e-04 
  1.13556e-01  7.78914e-03  3.19349e-04 
  1.14807e-01  7.93657e-03  3.17671e-04 
  1.16058e-01  7.76601e-03  3.15854e-04 
  1.17308e-01  7.58877e-03  3.13908e-04 
  1.18559e-01  7.83557e-03  3.11844e-04 
  1.19810e-01  7.61374e-03  3.09676e-04 
  1.21060e-01  7.04984e-03  3.07416e-04 
  1.22311e-01  6.77996e-03  3.05079e-04 
  1.23561e-01  6.49075e-03  3.02678e-04 
  1.24812e-01  5.97321e-03  3.00229e-04 
  1.26063e-01  6.79107e-03  2.97746e-04 
  1.27313e-01  5.23373e-03  2.95244e-04 
  1.28564e-01  5.40602e-03  2.92735e-04 
  1.29815e-01  4.84405e-03  2.90234e-04 
  1.31065e-01  4.49721e-03  2.87754e-04 
  1.32316e-01  3.69314e-03  2.85306e-04 
  1.33566e-01  3.61287e-03  2.82902e-04 
  1.34817e-01  3.30077e-03  2.80552e-04 
  1.36068e-01  2.65777e-03  2.78265e-04 
  1.37318e-01  2.36304e-03  2.76049e-04 
  1.38569e-01  1.55167e-03  2.73911e-04 
  1.39820e-01  1.20506e-03  2.71857e-04 
  1.41070e-01  1.26531e-03  2.69890e-04 
  1.42321e-01  1.07552e-03  2.68014e-04 
  1.43571e-01  1.10914e-03  2.66232e-04 
  1.44822e-01  5.93254e-04  2.64543e-04 
  1.46073e-01  5.75158e-04  2.62948e-04 
  1.47323e-01  4.47948e-04  2.61445e-04 
  1.48574e-01  1.49620e-04  2.60031e-04 
  1.49825e-01  4.44117e-04  2.58704e-04 
  1.51075e-01  1.51547e-04  2.57460e-04 
  1.52326e-01  -2.74780e-04 2.56294e-04 
  1.53576e-01  2.66596e-05  2.55201e-04 
  1.54827e-01  -1.28562e-04 2.54175e-04 
  1.56078e-01  -1.96929e-04 2.53209e-04 
  1.57328e-01  1.28557e-04  2.52299e-04 
  1.58579e-01  -9.99588e-05 2.51437e-04 
  1.59830e-01  9.58080e-05  2.50617e-04 
  1.61080e-01  5.55048e-04  2.49832e-04 
  1.62331e-01  4.23558e-04  2.49077e-04 
  1.63581e-01  5.68762e-04  2.48345e-04 
  1.64832e-01  4.49080e-04  2.47631e-04 
  1.66083e-01  4.91118e-04  2.46929e-04 
  1.67333e-01  6.19014e-04  2.46235e-04 
  1.68584e-01  6.85891e-04  2.45543e-04 
  1.69835e-01  8.11593e-04  2.44850e-04 
  1.71085e-01  1.09455e-03  2.44152e-04 
  1.72336e-01  1.12485e-03  2.43446e-04 
  1.73586e-01  1.63865e-03  2.42729e-04 
  1.74837e-01  1.46486e-03  2.41999e-04 
  1.76088e-01  1.40496e-03  2.41255e-04 
  1.77338e-01  1.09698e-03  2.40495e-04 
  1.78589e-01  1.70123e-03  2.39720e-04 
  1.79840e-01  1.12736e-03  2.38927e-04 
  1.81090e-01  1.38123e-03  2.38119e-04 
  1.82341e-01  1.69245e-03  2.37294e-04 
  1.83591e-01  1.28017e-03  2.36455e-04 
  1.84842e-01  1.24584e-03  2.35602e-04 
  1.86093e-01  1.43201e-03  2.34736e-04 
  1.87343e-01  1.40176e-03  2.33861e-04 
  1.88594e-01  1.03435e-03  2.32976e-04 
  1.89845e-01  9.68934e-04  2.32085e-04 
  1.91095e-01  1.54176e-03  2.31189e-04 
  1.92346e-01  9.86507e-04  2.30291e-04 
  1.93596e-01  1.13985e-03  2.29393e-04 
  1.94847e-01  1.04268e-03  2.28497e-04 
  1.96098e-01  9.81611e-04  2.27605e-04 
  1.97348e-01  9.72233e-04  2.26720e-04 
  1.98599e-01  3.93627e-04  2.25844e-04 
  1.99850e-01  7.60184e-04  2.24978e-04 
  2.01100e-01  6.78172e-04  2.24125e-04 
  2.02351e-01  5.61319e-04  2.23286e-04 
  2.03602e-01  1.81935e-04  2.22462e-04 
  2.04852e-01  4.61362e-04  2.21655e-04 
  2.06103e-01  1.53069e-04  2.20865e-04 
  2.07353e-01  2.90902e-04  2.20094e-04 
  2.08604e-01  3.47431e-04  2.19343e-04 
  2.09855e-01  -2.72960e-04 2.18610e-04 
  2.11105e-01  5.58030e-05  2.17898e-04 
  2.12356e-01  4.11287e-05  2.17205e-04 
  2.13607e-01  2.33533e-04  2.16531e-04 
  2.14857e-01  2.53100e-04  2.15876e-04 
  2.16108e-01  -1.34139e-04 2.15239e-04 
  2.17358e-01  1.62940e-04  2.14620e-04 
  2.18609e-01  1.84233e-04  2.14018e-04 
  2.19860e-01  3.52278e-04  2.13431e-04 
  2.21110e-01  5.65315e-05  2.12858e-04 
  2.22361e-01  -1.60205e-04 2.12298e-04 
  2.23612e-01  -4.41053e-05 2.11751e-04 
  2.24862e-01  6.81685e-06  2.11213e-04 
  2.26113e-01  1.56121e-04  2.10685e-04 
  2.27363e-01  1.25749e-04  2.10165e-04 
  2.28614e-01  3.20021e-04  2.09652e-04 
  2.29865e-01  3.12958e-04  2.09143e-04 
  2.31115e-01  3.10637e-04  2.08639e-04 
  2.32366e-01  4.03460e-04  2.08137e-04 
  2.33617e-01  3.37071e-05  2.07637e-04 
  2.34867e-01  4.66562e-04  2.07138e-04 
  2.36118e-01  4.84966e-04  2.06639e-04 
  2.37368e-01  2.65272e-04  2.06139e-04 
  2.38619e-01  4.33268e-04  2.05637e-04 
  2.39870e-01  7.04169e-04  2.05133e-04 
  2.41120e-01  1.56143e-04  2.04626e-04 
  2.42371e-01  3.41297e-04  2.04117e-04 
  2.43622e-01  5.41780e-04  2.03604e-04 
  2.44872e-01  7.75363e-04  2.03088e-04 
  2.46123e-01  3.75006e-04  2.02569e-04 
  2.47373e-01  4.26141e-04  2.02047e-04 
  2.48624e-01  2.81636e-04  2.01522e-04 
  2.49875e-01  6.16053e-04  2.00995e-04 
  2.51125e-01  8.44063e-04  2.00466e-04 
  2.52376e-01  3.99522e-04  1.99935e-04 
  2.53627e-01  5.81764e-04  1.99403e-04 
  2.54877e-01  4.04486e-04  1.98870e-04 
  2.56128e-01  2.59734e-04  1.98338e-04 
  2.57378e-01  3.63540e-04  1.97806e-04 
  2.58629e-01  5.09392e-04  1.97276e-04 
  2.59880e-01  3.73635e-04  1.96748e-04 
  2.61130e-01  8.93402e-07  1.96223e-04 
  2.62381e-01  2.07805e-04  1.95702e-04 
  2.63632e-01  -3.93339e-05 1.95185e-04 
  2.64882e-01  5.46680e-04  1.94672e-04 
  2.66133e-01  6.69308e-06  1.94165e-04 
  2.67383e-01  2.45286e-04  1.93663e-04 
  2.68634e-01  3.02617e-04  1.93168e-04 
  2.69885e-01  1.94595e-04  1.92679e-04 
  2.71135e-01  1.12353e-04  1.92197e-04 
  2.72386e-01  1.84403e-04  1.91723e-04 
  2.73637e-01  1.39724e-04  1.91256e-04 
  2.74887e-01  -4.55794e-05 1.90797e-04 
  2.76138e-01  1.41041e-05  1.90345e-04 
  2.77388e-01  2.79625e-04  1.89901e-04 
  2.78639e-01  1.62223e-04  1.89464e-04 
  2.79890e-01  -1.29161e-04 1.89035e-04 
  2.81140e-01  7.24820e-05  1.88613e-04 
  2.82391e-01  -2.91732e-04 1.88198e-04 
  2.83642e-01  1.15048e-04  1.87789e-04 
  2.84892e-01  2.15662e-04  1.87387e-04 
  2.86143e-01  2.22268e-04  1.86991e-04 
  2.87393e-01  1.47706e-04  1.86600e-04 
  2.88644e-01  2.30296e-04  1.86215e-04 
  2.89895e-01  1.91336e-04  1.85833e-04 
  2.91145e-01  7.54632e-05  1.85456e-04 
  2.92396e-01  -2.06851e-04 1.85083e-04 
  2.93647e-01  -8.36475e-05 1.84713e-04 
  2.94897e-01  -5.89008e-05 1.84345e-04 
  2.96148e-01  2.32855e-04  1.83980e-04 
  2.97398e-01  3.13283e-04  1.83617e-04 
  2.98649e-01  2.13943e-05  1.83255e-04 
  2.99900e-01  8.80809e-06  1.82894e-04 
  3.01150e-01  1.52088e-04  1.82534e-04 
  3.02401e-01  -1.09286e-04 1.82174e-04 
  3.03652e-01  1.20673e-04  1.81815e-04 
  3.04902e-01  6.94477e-05  1.81455e-04 
  3.06153e-01  -4.19210e-07 1.81095e-04 
  3.07404e-01  1.55004e-04  1.80735e-04 
  3.08654e-01  1.46139e-04  1.80375e-04 
  3.09905e-01  1.98042e-04  1.80013e-04 
  3.11155e-01  4.13236e-04  1.79652e-04 
  3.12406e-01  3.71337e-04  1.79290e-04 
  3.13657e-01  3.63812e-04  1.78927e-04 
  3.14907e-01  2.95599e-04  1.78564e-04 
  3.16158e-01  2.17753e-04  1.78201e-04 
  3.17409e-01  2.51485e-04  1.77838e-04 
  3.18659e-01  -1.31302e-04 1.77474e-04 
  3.19910e-01  2.05520e-04  1.77112e-04 
  3.21160e-01  2.91211e-04  1.76750e-04 
  3.22411e-01  1.06810e-04  1.76388e-04 
  3.23662e-01  -1.56866e-05 1.76028e-04 
  3.24912e-01  -2.77156e-04 1.75669e-04 
  3.26163e-01  1.70684e-04  1.75312e-04 
  3.27414e-01  1.38782e-04  1.74956e-04 
  3.28664e-01  1.17452e-04  1.74603e-04 
  3.29915e-01  1.01968e-04  1.74252e-04 
  3.31165e-01  3.74134e-04  1.73903e-04 
  3.32416e-01  -5.31060e-05 1.73557e-04 
  3.33667e-01  1.47386e-05  1.73214e-04 
  3.34917e-01  -1.75298e-04 1.72874e-04 
  3.36168e-01  5.98968e-05  1.72537e-04 
  3.37419e-01  -1.75308e-05 1.72203e-04 
  3.38669e-01  1.22477e-04  1.71873e-04 
  3.39920e-01  -3.36497e-05 1.71546e-04 
  3.41170e-01  3.11956e-04  1.71223e-04 
  3.42421e-01  -1.36902e-04 1.70903e-04 
  3.43672e-01  -2.96108e-04 1.70586e-04 
  3.44922e-01  3.26675e-04  1.70273e-04 
  3.46173e-01  -8.90214e-05 1.69964e-04 
  3.47424e-01  -1.54495e-04 1.69657e-04 
  3.48674e-01  -2.81264e-04 1.69353e-04 
  3.49925e-01  -1.75437e-04 1.69053e-04 
  3.51175e-01  4.23471e-04  1.68755e-04 
  3.52426e-01  1.18608e-04  1.68461e-04 
  3.53677e-01  8.70779e-05  1.68168e-04 
  3.54927e-01  -1.75503e-04 1.67878e-04 
  3.56178e-01  1.65589e-04  1.67590e-04 
  3.57429e-01  2.01872e-04  1.67304e-04 
  3.58679e-01  3.82179e-04  1.67020e-04 
  3.59930e-01  1.97106e-04  1.66738e-04 
  3.61180e-01  5.98767e-05  1.66457e-04 
  3.62431e-01  -1.68822e-04 1.66178e-04 
  3.63682e-01  -9.12395e-05 1.65899e-04 
  3.64932e-01  4.94290e-05  1.65622e-04 
  3.66183e-01  1.42589e-04  1.65345e-04 
  3.67434e-01  1.10741e-04  1.65069e-04 
  3.68684e-01  -1.33522e-04 1.64794e-04 
  3.69935e-01  4.53178e-05  1.64520e-04 
  3.71185e-01  2.08074e-04  1.64246e-04 
  3.72436e-01  -6.46293e-05 1.63972e-04 
  3.73687e-01  -7.00753e-05 1.63699e-04 
  3.74937e-01  1.28258e-04  1.63426e-04 
  3.76188e-01  2.82012e-04  1.63153e-04 
  3.77439e-01  1.46025e-04  1.62881e-04 
  3.78689e-01  -4.68873e-05 1.62609e-04 
  3.79940e-01  -1.16563e-04 1.62338e-04 
  3.81190e-01  1.40718e-04  1.62067e-04 
  3.82441e-01  1.77131e-04  1.61797e-04 
  3.83692e-01  -1.00569e-04 1.61527e-04 
  3.84942e-01  1.57260e-06  1.61258e-04 
  3.86193e-01  3.02344e-04  1.60990e-04 
  3.87444e-01  1.10758e-04  1.60723e-04 
  3.88694e-01  -1.97877e-04 1.60457e-04 
  3.89945e-01  7.35842e-05  1.60191e-04 
  3.91195e-01  5.34998e-05  1.59927e-04 
  3.92446e-01  -3.07364e-04 1.59664e-04 
  3.93697e-01  -8.05961e-05 1.59403e-04 
  3.94947e-01  -5.00004e-05 1.59143e-04 
  3.96198e-01  2.74193e-05  1.58884e-04 
  3.97449e-01  -1.28006e-04 1.58627e-04 
  3.98699e-01  -6.97530e-07 1.58372e-04 
  3.99950e-01  1.60932e-04  1.58118e-04 
  4.01201e-01  -9.40463e-05 1.57866e-04 
  4.02451e-01  -1.81056e-04 1.57616e-04 
  4.03702e-01  -2.58393e-04 1.57368e-04 
  4.04952e-01  1.56459e-04  1.57121e-04 
  4.06203e-01  1.23752e-04  1.56877e-04 
  4.07454e-01  -2.36887e-04 1.56634e-04 
  4.08704e-01  -1.62763e-04 1.56393e-04 
  4.09955e-01  1.21738e-04  1.56154e-04 
  4.11206e-01  1.19999e-04  1.55916e-04 
  4.12456e-01  1.16683e-04  1.55680e-04 
  4.13707e-01  -1.23396e-04 1.55446e-04 
  4.14957e-01  1.79866e-04  1.55213e-04 
  4.16208e-01  3.08434e-05  1.54982e-04 
  4.17459e-01  -2.46937e-04 1.54752e-04 
  4.18709e-01  -6.95742e-05 1.54524e-04 
  4.19960e-01  -4.39141e-05 1.54297e-04 
  4.21211e-01  6.96607e-05  1.54071e-04 
  4.22461e-01  2.90171e-05  1.53847e-04 
  4.23712e-01  2.81316e-05  1.53623e-04 
  4.24962e-01  -2.56016e-05 1.53401e-04 
  4.26213e-01  -1.20464e-05 1.53179e-04 
  4.27464e-01  -3.93584e-05 1.52958e-04 
  4.28714e-01  3.47068e-05  1.52738e-04 
  4.29965e-01  -6.48350e-05 1.52519e-04 
  4.31216e-01  -2.64135e-04 1.52301e-04 
  4.32466e-01  -1.04879e-04 1.52083e-04 
  4.33717e-01  -1.31534e-04 1.51866e-04 
  4.34967e-01  4.10305e-04  1.51649e-04 
  4.36218e-01  -2.31964e-04 1.51433e-04 
  4.37469e-01  2.87535e-05  1.51218e-04 
  4.38719e-01  8.83867e-05  1.51003e-04 
  4.39970e-01  -6.19531e-05 1.50788e-04 
  4.41221e-01  2.69105e-04  1.50575e-04 
  4.42471e-01  4.71382e-05  1.50361e-04 
  4.43722e-01  3.03487e-04  1.50149e-04 
  4.44972e-01  -2.21038e-04 1.49937e-04 
  4.46223e-01  9.52549e-05  1.49725e-04 
  4.47474e-01  9.44439e-05  1.49515e-04 
  4.48724e-01  1.30166e-04  1.49305e-04 
  4.49975e-01  -6.29435e-05 1.49095e-04 
  4.51226e-01  -1.02921e-04 1.48887e-04 
  4.52476e-01  9.52152e-05  1.48679e-04 
  4.53727e-01  -1.24201e-04 1.48472e-04 
  4.54977e-01  9.91572e-05  1.48266e-04 
  4.56228e-01  6.09869e-05  1.48061e-04 
  4.57479e-01  1.12588e-04  1.47856e-04 
  4.58729e-01  6.24886e-05  1.47653e-04 
  4.59980e-01  -1.07301e-04 1.47451e-04 
  4.61231e-01  4.07145e-05  1.47249e-04 
  4.62481e-01  1.40995e-05  1.47049e-04 
  4.63732e-01  -1.07323e-04 1.46850e-04 
  4.64982e-01  1.83280e-04  1.46652e-04 
  4.66233e-01  3.07557e-05  1.46455e-04 
  4.67484e-01  1.75470e-05  1.46259e-04 
  4.68734e-01  -1.73559e-05 1.46064e-04 
  4.69985e-01  -1.67905e-04 1.45870e-04 
  4.71236e-01  -4.03492e-06 1.45677e-04 
  4.72486e-01  -3.48380e-05 1.45486e-04 
  4.73737e-01  8.97787e-05  1.45295e-04 
  4.74987e-01  -9.02787e-05 1.45105e-04 
  4.76238e-01  4.95960e-05  1.44916e-04 
  4.77489e-01  -8.24152e-05 1.44728e-04 
  4.78739e-01  -9.66633e-06 1.44541e-04 
  4.79990e-01  -4.67003e-05 1.44355e-04 
  4.81241e-01  1.06850e-04  1.44170e-04 
  4.82491e-01  -4.28276e-05 1.43985e-04 
  4.83742e-01  1.22233e-04  1.43801e-04 
  4.84992e-01  6.99285e-05  1.43618e-04 
  4.86243e-01  2.88947e-04  1.43436e-04 
  4.87494e-01  -4.56281e-06 1.43254e-04 
  4.88744e-01  8.18660e-06  1.43073e-04 
  4.89995e-01  -8.14055e-05 1.42892e-04 
  4.91246e-01  2.54175e-06  1.42711e-04 
  4.92496e-01  1.31936e-04  1.42532e-04 
  4.93747e-01  -2.85199e-04 1.42352e-04 
  4.94997e-01  3.19424e-04  1.42174e-04 
  4.96248e-01  1.36907e-04  1.41995e-04 
  4.97499e-01  -1.14626e-04 1.41817e-04 
  4.98749e-01  2.45499e-04  1.41640e-04 
  5.00000e-01  6.40498e-05  1.41462e-04 
