# Simulated data
# sigma generated using Sedlak et al, k=100000, c=0.55, https://doi.org/10.1107/S1600576717003077, and rebinned with 10 per bin)
# q            I            sigma       
  1.00000e-03  -4.15664e-03 3.08995e-03 
  2.25063e-03  -1.00188e-03 2.06501e-03 
  3.50125e-03  -2.68525e-03 1.66340e-03 
  4.75188e-03  4.99806e-04  1.43779e-03 
  6.00251e-03  6.91023e-04  1.29140e-03 
  7.25313e-03  3.35854e-03  1.18920e-03 
  8.50376e-03  3.15783e-03  1.11509e-03 
  9.75439e-03  4.27078e-03  1.06052e-03 
  1.10050e-02  8.33029e-03  1.02050e-03 
  1.22556e-02  8.98231e-03  9.91902e-04 
  1.35063e-02  1.31227e-02  9.72612e-04 
  1.47569e-02  1.73364e-02  9.61135e-04 
  1.60075e-02  2.36200e-02  9.56348e-04 
  1.72581e-02  2.85124e-02  9.57358e-04 
  1.85088e-02  3.50451e-02  9.63431e-04 
  1.97594e-02  4.24705e-02  9.73932e-04 
  2.10100e-02  5.22094e-02  9.88304e-04 
  2.22607e-02  6.28287e-02  1.00604e-03 
  2.35113e-02  7.33896e-02  1.02670e-03 
  2.47619e-02  8.75681e-02  1.04984e-03 
  2.60125e-02  1.00483e-01  1.07510e-03 
  2.72632e-02  1.15531e-01  1.10213e-03 
  2.85138e-02  1.30842e-01  1.13059e-03 
  2.97644e-02  1.51482e-01  1.16020e-03 
  3.10150e-02  1.70679e-01  1.19067e-03 
  3.22657e-02  1.90462e-01  1.22177e-03 
  3.35163e-02  2.11394e-01  1.25325e-03 
  3.47669e-02  2.35410e-01  1.28490e-03 
  3.60175e-02  2.60873e-01  1.31652e-03 
  3.72682e-02  2.86302e-01  1.34794e-03 
  3.85188e-02  3.17853e-01  1.37897e-03 
  3.97694e-02  3.45130e-01  1.40947e-03 
  4.10201e-02  3.75237e-01  1.43929e-03 
  4.22707e-02  4.05402e-01  1.46829e-03 
  4.35213e-02  4.37098e-01  1.49634e-03 
  4.47719e-02  4.68328e-01  1.52333e-03 
  4.60226e-02  5.00088e-01  1.54915e-03 
  4.72732e-02  5.33903e-01  1.57371e-03 
  4.85238e-02  5.71671e-01  1.59689e-03 
  4.97744e-02  5.99612e-01  1.61864e-03 
  5.10251e-02  6.34560e-01  1.63885e-03 
  5.22757e-02  6.66504e-01  1.65747e-03 
  5.35263e-02  7.00564e-01  1.67442e-03 
  5.47769e-02  7.31880e-01  1.68965e-03 
  5.60276e-02  7.64706e-01  1.70311e-03 
  5.72782e-02  7.93574e-01  1.71475e-03 
  5.85288e-02  8.21950e-01  1.72453e-03 
  5.97794e-02  8.47504e-01  1.73242e-03 
  6.10301e-02  8.70161e-01  1.73838e-03 
  6.22807e-02  8.93648e-01  1.74240e-03 
  6.35313e-02  9.18311e-01  1.74446e-03 
  6.47820e-02  9.34419e-01  1.74454e-03 
  6.60326e-02  9.51973e-01  1.74264e-03 
  6.72832e-02  9.67484e-01  1.73875e-03 
  6.85338e-02  9.77732e-01  1.73289e-03 
  6.97845e-02  9.86046e-01  1.72505e-03 
  7.10351e-02  9.96331e-01  1.71526e-03 
  7.22857e-02  9.97012e-01  1.70353e-03 
  7.35363e-02  9.99836e-01  1.68989e-03 
  7.47870e-02  9.98411e-01  1.67436e-03 
  7.60376e-02  9.92423e-01  1.65697e-03 
  7.72882e-02  9.87714e-01  1.63777e-03 
  7.85388e-02  9.77760e-01  1.61679e-03 
  7.97895e-02  9.64078e-01  1.59408e-03 
  8.10401e-02  9.48216e-01  1.56969e-03 
  8.22907e-02  9.28089e-01  1.54367e-03 
  8.35414e-02  9.12799e-01  1.51607e-03 
  8.47920e-02  8.85293e-01  1.48697e-03 
  8.60426e-02  8.64793e-01  1.45641e-03 
  8.72932e-02  8.33509e-01  1.42448e-03 
  8.85439e-02  8.05181e-01  1.39123e-03 
  8.97945e-02  7.76754e-01  1.35675e-03 
  9.10451e-02  7.44034e-01  1.32111e-03 
  9.22957e-02  7.09800e-01  1.28438e-03 
  9.35464e-02  6.77374e-01  1.24666e-03 
  9.47970e-02  6.42906e-01  1.20802e-03 
  9.60476e-02  6.04938e-01  1.16856e-03 
  9.72982e-02  5.69704e-01  1.12836e-03 
  9.85489e-02  5.30898e-01  1.08752e-03 
  9.97995e-02  4.98773e-01  1.04613e-03 
  1.01050e-01  4.59250e-01  1.00430e-03 
  1.02301e-01  4.23628e-01  9.62118e-04 
  1.03551e-01  3.89189e-01  9.19697e-04 
  1.04802e-01  3.52584e-01  8.77146e-04 
  1.06053e-01  3.19178e-01  8.34579e-04 
  1.07303e-01  2.86714e-01  7.92116e-04 
  1.08554e-01  2.55211e-01  7.49882e-04 
  1.09805e-01  2.25605e-01  7.08013e-04 
  1.11055e-01  1.96573e-01  6.66653e-04 
  1.12306e-01  1.70218e-01  6.25958e-04 
  1.13556e-01  1.46124e-01  5.86101e-04 
  1.14807e-01  1.21707e-01  5.47275e-04 
  1.16058e-01  1.01053e-01  5.09696e-04 
  1.17308e-01  8.15543e-02  4.73613e-04 
  1.18559e-01  6.45010e-02  4.39311e-04 
  1.19810e-01  4.82557e-02  4.07119e-04 
  1.21060e-01  3.67773e-02  3.77418e-04 
  1.22311e-01  2.48646e-02  3.50635e-04 
  1.23561e-01  1.61823e-02  3.27240e-04 
  1.24812e-01  8.51891e-03  3.07711e-04 
  1.26063e-01  3.62443e-03  2.92487e-04 
  1.27313e-01  5.01103e-04  2.81894e-04 
  1.28564e-01  -1.33217e-03 2.76064e-04 
  1.29815e-01  -6.96684e-04 2.74878e-04 
  1.31065e-01  5.96587e-04  2.77970e-04 
  1.32316e-01  3.83524e-03  2.84774e-04 
  1.33566e-01  7.87572e-03  2.94617e-04 
  1.34817e-01  1.30061e-02  3.06806e-04 
  1.36068e-01  1.99835e-02  3.20692e-04 
  1.37318e-01  2.77865e-02  3.35705e-04 
  1.38569e-01  3.51938e-02  3.51365e-04 
  1.39820e-01  4.38631e-02  3.67276e-04 
  1.41070e-01  5.39529e-02  3.83118e-04 
  1.42321e-01  6.38351e-02  3.98635e-04 
  1.43571e-01  7.26273e-02  4.13622e-04 
  1.44822e-01  8.26480e-02  4.27916e-04 
  1.46073e-01  9.28148e-02  4.41386e-04 
  1.47323e-01  1.00911e-01  4.53932e-04 
  1.48574e-01  1.10775e-01  4.65471e-04 
  1.49825e-01  1.20336e-01  4.75942e-04 
  1.51075e-01  1.29345e-01  4.85299e-04 
  1.52326e-01  1.35910e-01  4.93506e-04 
  1.53576e-01  1.43347e-01  5.00541e-04 
  1.54827e-01  1.49370e-01  5.06389e-04 
  1.56078e-01  1.53624e-01  5.11044e-04 
  1.57328e-01  1.57735e-01  5.14508e-04 
  1.58579e-01  1.61177e-01  5.16788e-04 
  1.59830e-01  1.64353e-01  5.17898e-04 
  1.61080e-01  1.65784e-01  5.17856e-04 
  1.62331e-01  1.65657e-01  5.16687e-04 
  1.63581e-01  1.66865e-01  5.14417e-04 
  1.64832e-01  1.64820e-01  5.11080e-04 
  1.66083e-01  1.62406e-01  5.06712e-04 
  1.67333e-01  1.59780e-01  5.01352e-04 
  1.68584e-01  1.56818e-01  4.95045e-04 
  1.69835e-01  1.52381e-01  4.87836e-04 
  1.71085e-01  1.46017e-01  4.79777e-04 
  1.72336e-01  1.40900e-01  4.70920e-04 
  1.73586e-01  1.34927e-01  4.61323e-04 
  1.74837e-01  1.27814e-01  4.51044e-04 
  1.76088e-01  1.19284e-01  4.40148e-04 
  1.77338e-01  1.13588e-01  4.28699e-04 
  1.78589e-01  1.05274e-01  4.16768e-04 
  1.79840e-01  9.69125e-02  4.04429e-04 
  1.81090e-01  8.88533e-02  3.91756e-04 
  1.82341e-01  8.11508e-02  3.78833e-04 
  1.83591e-01  7.25121e-02  3.65742e-04 
  1.84842e-01  6.47323e-02  3.52576e-04 
  1.86093e-01  5.70878e-02  3.39427e-04 
  1.87343e-01  4.95888e-02  3.26396e-04 
  1.88594e-01  4.27027e-02  3.13588e-04 
  1.89845e-01  3.61727e-02  3.01113e-04 
  1.91095e-01  2.99938e-02  2.89088e-04 
  1.92346e-01  2.44305e-02  2.77633e-04 
  1.93596e-01  1.95684e-02  2.66871e-04 
  1.94847e-01  1.42447e-02  2.56926e-04 
  1.96098e-01  1.01701e-02  2.47920e-04 
  1.97348e-01  6.94584e-03  2.39966e-04 
  1.98599e-01  4.16505e-03  2.33165e-04 
  1.99850e-01  1.81131e-03  2.27600e-04 
  2.01100e-01  2.34240e-04  2.23326e-04 
  2.02351e-01  -7.98215e-04 2.20368e-04 
  2.03602e-01  -1.23012e-03 2.18715e-04 
  2.04852e-01  -1.23425e-03 2.18323e-04 
  2.06103e-01  -6.65754e-04 2.19113e-04 
  2.07353e-01  6.93240e-04  2.20980e-04 
  2.08604e-01  2.51307e-03  2.23799e-04 
  2.09855e-01  4.17523e-03  2.27430e-04 
  2.11105e-01  6.34059e-03  2.31732e-04 
  2.12356e-01  9.53750e-03  2.36561e-04 
  2.13607e-01  1.22149e-02  2.41781e-04 
  2.14857e-01  1.51456e-02  2.47262e-04 
  2.16108e-01  1.93128e-02  2.52890e-04 
  2.17358e-01  2.29753e-02  2.58556e-04 
  2.18609e-01  2.58199e-02  2.64168e-04 
  2.19860e-01  3.02594e-02  2.69642e-04 
  2.21110e-01  3.36130e-02  2.74906e-04 
  2.22361e-01  3.75394e-02  2.79899e-04 
  2.23612e-01  4.09166e-02  2.84567e-04 
  2.24862e-01  4.40066e-02  2.88866e-04 
  2.26113e-01  4.68347e-02  2.92757e-04 
  2.27363e-01  4.95367e-02  2.96211e-04 
  2.28614e-01  5.20813e-02  2.99203e-04 
  2.29865e-01  5.43446e-02  3.01715e-04 
  2.31115e-01  5.61331e-02  3.03732e-04 
  2.32366e-01  5.83047e-02  3.05247e-04 
  2.33617e-01  5.89095e-02  3.06255e-04 
  2.34867e-01  6.08377e-02  3.06755e-04 
  2.36118e-01  6.16007e-02  3.06750e-04 
  2.37368e-01  6.09573e-02  3.06248e-04 
  2.38619e-01  6.11882e-02  3.05259e-04 
  2.39870e-01  6.04962e-02  3.03795e-04 
  2.41120e-01  5.96216e-02  3.01873e-04 
  2.42371e-01  5.88630e-02  2.99511e-04 
  2.43622e-01  5.72135e-02  2.96732e-04 
  2.44872e-01  5.57947e-02  2.93559e-04 
  2.46123e-01  5.35032e-02  2.90018e-04 
  2.47373e-01  5.14957e-02  2.86139e-04 
  2.48624e-01  4.85174e-02  2.81952e-04 
  2.49875e-01  4.59615e-02  2.77490e-04 
  2.51125e-01  4.32935e-02  2.72787e-04 
  2.52376e-01  4.08090e-02  2.67882e-04 
  2.53627e-01  3.79256e-02  2.62812e-04 
  2.54877e-01  3.45357e-02  2.57618e-04 
  2.56128e-01  3.16069e-02  2.52342e-04 
  2.57378e-01  2.86396e-02  2.47027e-04 
  2.58629e-01  2.54934e-02  2.41717e-04 
  2.59880e-01  2.25738e-02  2.36457e-04 
  2.61130e-01  1.98057e-02  2.31292e-04 
  2.62381e-01  1.72626e-02  2.26268e-04 
  2.63632e-01  1.44106e-02  2.21430e-04 
  2.64882e-01  1.26071e-02  2.16822e-04 
  2.66133e-01  9.80666e-03  2.12484e-04 
  2.67383e-01  8.22686e-03  2.08456e-04 
  2.68634e-01  6.18265e-03  2.04773e-04 
  2.69885e-01  4.83543e-03  2.01466e-04 
  2.71135e-01  3.64236e-03  1.98559e-04 
  2.72386e-01  2.46722e-03  1.96071e-04 
  2.73637e-01  1.39039e-03  1.94015e-04 
  2.74887e-01  4.60529e-04  1.92394e-04 
  2.76138e-01  2.10229e-04  1.91206e-04 
  2.77388e-01  2.93015e-04  1.90440e-04 
  2.78639e-01  1.85070e-04  1.90077e-04 
  2.79890e-01  7.50315e-04  1.90095e-04 
  2.81140e-01  1.02609e-03  1.90462e-04 
  2.82391e-01  1.70841e-03  1.91146e-04 
  2.83642e-01  2.19136e-03  1.92108e-04 
  2.84892e-01  3.24164e-03  1.93308e-04 
  2.86143e-01  4.07109e-03  1.94705e-04 
  2.87393e-01  5.58587e-03  1.96259e-04 
  2.88644e-01  6.21159e-03  1.97928e-04 
  2.89895e-01  7.68041e-03  1.99672e-04 
  2.91145e-01  9.27896e-03  2.01455e-04 
  2.92396e-01  1.05185e-02  2.03241e-04 
  2.93647e-01  1.19825e-02  2.04997e-04 
  2.94897e-01  1.30602e-02  2.06694e-04 
  2.96148e-01  1.43115e-02  2.08304e-04 
  2.97398e-01  1.52646e-02  2.09803e-04 
  2.98649e-01  1.65084e-02  2.11169e-04 
  2.99900e-01  1.81254e-02  2.12386e-04 
  3.01150e-01  1.87619e-02  2.13436e-04 
  3.02401e-01  1.95817e-02  2.14308e-04 
  3.03652e-01  2.00952e-02  2.14991e-04 
  3.04902e-01  2.07244e-02  2.15477e-04 
  3.06153e-01  2.14467e-02  2.15761e-04 
  3.07404e-01  2.13266e-02  2.15841e-04 
  3.08654e-01  2.19051e-02  2.15716e-04 
  3.09905e-01  2.15141e-02  2.15386e-04 
  3.11155e-01  2.19017e-02  2.14856e-04 
  3.12406e-01  2.18554e-02  2.14130e-04 
  3.13657e-01  2.13977e-02  2.13215e-04 
  3.14907e-01  2.06918e-02  2.12121e-04 
  3.16158e-01  2.05060e-02  2.10856e-04 
  3.17409e-01  1.93793e-02  2.09433e-04 
  3.18659e-01  1.87790e-02  2.07864e-04 
  3.19910e-01  1.79923e-02  2.06163e-04 
  3.21160e-01  1.72279e-02  2.04346e-04 
  3.22411e-01  1.57127e-02  2.02429e-04 
  3.23662e-01  1.46994e-02  2.00427e-04 
  3.24912e-01  1.38350e-02  1.98360e-04 
  3.26163e-01  1.30151e-02  1.96246e-04 
  3.27414e-01  1.16520e-02  1.94101e-04 
  3.28664e-01  1.02311e-02  1.91947e-04 
  3.29915e-01  9.63192e-03  1.89800e-04 
  3.31165e-01  8.80865e-03  1.87680e-04 
  3.32416e-01  7.21057e-03  1.85604e-04 
  3.33667e-01  6.21370e-03  1.83591e-04 
  3.34917e-01  4.95667e-03  1.81656e-04 
  3.36168e-01  4.31302e-03  1.79816e-04 
  3.37419e-01  3.45270e-03  1.78084e-04 
  3.38669e-01  2.99206e-03  1.76473e-04 
  3.39920e-01  2.05316e-03  1.74994e-04 
  3.41170e-01  1.20021e-03  1.73656e-04 
  3.42421e-01  7.12011e-04  1.72466e-04 
  3.43672e-01  4.55075e-04  1.71428e-04 
  3.44922e-01  2.19569e-04  1.70546e-04 
  3.46173e-01  -3.22472e-04 1.69819e-04 
  3.47424e-01  -1.14772e-04 1.69246e-04 
  3.48674e-01  -9.83669e-05 1.68822e-04 
  3.49925e-01  -1.72415e-04 1.68541e-04 
  3.51175e-01  1.66039e-06  1.68396e-04 
  3.52426e-01  5.55819e-04  1.68378e-04 
  3.53677e-01  1.96263e-04  1.68474e-04 
  3.54927e-01  3.19502e-04  1.68674e-04 
  3.56178e-01  8.20608e-04  1.68964e-04 
  3.57429e-01  1.30701e-03  1.69331e-04 
  3.58679e-01  1.59283e-03  1.69761e-04 
  3.59930e-01  1.97259e-03  1.70240e-04 
  3.61180e-01  2.50240e-03  1.70754e-04 
  3.62431e-01  3.03975e-03  1.71289e-04 
  3.63682e-01  3.51533e-03  1.71834e-04 
  3.64932e-01  4.39557e-03  1.72373e-04 
  3.66183e-01  4.49875e-03  1.72897e-04 
  3.67434e-01  5.58840e-03  1.73394e-04 
  3.68684e-01  5.37566e-03  1.73854e-04 
  3.69935e-01  6.16455e-03  1.74267e-04 
  3.71185e-01  6.50535e-03  1.74627e-04 
  3.72436e-01  7.52793e-03  1.74925e-04 
  3.73687e-01  7.84445e-03  1.75155e-04 
  3.74937e-01  7.79851e-03  1.75313e-04 
  3.76188e-01  7.89734e-03  1.75396e-04 
  3.77439e-01  8.40789e-03  1.75399e-04 
  3.78689e-01  8.35276e-03  1.75322e-04 
  3.79940e-01  8.00486e-03  1.75163e-04 
  3.81190e-01  8.43556e-03  1.74923e-04 
  3.82441e-01  8.45592e-03  1.74602e-04 
  3.83692e-01  8.27266e-03  1.74203e-04 
  3.84942e-01  8.34162e-03  1.73728e-04 
  3.86193e-01  8.08219e-03  1.73182e-04 
  3.87444e-01  7.53805e-03  1.72567e-04 
  3.88694e-01  7.21392e-03  1.71889e-04 
  3.89945e-01  7.21660e-03  1.71153e-04 
  3.91195e-01  6.50022e-03  1.70366e-04 
  3.92446e-01  6.17757e-03  1.69533e-04 
  3.93697e-01  5.87668e-03  1.68661e-04 
  3.94947e-01  5.52353e-03  1.67757e-04 
  3.96198e-01  4.97178e-03  1.66828e-04 
  3.97449e-01  4.40075e-03  1.65882e-04 
  3.98699e-01  4.04007e-03  1.64926e-04 
  3.99950e-01  4.05518e-03  1.63968e-04 
  4.01201e-01  3.40136e-03  1.63014e-04 
  4.02451e-01  2.95803e-03  1.62071e-04 
  4.03702e-01  2.45340e-03  1.61147e-04 
  4.04952e-01  1.91512e-03  1.60248e-04 
  4.06203e-01  1.64760e-03  1.59379e-04 
  4.07454e-01  1.44486e-03  1.58547e-04 
  4.08704e-01  1.04402e-03  1.57755e-04 
  4.09955e-01  3.91822e-04  1.57010e-04 
  4.11206e-01  2.62135e-04  1.56313e-04 
  4.12456e-01  -8.46407e-05 1.55668e-04 
  4.13707e-01  -2.65307e-04 1.55077e-04 
  4.14957e-01  -5.67638e-04 1.54543e-04 
  4.16208e-01  -5.66823e-04 1.54065e-04 
  4.17459e-01  -6.10182e-04 1.53644e-04 
  4.18709e-01  -7.36762e-04 1.53279e-04 
  4.19960e-01  -8.69835e-04 1.52969e-04 
  4.21211e-01  -9.92838e-04 1.52712e-04 
  4.22461e-01  -1.07474e-03 1.52506e-04 
  4.23712e-01  -1.20944e-03 1.52348e-04 
  4.24962e-01  -7.95740e-04 1.52234e-04 
  4.26213e-01  -6.29987e-04 1.52160e-04 
  4.27464e-01  -5.03205e-04 1.52122e-04 
  4.28714e-01  -2.38356e-04 1.52117e-04 
  4.29965e-01  -7.25619e-05 1.52138e-04 
  4.31216e-01  -6.37753e-05 1.52183e-04 
  4.32466e-01  1.50428e-04  1.52245e-04 
  4.33717e-01  2.96182e-04  1.52321e-04 
  4.34967e-01  5.51536e-04  1.52406e-04 
  4.36218e-01  8.37306e-04  1.52495e-04 
  4.37469e-01  1.13400e-03  1.52584e-04 
  4.38719e-01  1.38455e-03  1.52669e-04 
  4.39970e-01  1.15703e-03  1.52747e-04 
  4.41221e-01  1.58848e-03  1.52813e-04 
  4.42471e-01  1.85577e-03  1.52865e-04 
  4.43722e-01  1.76593e-03  1.52900e-04 
  4.44972e-01  1.89565e-03  1.52915e-04 
  4.46223e-01  2.07808e-03  1.52908e-04 
  4.47474e-01  2.38920e-03  1.52878e-04 
  4.48724e-01  2.58197e-03  1.52823e-04 
  4.49975e-01  2.31670e-03  1.52743e-04 
  4.51226e-01  2.51033e-03  1.52635e-04 
  4.52476e-01  2.52284e-03  1.52502e-04 
  4.53727e-01  2.69518e-03  1.52341e-04 
  4.54977e-01  2.60378e-03  1.52155e-04 
  4.56228e-01  2.75968e-03  1.51942e-04 
  4.57479e-01  2.73439e-03  1.51706e-04 
  4.58729e-01  2.68885e-03  1.51445e-04 
  4.59980e-01  2.45206e-03  1.51163e-04 
  4.61231e-01  2.45115e-03  1.50860e-04 
  4.62481e-01  2.32821e-03  1.50538e-04 
  4.63732e-01  2.42955e-03  1.50200e-04 
  4.64982e-01  2.06565e-03  1.49848e-04 
  4.66233e-01  2.26808e-03  1.49482e-04 
  4.67484e-01  1.86706e-03  1.49107e-04 
  4.68734e-01  2.06507e-03  1.48723e-04 
  4.69985e-01  1.72369e-03  1.48334e-04 
  4.71236e-01  1.66379e-03  1.47942e-04 
  4.72486e-01  1.72119e-03  1.47548e-04 
  4.73737e-01  1.10026e-03  1.47154e-04 
  4.74987e-01  9.21741e-04  1.46764e-04 
  4.76238e-01  8.52189e-04  1.46378e-04 
  4.77489e-01  9.21113e-04  1.45999e-04 
  4.78739e-01  7.17051e-04  1.45628e-04 
  4.79990e-01  4.70573e-04  1.45267e-04 
  4.81241e-01  4.56459e-04  1.44917e-04 
  4.82491e-01  2.87151e-04  1.44579e-04 
  4.83742e-01  4.92064e-04  1.44253e-04 
  4.84992e-01  3.71821e-04  1.43942e-04 
  4.86243e-01  2.64405e-05  1.43645e-04 
  4.87494e-01  9.70445e-05  1.43362e-04 
  4.88744e-01  -1.24370e-04 1.43094e-04 
  4.89995e-01  -5.92312e-05 1.42842e-04 
  4.91246e-01  -7.92992e-05 1.42603e-04 
  4.92496e-01  -3.08696e-06 1.42380e-04 
  4.93747e-01  -1.22251e-04 1.42170e-04 
  4.94997e-01  7.87094e-05  1.41973e-04 
  4.96248e-01  -2.53684e-04 1.41789e-04 
  4.97499e-01  -1.40281e-04 1.41617e-04 
  4.98749e-01  -7.54457e-05 1.41455e-04 
  5.00000e-01  2.58414e-04  1.41303e-04 
