Sample description: 
Parent(s): 1-Xy-X8a_SS_B5pt57-Gt.dat 2-Xy-X6_SS-Gt.dat 3-Xy-X3_SS-Gt.dat 4-Xy-X4-SS-B14pt0-Gt.dat     
 1.000000e-002  1.088019e+000  1.676716e-003
 1.500000e-002  1.074257e+000  1.051121e-003
 2.000000e-002  1.059886e+000  9.002066e-004
 2.500000e-002  1.038370e+000  8.431051e-004
 3.000000e-002  1.014499e+000  7.186387e-004
 3.500000e-002  9.855013e-001  6.710887e-004
 4.000000e-002  9.560749e-001  6.599183e-004
 4.500000e-002  9.210846e-001  6.654617e-004
 5.000000e-002  8.845002e-001  6.312713e-004
 5.500000e-002  8.453303e-001  6.018670e-004
 6.000000e-002  8.044355e-001  5.735501e-004
 6.500000e-002  7.624505e-001  5.520395e-004
 7.000000e-002  7.172945e-001  5.319435e-004
 7.500000e-002  6.739529e-001  5.136053e-004
 8.000000e-002  6.288907e-001  5.285361e-004
 8.500000e-002  5.842954e-001  5.299988e-004
 9.000000e-002  5.407051e-001  4.909166e-004
 9.500000e-002  4.965009e-001  4.975951e-004
 1.000000e-001  4.535125e-001  4.651428e-004
 1.050000e-001  4.127312e-001  4.452323e-004
 1.100000e-001  3.722014e-001  4.312612e-004
 1.150000e-001  3.352865e-001  4.190154e-004
 1.200000e-001  2.989026e-001  4.060861e-004
 1.250000e-001  2.645166e-001  3.927285e-004
 1.300000e-001  2.335888e-001  3.841514e-004
 1.350000e-001  2.033197e-001  3.751614e-004
 1.400000e-001  1.769111e-001  3.937356e-004
 1.450000e-001  1.517380e-001  3.837740e-004
 1.500000e-001  1.296964e-001  3.632976e-004
 1.550000e-001  1.090723e-001  3.530865e-004
 1.600000e-001  9.038572e-002  2.787901e-004
 1.650000e-001  7.523106e-002  2.890640e-004
 1.700000e-001  6.142871e-002  1.955118e-004
 1.750000e-001  5.027642e-002  1.903936e-004
 1.800000e-001  4.038017e-002  1.861179e-004
 1.850000e-001  3.232561e-002  1.372626e-004
 1.900000e-001  2.563527e-002  1.309456e-004
 1.950000e-001  2.024696e-002  1.299810e-004
 2.000000e-001  1.591775e-002  1.409753e-004
 2.050000e-001  1.293194e-002  1.363128e-004
 2.100000e-001  1.059676e-002  1.326769e-004
 2.150000e-001  8.968233e-003  1.330205e-004
 2.200000e-001  8.298758e-003  1.282943e-004
 2.250000e-001  8.166625e-003  1.269897e-004
 2.300000e-001  8.179160e-003  1.260691e-004
 2.350000e-001  8.669938e-003  1.259733e-004
 2.400000e-001  9.376144e-003  1.241646e-004
 2.450000e-001  1.016370e-002  1.225040e-004
 2.500000e-001  1.096855e-002  1.213919e-004
 2.550000e-001  1.176884e-002  1.258543e-004
 2.600000e-001  1.241400e-002  1.317624e-004
 2.650000e-001  1.307298e-002  1.278978e-004
 2.700000e-001  1.374793e-002  1.262761e-004
 2.750000e-001  1.397249e-002  1.264250e-004
 2.800000e-001  1.431628e-002  1.262145e-004
 2.850000e-001  1.441996e-002  1.263741e-004
 2.900000e-001  1.432533e-002  1.229428e-004
 2.950000e-001  1.424645e-002  1.180280e-004
 3.000000e-001  1.395498e-002  1.176999e-004
 3.050000e-001  1.360104e-002  1.166682e-004
 3.100000e-001  1.297348e-002  1.157823e-004
 3.150000e-001  1.221389e-002  1.180721e-004
 3.200000e-001  1.177067e-002  1.205003e-004
 3.250000e-001  1.117879e-002  1.175357e-004
 3.300000e-001  1.050485e-002  1.158386e-004
 3.350000e-001  9.784772e-003  1.156904e-004
 3.400000e-001  9.116985e-003  1.154434e-004
 3.450000e-001  8.344248e-003  1.160487e-004
 3.500000e-001  7.613546e-003  1.148070e-004
 3.550000e-001  7.201080e-003  1.173110e-004
 3.600000e-001  6.682922e-003  1.206325e-004
 3.650000e-001  6.284791e-003  1.191892e-004
 3.700000e-001  5.941068e-003  1.185356e-004
 3.750000e-001  5.695038e-003  1.220932e-004
 3.800000e-001  5.369715e-003  1.239752e-004
 3.850000e-001  5.238233e-003  1.198508e-004
 3.900000e-001  4.918685e-003  1.198512e-004
 3.950000e-001  5.086434e-003  1.188590e-004
 4.000000e-001  4.978935e-003  1.196320e-004
 4.050000e-001  5.218509e-003  1.217618e-004
 4.100000e-001  5.073946e-003  1.240119e-004
 4.150000e-001  5.277343e-003  1.242239e-004
 4.200000e-001  5.607168e-003  1.254213e-004
 4.250000e-001  5.518393e-003  1.262861e-004
 4.300000e-001  5.655388e-003  1.295671e-004
 4.350000e-001  5.802846e-003  1.339695e-004
 4.400000e-001  5.989177e-003  1.347666e-004
 4.450000e-001  6.265764e-003  1.335235e-004
 4.500000e-001  6.384968e-003  1.331815e-004
 4.550000e-001  6.361894e-003  1.341222e-004
 4.600000e-001  6.528381e-003  1.345906e-004
 4.650000e-001  6.590068e-003  1.308297e-004
 4.700000e-001  6.554015e-003  1.437183e-004
 4.750000e-001  6.873149e-003  1.452496e-004
 4.800000e-001  6.957617e-003  1.477178e-004
 4.850000e-001  6.614894e-003  1.427843e-004
 4.900000e-001  6.714810e-003  1.436196e-004
 4.950000e-001  6.894698e-003  1.469484e-004
 5.000000e-001  6.997372e-003  1.468587e-004
 5.050000e-001  6.709614e-003  1.440792e-004
 5.100000e-001  6.510215e-003  1.439435e-004
 5.150000e-001  6.605151e-003  1.455146e-004
 5.200000e-001  6.732949e-003  1.438831e-004
 5.250000e-001  6.484963e-003  1.432447e-004
 5.300000e-001  6.646829e-003  1.434708e-004
 5.350000e-001  6.683267e-003  1.444956e-004
 5.400000e-001  6.212864e-003  1.438690e-004
 5.450000e-001  6.626845e-003  1.445142e-004
 5.500000e-001  6.429379e-003  1.467381e-004
 5.550000e-001  6.448555e-003  1.519553e-004
 5.600000e-001  6.428475e-003  1.492933e-004
 5.650000e-001  6.416216e-003  1.476703e-004
 5.700000e-001  6.255386e-003  1.499139e-004
 5.750000e-001  6.381508e-003  1.569808e-004
 5.800000e-001  6.234491e-003  1.629800e-004
 5.850000e-001  6.498198e-003  1.713553e-004
 5.900000e-001  6.400666e-003  1.700923e-004
 5.950000e-001  6.410817e-003  1.772156e-004
 6.000000e-001  5.908358e-003  1.879433e-004
 6.050000e-001  6.004792e-003  1.886611e-004
 6.100000e-001  5.927963e-003  2.005021e-004
 6.150000e-001  5.952579e-003  2.114663e-004
 6.200000e-001  6.137842e-003  2.001518e-004
 6.250000e-001  5.793999e-003  1.978157e-004
 6.300000e-001  5.994387e-003  1.966588e-004
 6.350000e-001  5.883646e-003  1.955028e-004
 6.400000e-001  5.780023e-003  1.934415e-004
 6.450000e-001  5.891290e-003  1.991494e-004
 6.500000e-001  6.059480e-003  1.932582e-004
 6.550000e-001  5.962575e-003  1.929303e-004
 6.600000e-001  5.843377e-003  1.934718e-004
 6.650000e-001  5.993097e-003  1.922667e-004
 6.700000e-001  5.510348e-003  2.091387e-004
 6.750000e-001  5.211647e-003  2.294480e-004
 6.800000e-001  5.522140e-003  2.472941e-004
 6.850000e-001  5.608972e-003  2.628677e-004
 6.900000e-001  5.270466e-003  2.835551e-004
 6.950000e-001  5.553626e-003  3.067053e-004
 7.000000e-001  4.850620e-003  3.392135e-004
 7.050000e-001  5.177180e-003  3.831371e-004
 7.100000e-001  4.799980e-003  4.378555e-004
 7.150000e-001  3.957276e-003  5.294113e-004
 7.200000e-001  4.665405e-003  6.252733e-004
 7.250000e-001  4.282790e-003  8.024149e-004
 7.300000e-001  5.990768e-003  1.544462e-003
template: qscale-005-1.txt
parent: 1-Xy-X8a_SS_B5pt57-Gt.dat
parent: 2-Xy-X6_SS-Gt.dat
parent: 3-Xy-X3_SS-Gt.dat
parent: 4-Xy-X4-SS-B14pt0-Gt.dat
parent: 
parent: 
parent: 
parent: 
parent: 
creator: datcombine
creator-version: 13696 (r13696)
