# Simulated data
# sigma generated using Sedlak et al, k=100000, c=0.55, https://doi.org/10.1107/S1600576717003077, and rebinned with 10 per bin)
# q            I            sigma       
  1.00000e-03  1.00036e+00  1.44914e-02 
  2.25063e-03  1.01469e+00  9.64569e-03 
  3.50125e-03  9.83012e-01  7.71378e-03 
  4.75188e-03  9.75724e-01  6.59717e-03 
  6.00251e-03  9.67918e-01  5.84185e-03 
  7.25313e-03  9.59716e-01  5.28314e-03 
  8.50376e-03  9.50133e-01  4.84504e-03 
  9.75439e-03  9.31316e-01  4.48699e-03 
  1.10050e-02  9.16178e-01  4.18517e-03 
  1.22556e-02  8.95561e-01  3.92454e-03 
  1.35063e-02  8.75484e-01  3.69510e-03 
  1.47569e-02  8.46296e-01  3.48992e-03 
  1.60075e-02  8.24596e-01  3.30403e-03 
  1.72581e-02  7.95507e-01  3.13377e-03 
  1.85088e-02  7.73509e-01  2.97640e-03 
  1.97594e-02  7.36751e-01  2.82980e-03 
  2.10100e-02  7.07615e-01  2.69231e-03 
  2.22607e-02  6.79962e-01  2.56265e-03 
  2.35113e-02  6.47219e-01  2.43977e-03 
  2.47619e-02  6.13958e-01  2.32284e-03 
  2.60125e-02  5.81307e-01  2.21119e-03 
  2.72632e-02  5.53492e-01  2.10425e-03 
  2.85138e-02  5.24426e-01  2.00157e-03 
  2.97644e-02  4.86793e-01  1.90279e-03 
  3.10150e-02  4.56143e-01  1.80760e-03 
  3.22657e-02  4.25057e-01  1.71574e-03 
  3.35163e-02  3.94893e-01  1.62702e-03 
  3.47669e-02  3.62150e-01  1.54127e-03 
  3.60175e-02  3.32287e-01  1.45835e-03 
  3.72682e-02  3.05515e-01  1.37817e-03 
  3.85188e-02  2.74628e-01  1.30065e-03 
  3.97694e-02  2.49728e-01  1.22574e-03 
  4.10201e-02  2.25115e-01  1.15341e-03 
  4.22707e-02  1.96983e-01  1.08365e-03 
  4.35213e-02  1.74612e-01  1.01648e-03 
  4.47719e-02  1.51436e-01  9.51922e-04 
  4.60226e-02  1.31011e-01  8.90043e-04 
  4.72732e-02  1.12450e-01  8.30920e-04 
  4.85238e-02  9.50203e-02  7.74661e-04 
  4.97744e-02  7.92738e-02  7.21398e-04 
  5.10251e-02  6.53224e-02  6.71299e-04 
  5.22757e-02  5.10982e-02  6.24561e-04 
  5.35263e-02  4.12949e-02  5.81416e-04 
  5.47769e-02  3.05417e-02  5.42126e-04 
  5.60276e-02  2.10038e-02  5.06976e-04 
  5.72782e-02  1.56040e-02  4.76257e-04 
  5.85288e-02  8.47460e-03  4.50242e-04 
  5.97794e-02  4.76327e-03  4.29144e-04 
  6.10301e-02  2.11409e-03  4.13079e-04 
  6.22807e-02  5.73233e-04  4.02021e-04 
  6.35313e-02  -1.96977e-04 3.95780e-04 
  6.47820e-02  3.60288e-04  3.93997e-04 
  6.60326e-02  2.30170e-03  3.96177e-04 
  6.72832e-02  4.36976e-03  4.01735e-04 
  6.85338e-02  7.20456e-03  4.10051e-04 
  6.97845e-02  1.14806e-02  4.20515e-04 
  7.10351e-02  1.64492e-02  4.32564e-04 
  7.22857e-02  2.10723e-02  4.45699e-04 
  7.35363e-02  2.78044e-02  4.59490e-04 
  7.47870e-02  3.43939e-02  4.73578e-04 
  7.60376e-02  4.03984e-02  4.87665e-04 
  7.72882e-02  4.64180e-02  5.01508e-04 
  7.85388e-02  5.38925e-02  5.14912e-04 
  7.97895e-02  6.07129e-02  5.27719e-04 
  8.10401e-02  6.85182e-02  5.39806e-04 
  8.22907e-02  7.54201e-02  5.51075e-04 
  8.35414e-02  8.10843e-02  5.61451e-04 
  8.47920e-02  8.82159e-02  5.70876e-04 
  8.60426e-02  9.50951e-02  5.79309e-04 
  8.72932e-02  9.95771e-02  5.86721e-04 
  8.85439e-02  1.05590e-01  5.93094e-04 
  8.97945e-02  1.10341e-01  5.98418e-04 
  9.10451e-02  1.15054e-01  6.02691e-04 
  9.22957e-02  1.18631e-01  6.05920e-04 
  9.35464e-02  1.23275e-01  6.08114e-04 
  9.47970e-02  1.25564e-01  6.09291e-04 
  9.60476e-02  1.28373e-01  6.09468e-04 
  9.72982e-02  1.30322e-01  6.08672e-04 
  9.85489e-02  1.31801e-01  6.06928e-04 
  9.97995e-02  1.31710e-01  6.04268e-04 
  1.01050e-01  1.30962e-01  6.00723e-04 
  1.02301e-01  1.32572e-01  5.96330e-04 
  1.03551e-01  1.30145e-01  5.91126e-04 
  1.04802e-01  1.29413e-01  5.85149e-04 
  1.06053e-01  1.26968e-01  5.78441e-04 
  1.07303e-01  1.24485e-01  5.71045e-04 
  1.08554e-01  1.21612e-01  5.63004e-04 
  1.09805e-01  1.18997e-01  5.54364e-04 
  1.11055e-01  1.15425e-01  5.45170e-04 
  1.12306e-01  1.11066e-01  5.35471e-04 
  1.13556e-01  1.06789e-01  5.25315e-04 
  1.14807e-01  1.02919e-01  5.14751e-04 
  1.16058e-01  9.75772e-02  5.03829e-04 
  1.17308e-01  9.26289e-02  4.92599e-04 
  1.18559e-01  8.68467e-02  4.81114e-04 
  1.19810e-01  8.15949e-02  4.69426e-04 
  1.21060e-01  7.69085e-02  4.57586e-04 
  1.22311e-01  7.23175e-02  4.45649e-04 
  1.23561e-01  6.57698e-02  4.33668e-04 
  1.24812e-01  6.10503e-02  4.21697e-04 
  1.26063e-01  5.61432e-02  4.09790e-04 
  1.27313e-01  5.03874e-02  3.98002e-04 
  1.28564e-01  4.62772e-02  3.86386e-04 
  1.29815e-01  4.18155e-02  3.74997e-04 
  1.31065e-01  3.71301e-02  3.63889e-04 
  1.32316e-01  3.27140e-02  3.53114e-04 
  1.33566e-01  2.83092e-02  3.42724e-04 
  1.34817e-01  2.49536e-02  3.32767e-04 
  1.36068e-01  2.09312e-02  3.23292e-04 
  1.37318e-01  1.77124e-02  3.14343e-04 
  1.38569e-01  1.49268e-02  3.05959e-04 
  1.39820e-01  1.23142e-02  2.98176e-04 
  1.41070e-01  9.78003e-03  2.91024e-04 
  1.42321e-01  7.92092e-03  2.84526e-04 
  1.43571e-01  5.72035e-03  2.78697e-04 
  1.44822e-01  4.40182e-03  2.73544e-04 
  1.46073e-01  3.22428e-03  2.69068e-04 
  1.47323e-01  1.94995e-03  2.65258e-04 
  1.48574e-01  1.10304e-03  2.62096e-04 
  1.49825e-01  5.81361e-04  2.59554e-04 
  1.51075e-01  3.43392e-04  2.57600e-04 
  1.52326e-01  2.09483e-04  2.56192e-04 
  1.53576e-01  -1.58187e-04 2.55285e-04 
  1.54827e-01  1.83689e-04  2.54828e-04 
  1.56078e-01  8.21383e-04  2.54770e-04 
  1.57328e-01  1.16049e-03  2.55056e-04 
  1.58579e-01  1.93988e-03  2.55633e-04 
  1.59830e-01  2.36882e-03  2.56448e-04 
  1.61080e-01  3.55991e-03  2.57451e-04 
  1.62331e-01  4.37474e-03  2.58593e-04 
  1.63581e-01  4.89867e-03  2.59828e-04 
  1.64832e-01  5.76315e-03  2.61115e-04 
  1.66083e-01  6.93021e-03  2.62416e-04 
  1.67333e-01  8.32664e-03  2.63697e-04 
  1.68584e-01  9.08150e-03  2.64926e-04 
  1.69835e-01  1.06607e-02  2.66078e-04 
  1.71085e-01  1.07293e-02  2.67129e-04 
  1.72336e-01  1.18208e-02  2.68058e-04 
  1.73586e-01  1.27534e-02  2.68851e-04 
  1.74837e-01  1.35675e-02  2.69492e-04 
  1.76088e-01  1.41718e-02  2.69973e-04 
  1.77338e-01  1.48376e-02  2.70284e-04 
  1.78589e-01  1.53509e-02  2.70421e-04 
  1.79840e-01  1.51707e-02  2.70381e-04 
  1.81090e-01  1.54842e-02  2.70162e-04 
  1.82341e-01  1.63880e-02  2.69766e-04 
  1.83591e-01  1.60866e-02  2.69196e-04 
  1.84842e-01  1.64746e-02  2.68455e-04 
  1.86093e-01  1.69761e-02  2.67550e-04 
  1.87343e-01  1.63920e-02  2.66486e-04 
  1.88594e-01  1.68806e-02  2.65274e-04 
  1.89845e-01  1.60523e-02  2.63921e-04 
  1.91095e-01  1.57084e-02  2.62437e-04 
  1.92346e-01  1.56640e-02  2.60834e-04 
  1.93596e-01  1.50522e-02  2.59122e-04 
  1.94847e-01  1.43735e-02  2.57314e-04 
  1.96098e-01  1.40308e-02  2.55420e-04 
  1.97348e-01  1.33670e-02  2.53455e-04 
  1.98599e-01  1.27165e-02  2.51429e-04 
  1.99850e-01  1.20434e-02  2.49356e-04 
  2.01100e-01  1.12863e-02  2.47247e-04 
  2.02351e-01  1.05268e-02  2.45116e-04 
  2.03602e-01  9.95433e-03  2.42973e-04 
  2.04852e-01  9.06123e-03  2.40831e-04 
  2.06103e-01  8.51131e-03  2.38700e-04 
  2.07353e-01  7.97767e-03  2.36591e-04 
  2.08604e-01  7.11393e-03  2.34514e-04 
  2.09855e-01  6.59570e-03  2.32477e-04 
  2.11105e-01  5.77713e-03  2.30490e-04 
  2.12356e-01  5.43040e-03  2.28559e-04 
  2.13607e-01  4.90236e-03  2.26690e-04 
  2.14857e-01  4.17653e-03  2.24891e-04 
  2.16108e-01  4.23678e-03  2.23165e-04 
  2.17358e-01  3.01826e-03  2.21516e-04 
  2.18609e-01  2.73249e-03  2.19947e-04 
  2.19860e-01  2.51531e-03  2.18460e-04 
  2.21110e-01  1.73316e-03  2.17055e-04 
  2.22361e-01  1.56673e-03  2.15734e-04 
  2.23612e-01  1.39204e-03  2.14495e-04 
  2.24862e-01  1.33242e-03  2.13336e-04 
  2.26113e-01  9.52197e-04  2.12256e-04 
  2.27363e-01  9.44051e-04  2.11252e-04 
  2.28614e-01  4.66706e-04  2.10320e-04 
  2.29865e-01  2.30489e-04  2.09457e-04 
  2.31115e-01  4.38135e-04  2.08657e-04 
  2.32366e-01  6.65481e-05  2.07917e-04 
  2.33617e-01  -1.08721e-04 2.07232e-04 
  2.34867e-01  2.90891e-04  2.06597e-04 
  2.36118e-01  9.31280e-05  2.06007e-04 
  2.37368e-01  -1.24844e-04 2.05457e-04 
  2.38619e-01  -1.67629e-04 2.04941e-04 
  2.39870e-01  1.61544e-04  2.04456e-04 
  2.41120e-01  2.70964e-04  2.03996e-04 
  2.42371e-01  1.78845e-04  2.03557e-04 
  2.43622e-01  4.87322e-04  2.03135e-04 
  2.44872e-01  4.16453e-04  2.02726e-04 
  2.46123e-01  2.02892e-04  2.02326e-04 
  2.47373e-01  6.22033e-04  2.01932e-04 
  2.48624e-01  2.29519e-06  2.01541e-04 
  2.49875e-01  6.83081e-04  2.01151e-04 
  2.51125e-01  9.19739e-04  2.00759e-04 
  2.52376e-01  7.49281e-04  2.00363e-04 
  2.53627e-01  5.47372e-04  1.99962e-04 
  2.54877e-01  7.57159e-04  1.99555e-04 
  2.56128e-01  1.10908e-03  1.99140e-04 
  2.57378e-01  7.81490e-04  1.98717e-04 
  2.58629e-01  8.29104e-04  1.98286e-04 
  2.59880e-01  9.75334e-04  1.97845e-04 
  2.61130e-01  7.60095e-04  1.97396e-04 
  2.62381e-01  9.01554e-04  1.96939e-04 
  2.63632e-01  8.15973e-04  1.96474e-04 
  2.64882e-01  8.18675e-04  1.96001e-04 
  2.66133e-01  6.75845e-04  1.95521e-04 
  2.67383e-01  8.48368e-04  1.95035e-04 
  2.68634e-01  1.10216e-03  1.94544e-04 
  2.69885e-01  7.10171e-04  1.94049e-04 
  2.71135e-01  9.22564e-04  1.93551e-04 
  2.72386e-01  7.54752e-04  1.93050e-04 
  2.73637e-01  9.24250e-04  1.92548e-04 
  2.74887e-01  6.39657e-04  1.92045e-04 
  2.76138e-01  7.69001e-04  1.91543e-04 
  2.77388e-01  5.65438e-04  1.91043e-04 
  2.78639e-01  3.43743e-04  1.90544e-04 
  2.79890e-01  7.60939e-04  1.90048e-04 
  2.81140e-01  5.31494e-04  1.89556e-04 
  2.82391e-01  3.95493e-04  1.89067e-04 
  2.83642e-01  3.48755e-04  1.88584e-04 
  2.84892e-01  3.72385e-04  1.88105e-04 
  2.86143e-01  4.74008e-04  1.87632e-04 
  2.87393e-01  4.84063e-04  1.87165e-04 
  2.88644e-01  6.50801e-06  1.86704e-04 
  2.89895e-01  3.50872e-04  1.86248e-04 
  2.91145e-01  5.86059e-04  1.85799e-04 
  2.92396e-01  4.05830e-04  1.85356e-04 
  2.93647e-01  2.37216e-04  1.84920e-04 
  2.94897e-01  2.93766e-04  1.84489e-04 
  2.96148e-01  2.23886e-04  1.84064e-04 
  2.97398e-01  3.20047e-05  1.83646e-04 
  2.98649e-01  -2.01237e-04 1.83232e-04 
  2.99900e-01  -2.43335e-04 1.82825e-04 
  3.01150e-01  -7.91713e-05 1.82422e-04 
  3.02401e-01  8.96992e-05  1.82025e-04 
  3.03652e-01  1.95073e-04  1.81632e-04 
  3.04902e-01  2.21772e-04  1.81244e-04 
  3.06153e-01  3.48159e-04  1.80860e-04 
  3.07404e-01  1.21307e-04  1.80481e-04 
  3.08654e-01  -2.79680e-04 1.80105e-04 
  3.09905e-01  2.90946e-04  1.79733e-04 
  3.11155e-01  3.73978e-05  1.79366e-04 
  3.12406e-01  2.63870e-04  1.79001e-04 
  3.13657e-01  1.46000e-04  1.78640e-04 
  3.14907e-01  1.16628e-04  1.78283e-04 
  3.16158e-01  -9.00257e-06 1.77928e-04 
  3.17409e-01  -2.63390e-04 1.77577e-04 
  3.18659e-01  -1.73572e-04 1.77230e-04 
  3.19910e-01  1.70842e-04  1.76885e-04 
  3.21160e-01  2.60945e-04  1.76543e-04 
  3.22411e-01  -1.02839e-04 1.76205e-04 
  3.23662e-01  3.89789e-04  1.75869e-04 
  3.24912e-01  1.05797e-04  1.75536e-04 
  3.26163e-01  -6.56084e-05 1.75207e-04 
  3.27414e-01  1.71214e-04  1.74880e-04 
  3.28664e-01  1.40699e-04  1.74556e-04 
  3.29915e-01  -1.58161e-04 1.74235e-04 
  3.31165e-01  -9.79352e-05 1.73917e-04 
  3.32416e-01  7.94813e-05  1.73601e-04 
  3.33667e-01  1.46821e-05  1.73288e-04 
  3.34917e-01  1.31379e-04  1.72977e-04 
  3.36168e-01  2.11639e-04  1.72669e-04 
  3.37419e-01  -2.48577e-04 1.72362e-04 
  3.38669e-01  2.71052e-04  1.72058e-04 
  3.39920e-01  9.63943e-05  1.71755e-04 
  3.41170e-01  1.64327e-04  1.71455e-04 
  3.42421e-01  6.87546e-05  1.71155e-04 
  3.43672e-01  3.80886e-04  1.70857e-04 
  3.44922e-01  2.35078e-04  1.70560e-04 
  3.46173e-01  -7.97088e-05 1.70264e-04 
  3.47424e-01  2.29507e-04  1.69968e-04 
  3.48674e-01  4.70609e-05  1.69673e-04 
  3.49925e-01  4.11510e-04  1.69378e-04 
  3.51175e-01  5.18880e-04  1.69083e-04 
  3.52426e-01  2.08643e-04  1.68788e-04 
  3.53677e-01  3.86667e-04  1.68493e-04 
  3.54927e-01  7.09889e-05  1.68198e-04 
  3.56178e-01  1.29913e-04  1.67902e-04 
  3.57429e-01  1.91888e-04  1.67606e-04 
  3.58679e-01  2.31841e-04  1.67309e-04 
  3.59930e-01  4.70581e-04  1.67011e-04 
  3.61180e-01  9.07207e-05  1.66713e-04 
  3.62431e-01  1.08578e-04  1.66415e-04 
  3.63682e-01  -7.59986e-05 1.66116e-04 
  3.64932e-01  2.72918e-04  1.65816e-04 
  3.66183e-01  2.90951e-04  1.65517e-04 
  3.67434e-01  1.22491e-04  1.65217e-04 
  3.68684e-01  4.08339e-04  1.64918e-04 
  3.69935e-01  4.84401e-04  1.64619e-04 
  3.71185e-01  -1.19777e-04 1.64320e-04 
  3.72436e-01  1.18209e-04  1.64022e-04 
  3.73687e-01  9.54420e-05  1.63726e-04 
  3.74937e-01  1.18686e-04  1.63430e-04 
  3.76188e-01  4.23818e-04  1.63137e-04 
  3.77439e-01  -1.10475e-04 1.62845e-04 
  3.78689e-01  1.96599e-04  1.62555e-04 
  3.79940e-01  1.27828e-04  1.62268e-04 
  3.81190e-01  -2.34433e-04 1.61984e-04 
  3.82441e-01  1.82967e-04  1.61703e-04 
  3.83692e-01  -1.40253e-04 1.61425e-04 
  3.84942e-01  -2.94434e-04 1.61151e-04 
  3.86193e-01  9.69929e-05  1.60880e-04 
  3.87444e-01  4.42025e-05  1.60613e-04 
  3.88694e-01  3.63617e-05  1.60351e-04 
  3.89945e-01  1.66428e-04  1.60092e-04 
  3.91195e-01  -1.51663e-04 1.59838e-04 
  3.92446e-01  -7.65290e-05 1.59588e-04 
  3.93697e-01  -4.21762e-04 1.59343e-04 
  3.94947e-01  -1.12115e-04 1.59101e-04 
  3.96198e-01  -2.04176e-04 1.58864e-04 
  3.97449e-01  1.57321e-04  1.58632e-04 
  3.98699e-01  -2.39451e-04 1.58403e-04 
  3.99950e-01  -1.21447e-04 1.58178e-04 
  4.01201e-01  8.97166e-05  1.57956e-04 
  4.02451e-01  -6.43204e-05 1.57738e-04 
  4.03702e-01  1.90247e-04  1.57523e-04 
  4.04952e-01  1.27493e-04  1.57310e-04 
  4.06203e-01  1.28560e-04  1.57101e-04 
  4.07454e-01  1.44938e-04  1.56893e-04 
  4.08704e-01  -1.58292e-04 1.56687e-04 
  4.09955e-01  3.22698e-04  1.56482e-04 
  4.11206e-01  -1.35252e-04 1.56279e-04 
  4.12456e-01  -9.56837e-05 1.56076e-04 
  4.13707e-01  1.87864e-04  1.55874e-04 
  4.14957e-01  1.29272e-04  1.55671e-04 
  4.16208e-01  1.07547e-04  1.55468e-04 
  4.17459e-01  4.52862e-04  1.55264e-04 
  4.18709e-01  4.74055e-04  1.55060e-04 
  4.19960e-01  3.56293e-04  1.54854e-04 
  4.21211e-01  2.89448e-04  1.54646e-04 
  4.22461e-01  1.48665e-04  1.54437e-04 
  4.23712e-01  3.01162e-04  1.54225e-04 
  4.24962e-01  1.50491e-04  1.54012e-04 
  4.26213e-01  3.86783e-04  1.53796e-04 
  4.27464e-01  1.90882e-04  1.53577e-04 
  4.28714e-01  4.42730e-04  1.53357e-04 
  4.29965e-01  6.15624e-04  1.53133e-04 
  4.31216e-01  4.99848e-04  1.52908e-04 
  4.32466e-01  4.72044e-04  1.52680e-04 
  4.33717e-01  4.85506e-04  1.52449e-04 
  4.34967e-01  6.11829e-05  1.52217e-04 
  4.36218e-01  5.13942e-04  1.51982e-04 
  4.37469e-01  5.16594e-04  1.51746e-04 
  4.38719e-01  1.00978e-04  1.51508e-04 
  4.39970e-01  1.70950e-04  1.51269e-04 
  4.41221e-01  1.44779e-04  1.51028e-04 
  4.42471e-01  1.88529e-04  1.50787e-04 
  4.43722e-01  3.43418e-04  1.50546e-04 
  4.44972e-01  2.31208e-04  1.50304e-04 
  4.46223e-01  1.85548e-04  1.50063e-04 
  4.47474e-01  2.68008e-04  1.49822e-04 
  4.48724e-01  1.78471e-04  1.49581e-04 
  4.49975e-01  2.13007e-04  1.49342e-04 
  4.51226e-01  1.92232e-04  1.49105e-04 
  4.52476e-01  -5.93273e-05 1.48869e-04 
  4.53727e-01  4.09802e-04  1.48635e-04 
  4.54977e-01  5.40727e-06  1.48404e-04 
  4.56228e-01  -2.40551e-05 1.48175e-04 
  4.57479e-01  7.64328e-05  1.47949e-04 
  4.58729e-01  2.10122e-04  1.47726e-04 
  4.59980e-01  1.55682e-04  1.47507e-04 
  4.61231e-01  1.51492e-05  1.47290e-04 
  4.62481e-01  -2.07834e-04 1.47078e-04 
  4.63732e-01  -1.51837e-04 1.46868e-04 
  4.64982e-01  1.30240e-04  1.46662e-04 
  4.66233e-01  -9.18343e-05 1.46460e-04 
  4.67484e-01  -1.36559e-05 1.46262e-04 
  4.68734e-01  8.66104e-05  1.46066e-04 
  4.69985e-01  1.93562e-04  1.45875e-04 
  4.71236e-01  -8.59484e-05 1.45687e-04 
  4.72486e-01  1.14490e-04  1.45502e-04 
  4.73737e-01  -7.12696e-05 1.45319e-04 
  4.74987e-01  9.92812e-05  1.45140e-04 
  4.76238e-01  4.86926e-05  1.44964e-04 
  4.77489e-01  2.09967e-04  1.44790e-04 
  4.78739e-01  -1.28406e-04 1.44618e-04 
  4.79990e-01  1.44273e-05  1.44448e-04 
  4.81241e-01  2.34945e-04  1.44280e-04 
  4.82491e-01  2.70833e-04  1.44114e-04 
  4.83742e-01  1.86568e-04  1.43949e-04 
  4.84992e-01  1.21622e-04  1.43784e-04 
  4.86243e-01  1.50290e-04  1.43621e-04 
  4.87494e-01  -6.11577e-05 1.43457e-04 
  4.88744e-01  2.81312e-05  1.43294e-04 
  4.89995e-01  3.61739e-04  1.43132e-04 
  4.91246e-01  1.18150e-04  1.42968e-04 
  4.92496e-01  2.04515e-04  1.42805e-04 
  4.93747e-01  2.53862e-04  1.42641e-04 
  4.94997e-01  -1.05977e-04 1.42476e-04 
  4.96248e-01  1.45133e-04  1.42310e-04 
  4.97499e-01  3.28350e-04  1.42143e-04 
  4.98749e-01  4.60511e-04  1.41976e-04 
  5.00000e-01  2.41522e-04  1.41807e-04 
