# Simulated data
# sigma generated using Sedlak et al, k=100000, c=0.55, https://doi.org/10.1107/S1600576717003077, and rebinned with 10 per bin)
# q            I            sigma       
  1.00000e-03  9.74610e-01  1.44914e-02 
  2.25063e-03  1.00788e+00  9.65257e-03 
  3.50125e-03  9.99576e-01  7.72903e-03 
  4.75188e-03  9.92654e-01  6.62222e-03 
  6.00251e-03  9.90861e-01  5.87797e-03 
  7.25313e-03  9.79139e-01  5.33146e-03 
  8.50376e-03  9.69972e-01  4.90655e-03 
  9.75439e-03  9.64823e-01  4.56260e-03 
  1.10050e-02  9.52896e-01  4.27568e-03 
  1.22556e-02  9.48785e-01  4.03069e-03 
  1.35063e-02  9.31332e-01  3.81755e-03 
  1.47569e-02  9.25892e-01  3.62926e-03 
  1.60075e-02  9.09232e-01  3.46080e-03 
  1.72581e-02  8.98271e-01  3.30843e-03 
  1.85088e-02  8.76573e-01  3.16936e-03 
  1.97594e-02  8.74101e-01  3.04140e-03 
  2.10100e-02  8.48413e-01  2.92286e-03 
  2.22607e-02  8.30031e-01  2.81238e-03 
  2.35113e-02  8.09581e-01  2.70887e-03 
  2.47619e-02  7.92254e-01  2.61143e-03 
  2.60125e-02  7.76061e-01  2.51934e-03 
  2.72632e-02  7.59726e-01  2.43199e-03 
  2.85138e-02  7.35115e-01  2.34887e-03 
  2.97644e-02  7.11646e-01  2.26955e-03 
  3.10150e-02  6.95874e-01  2.19367e-03 
  3.22657e-02  6.74608e-01  2.12093e-03 
  3.35163e-02  6.51080e-01  2.05105e-03 
  3.47669e-02  6.32918e-01  1.98382e-03 
  3.60175e-02  6.12804e-01  1.91903e-03 
  3.72682e-02  5.94094e-01  1.85652e-03 
  3.85188e-02  5.72989e-01  1.79615e-03 
  3.97694e-02  5.54281e-01  1.73778e-03 
  4.10201e-02  5.28913e-01  1.68131e-03 
  4.22707e-02  5.08545e-01  1.62663e-03 
  4.35213e-02  4.91344e-01  1.57366e-03 
  4.47719e-02  4.65789e-01  1.52234e-03 
  4.60226e-02  4.51322e-01  1.47258e-03 
  4.72732e-02  4.30754e-01  1.42434e-03 
  4.85238e-02  4.10359e-01  1.37756e-03 
  4.97744e-02  3.91609e-01  1.33220e-03 
  5.10251e-02  3.74955e-01  1.28821e-03 
  5.22757e-02  3.54878e-01  1.24557e-03 
  5.35263e-02  3.37215e-01  1.20423e-03 
  5.47769e-02  3.20695e-01  1.16416e-03 
  5.60276e-02  3.05131e-01  1.12535e-03 
  5.72782e-02  2.87811e-01  1.08776e-03 
  5.85288e-02  2.72229e-01  1.05138e-03 
  5.97794e-02  2.57628e-01  1.01618e-03 
  6.10301e-02  2.44163e-01  9.82143e-04 
  6.22807e-02  2.30612e-01  9.49249e-04 
  6.35313e-02  2.17604e-01  9.17481e-04 
  6.47820e-02  2.04485e-01  8.86822e-04 
  6.60326e-02  1.92691e-01  8.57255e-04 
  6.72832e-02  1.82319e-01  8.28762e-04 
  6.85338e-02  1.70287e-01  8.01327e-04 
  6.97845e-02  1.60072e-01  7.74933e-04 
  7.10351e-02  1.50988e-01  7.49561e-04 
  7.22857e-02  1.38561e-01  7.25195e-04 
  7.35363e-02  1.31885e-01  7.01816e-04 
  7.47870e-02  1.24040e-01  6.79405e-04 
  7.60376e-02  1.14635e-01  6.57941e-04 
  7.72882e-02  1.06999e-01  6.37406e-04 
  7.85388e-02  9.98716e-02  6.17776e-04 
  7.97895e-02  9.27643e-02  5.99030e-04 
  8.10401e-02  8.68007e-02  5.81145e-04 
  8.22907e-02  8.03505e-02  5.64096e-04 
  8.35414e-02  7.55370e-02  5.47859e-04 
  8.47920e-02  7.08449e-02  5.32409e-04 
  8.60426e-02  6.55666e-02  5.17718e-04 
  8.72932e-02  6.08384e-02  5.03760e-04 
  8.85439e-02  5.74866e-02  4.90507e-04 
  8.97945e-02  5.30787e-02  4.77932e-04 
  9.10451e-02  4.87554e-02  4.66005e-04 
  9.22957e-02  4.55351e-02  4.54699e-04 
  9.35464e-02  4.22023e-02  4.43985e-04 
  9.47970e-02  3.88282e-02  4.33834e-04 
  9.60476e-02  3.60154e-02  4.24219e-04 
  9.72982e-02  3.34611e-02  4.15112e-04 
  9.85489e-02  3.15981e-02  4.06486e-04 
  9.97995e-02  2.92720e-02  3.98314e-04 
  1.01050e-01  2.64540e-02  3.90571e-04 
  1.02301e-01  2.43653e-02  3.83232e-04 
  1.03551e-01  2.34508e-02  3.76274e-04 
  1.04802e-01  2.16189e-02  3.69674e-04 
  1.06053e-01  1.99144e-02  3.63411e-04 
  1.07303e-01  1.82873e-02  3.57466e-04 
  1.08554e-01  1.69978e-02  3.51819e-04 
  1.09805e-01  1.59751e-02  3.46453e-04 
  1.11055e-01  1.39740e-02  3.41351e-04 
  1.12306e-01  1.38534e-02  3.36500e-04 
  1.13556e-01  1.28454e-02  3.31884e-04 
  1.14807e-01  1.17764e-02  3.27491e-04 
  1.16058e-01  1.07740e-02  3.23310e-04 
  1.17308e-01  9.77870e-03  3.19330e-04 
  1.18559e-01  8.64691e-03  3.15542e-04 
  1.19810e-01  7.79563e-03  3.11936e-04 
  1.21060e-01  7.54654e-03  3.08504e-04 
  1.22311e-01  7.55273e-03  3.05239e-04 
  1.23561e-01  5.69516e-03  3.02134e-04 
  1.24812e-01  6.30233e-03  2.99183e-04 
  1.26063e-01  5.80705e-03  2.96380e-04 
  1.27313e-01  4.37888e-03  2.93718e-04 
  1.28564e-01  4.78854e-03  2.91194e-04 
  1.29815e-01  4.40428e-03  2.88801e-04 
  1.31065e-01  3.55299e-03  2.86534e-04 
  1.32316e-01  3.29094e-03  2.84389e-04 
  1.33566e-01  3.23594e-03  2.82360e-04 
  1.34817e-01  3.17932e-03  2.80443e-04 
  1.36068e-01  2.66570e-03  2.78632e-04 
  1.37318e-01  2.83800e-03  2.76922e-04 
  1.38569e-01  2.00980e-03  2.75309e-04 
  1.39820e-01  2.34384e-03  2.73786e-04 
  1.41070e-01  1.78225e-03  2.72349e-04 
  1.42321e-01  1.66814e-03  2.70992e-04 
  1.43571e-01  1.86898e-03  2.69709e-04 
  1.44822e-01  2.61755e-03  2.68496e-04 
  1.46073e-01  1.98437e-03  2.67346e-04 
  1.47323e-01  2.09036e-03  2.66254e-04 
  1.48574e-01  2.16076e-03  2.65215e-04 
  1.49825e-01  2.15797e-03  2.64222e-04 
  1.51075e-01  2.45099e-03  2.63271e-04 
  1.52326e-01  2.18652e-03  2.62356e-04 
  1.53576e-01  2.54152e-03  2.61473e-04 
  1.54827e-01  2.68810e-03  2.60615e-04 
  1.56078e-01  2.71354e-03  2.59779e-04 
  1.57328e-01  3.07875e-03  2.58960e-04 
  1.58579e-01  2.76929e-03  2.58153e-04 
  1.59830e-01  2.91757e-03  2.57355e-04 
  1.61080e-01  2.90738e-03  2.56561e-04 
  1.62331e-01  2.86546e-03  2.55768e-04 
  1.63581e-01  3.28204e-03  2.54973e-04 
  1.64832e-01  3.03666e-03  2.54174e-04 
  1.66083e-01  3.37941e-03  2.53367e-04 
  1.67333e-01  3.05953e-03  2.52551e-04 
  1.68584e-01  3.22729e-03  2.51723e-04 
  1.69835e-01  3.44369e-03  2.50882e-04 
  1.71085e-01  3.28173e-03  2.50026e-04 
  1.72336e-01  3.29153e-03  2.49156e-04 
  1.73586e-01  3.70668e-03  2.48270e-04 
  1.74837e-01  3.58812e-03  2.47368e-04 
  1.76088e-01  3.55162e-03  2.46449e-04 
  1.77338e-01  2.99446e-03  2.45515e-04 
  1.78589e-01  3.69245e-03  2.44565e-04 
  1.79840e-01  3.21016e-03  2.43600e-04 
  1.81090e-01  3.00887e-03  2.42621e-04 
  1.82341e-01  3.18688e-03  2.41630e-04 
  1.83591e-01  3.20987e-03  2.40627e-04 
  1.84842e-01  3.05808e-03  2.39614e-04 
  1.86093e-01  2.75927e-03  2.38592e-04 
  1.87343e-01  2.71875e-03  2.37563e-04 
  1.88594e-01  2.64059e-03  2.36529e-04 
  1.89845e-01  2.83189e-03  2.35492e-04 
  1.91095e-01  2.47257e-03  2.34453e-04 
  1.92346e-01  2.35210e-03  2.33415e-04 
  1.93596e-01  2.15538e-03  2.32379e-04 
  1.94847e-01  2.16205e-03  2.31346e-04 
  1.96098e-01  2.20715e-03  2.30320e-04 
  1.97348e-01  1.94824e-03  2.29301e-04 
  1.98599e-01  1.62565e-03  2.28291e-04 
  1.99850e-01  1.47111e-03  2.27293e-04 
  2.01100e-01  1.43191e-03  2.26306e-04 
  2.02351e-01  1.36640e-03  2.25334e-04 
  2.03602e-01  1.27196e-03  2.24376e-04 
  2.04852e-01  9.97344e-04  2.23435e-04 
  2.06103e-01  1.06327e-03  2.22511e-04 
  2.07353e-01  1.09558e-03  2.21606e-04 
  2.08604e-01  5.46143e-04  2.20719e-04 
  2.09855e-01  7.02332e-04  2.19852e-04 
  2.11105e-01  7.28647e-04  2.19004e-04 
  2.12356e-01  4.37567e-04  2.18177e-04 
  2.13607e-01  7.62429e-04  2.17371e-04 
  2.14857e-01  6.49281e-04  2.16585e-04 
  2.16108e-01  3.54915e-04  2.15820e-04 
  2.17358e-01  4.53661e-04  2.15075e-04 
  2.18609e-01  -6.22458e-05 2.14350e-04 
  2.19860e-01  3.58721e-04  2.13645e-04 
  2.21110e-01  2.60359e-04  2.12959e-04 
  2.22361e-01  -1.14443e-04 2.12291e-04 
  2.23612e-01  1.29687e-05  2.11641e-04 
  2.24862e-01  1.39333e-04  2.11009e-04 
  2.26113e-01  -2.63829e-04 2.10392e-04 
  2.27363e-01  -1.95954e-04 2.09792e-04 
  2.28614e-01  -3.34252e-04 2.09206e-04 
  2.29865e-01  1.70590e-04  2.08634e-04 
  2.31115e-01  3.08622e-04  2.08074e-04 
  2.32366e-01  -1.85061e-04 2.07527e-04 
  2.33617e-01  -9.66517e-05 2.06991e-04 
  2.34867e-01  -1.18967e-04 2.06465e-04 
  2.36118e-01  1.79552e-04  2.05948e-04 
  2.37368e-01  -3.09804e-04 2.05440e-04 
  2.38619e-01  1.96187e-04  2.04939e-04 
  2.39870e-01  2.18014e-04  2.04446e-04 
  2.41120e-01  4.32748e-05  2.03958e-04 
  2.42371e-01  3.38176e-04  2.03476e-04 
  2.43622e-01  1.98336e-04  2.02999e-04 
  2.44872e-01  6.44699e-05  2.02526e-04 
  2.46123e-01  4.44562e-04  2.02057e-04 
  2.47373e-01  4.72875e-04  2.01591e-04 
  2.48624e-01  -1.34058e-04 2.01128e-04 
  2.49875e-01  2.29041e-04  2.00667e-04 
  2.51125e-01  1.52744e-04  2.00207e-04 
  2.52376e-01  -3.17793e-05 1.99750e-04 
  2.53627e-01  4.68018e-04  1.99294e-04 
  2.54877e-01  5.35801e-05  1.98839e-04 
  2.56128e-01  3.31300e-04  1.98385e-04 
  2.57378e-01  5.85555e-04  1.97932e-04 
  2.58629e-01  4.74116e-04  1.97480e-04 
  2.59880e-01  1.53055e-04  1.97028e-04 
  2.61130e-01  4.49348e-04  1.96577e-04 
  2.62381e-01  5.96192e-04  1.96127e-04 
  2.63632e-01  6.83469e-04  1.95678e-04 
  2.64882e-01  7.94935e-04  1.95229e-04 
  2.66133e-01  4.85489e-04  1.94780e-04 
  2.67383e-01  6.48826e-04  1.94333e-04 
  2.68634e-01  9.30481e-04  1.93886e-04 
  2.69885e-01  3.73215e-06  1.93441e-04 
  2.71135e-01  5.18985e-04  1.92996e-04 
  2.72386e-01  3.49084e-04  1.92552e-04 
  2.73637e-01  3.93149e-04  1.92109e-04 
  2.74887e-01  3.11809e-04  1.91668e-04 
  2.76138e-01  1.76943e-04  1.91228e-04 
  2.77388e-01  5.14504e-04  1.90790e-04 
  2.78639e-01  3.08793e-04  1.90352e-04 
  2.79890e-01  6.32288e-04  1.89917e-04 
  2.81140e-01  6.66561e-04  1.89483e-04 
  2.82391e-01  2.19981e-04  1.89050e-04 
  2.83642e-01  5.98108e-04  1.88620e-04 
  2.84892e-01  3.74787e-04  1.88191e-04 
  2.86143e-01  1.92354e-04  1.87764e-04 
  2.87393e-01  3.89355e-04  1.87339e-04 
  2.88644e-01  4.53663e-04  1.86916e-04 
  2.89895e-01  2.05096e-04  1.86494e-04 
  2.91145e-01  8.24167e-04  1.86075e-04 
  2.92396e-01  4.28064e-04  1.85658e-04 
  2.93647e-01  1.94756e-04  1.85243e-04 
  2.94897e-01  7.02005e-04  1.84829e-04 
  2.96148e-01  5.45977e-04  1.84418e-04 
  2.97398e-01  4.41908e-04  1.84009e-04 
  2.98649e-01  2.75504e-04  1.83602e-04 
  2.99900e-01  1.78181e-04  1.83197e-04 
  3.01150e-01  5.88058e-04  1.82795e-04 
  3.02401e-01  3.85199e-04  1.82394e-04 
  3.03652e-01  4.83460e-04  1.81996e-04 
  3.04902e-01  3.41143e-04  1.81601e-04 
  3.06153e-01  4.35649e-04  1.81207e-04 
  3.07404e-01  3.71922e-04  1.80816e-04 
  3.08654e-01  8.00999e-05  1.80427e-04 
  3.09905e-01  -5.06742e-06 1.80041e-04 
  3.11155e-01  1.16278e-04  1.79657e-04 
  3.12406e-01  2.15424e-04  1.79276e-04 
  3.13657e-01  1.77536e-04  1.78897e-04 
  3.14907e-01  7.47128e-05  1.78521e-04 
  3.16158e-01  7.05860e-05  1.78148e-04 
  3.17409e-01  2.40338e-04  1.77777e-04 
  3.18659e-01  4.79818e-04  1.77409e-04 
  3.19910e-01  1.99351e-04  1.77044e-04 
  3.21160e-01  -1.83859e-04 1.76682e-04 
  3.22411e-01  6.41320e-05  1.76323e-04 
  3.23662e-01  2.91057e-04  1.75967e-04 
  3.24912e-01  1.76539e-04  1.75614e-04 
  3.26163e-01  1.61073e-04  1.75264e-04 
  3.27414e-01  2.82169e-04  1.74917e-04 
  3.28664e-01  2.39220e-04  1.74573e-04 
  3.29915e-01  -5.49768e-05 1.74232e-04 
  3.31165e-01  1.46099e-04  1.73894e-04 
  3.32416e-01  1.81688e-04  1.73560e-04 
  3.33667e-01  -3.27923e-04 1.73228e-04 
  3.34917e-01  1.47496e-04  1.72900e-04 
  3.36168e-01  1.51996e-04  1.72575e-04 
  3.37419e-01  2.04270e-04  1.72253e-04 
  3.38669e-01  6.24387e-06  1.71933e-04 
  3.39920e-01  9.01167e-06  1.71617e-04 
  3.41170e-01  -6.58137e-05 1.71304e-04 
  3.42421e-01  -1.92171e-04 1.70993e-04 
  3.43672e-01  7.78774e-05  1.70685e-04 
  3.44922e-01  2.84968e-04  1.70380e-04 
  3.46173e-01  4.87289e-05  1.70077e-04 
  3.47424e-01  2.17791e-04  1.69777e-04 
  3.48674e-01  2.33926e-04  1.69480e-04 
  3.49925e-01  6.20857e-05  1.69185e-04 
  3.51175e-01  -8.33675e-05 1.68891e-04 
  3.52426e-01  -4.23547e-05 1.68601e-04 
  3.53677e-01  1.54053e-04  1.68312e-04 
  3.54927e-01  -1.93015e-04 1.68025e-04 
  3.56178e-01  3.34980e-04  1.67739e-04 
  3.57429e-01  6.40832e-05  1.67456e-04 
  3.58679e-01  2.29085e-04  1.67174e-04 
  3.59930e-01  1.56922e-04  1.66894e-04 
  3.61180e-01  -1.16987e-05 1.66614e-04 
  3.62431e-01  3.99170e-04  1.66337e-04 
  3.63682e-01  1.91253e-04  1.66060e-04 
  3.64932e-01  5.34864e-05  1.65785e-04 
  3.66183e-01  2.13239e-04  1.65510e-04 
  3.67434e-01  2.47892e-04  1.65237e-04 
  3.68684e-01  7.28236e-05  1.64964e-04 
  3.69935e-01  1.86442e-04  1.64692e-04 
  3.71185e-01  2.21211e-04  1.64421e-04 
  3.72436e-01  1.79383e-04  1.64150e-04 
  3.73687e-01  -4.13072e-05 1.63880e-04 
  3.74937e-01  5.44103e-05  1.63611e-04 
  3.76188e-01  1.96433e-04  1.63342e-04 
  3.77439e-01  1.73381e-04  1.63074e-04 
  3.78689e-01  -1.17746e-04 1.62806e-04 
  3.79940e-01  1.24894e-04  1.62539e-04 
  3.81190e-01  -8.07364e-06 1.62272e-04 
  3.82441e-01  -4.39702e-04 1.62006e-04 
  3.83692e-01  2.15539e-04  1.61740e-04 
  3.84942e-01  3.02718e-04  1.61475e-04 
  3.86193e-01  4.10124e-04  1.61210e-04 
  3.87444e-01  2.78007e-04  1.60946e-04 
  3.88694e-01  1.90300e-04  1.60682e-04 
  3.89945e-01  7.52811e-05  1.60419e-04 
  3.91195e-01  -1.36326e-04 1.60157e-04 
  3.92446e-01  4.09875e-04  1.59895e-04 
  3.93697e-01  8.06883e-06  1.59635e-04 
  3.94947e-01  2.21881e-04  1.59375e-04 
  3.96198e-01  3.83982e-04  1.59116e-04 
  3.97449e-01  3.04273e-04  1.58857e-04 
  3.98699e-01  3.29188e-04  1.58600e-04 
  3.99950e-01  2.65822e-04  1.58344e-04 
  4.01201e-01  1.42098e-04  1.58089e-04 
  4.02451e-01  -5.17596e-05 1.57835e-04 
  4.03702e-01  1.52802e-04  1.57583e-04 
  4.04952e-01  -1.49334e-04 1.57331e-04 
  4.06203e-01  1.54664e-04  1.57081e-04 
  4.07454e-01  1.77427e-04  1.56833e-04 
  4.08704e-01  -1.77668e-04 1.56586e-04 
  4.09955e-01  -4.39740e-05 1.56340e-04 
  4.11206e-01  -1.48021e-04 1.56096e-04 
  4.12456e-01  -5.15373e-05 1.55853e-04 
  4.13707e-01  3.01015e-04  1.55612e-04 
  4.14957e-01  6.22212e-05  1.55372e-04 
  4.16208e-01  3.96469e-04  1.55134e-04 
  4.17459e-01  -7.49308e-05 1.54898e-04 
  4.18709e-01  1.18811e-04  1.54664e-04 
  4.19960e-01  -1.11534e-04 1.54431e-04 
  4.21211e-01  -2.42304e-04 1.54199e-04 
  4.22461e-01  4.15477e-05  1.53970e-04 
  4.23712e-01  9.79021e-05  1.53742e-04 
  4.24962e-01  9.33333e-05  1.53515e-04 
  4.26213e-01  1.96349e-04  1.53291e-04 
  4.27464e-01  8.46632e-05  1.53068e-04 
  4.28714e-01  4.61973e-04  1.52846e-04 
  4.29965e-01  3.11008e-06  1.52626e-04 
  4.31216e-01  -1.63272e-04 1.52408e-04 
  4.32466e-01  -1.20160e-05 1.52191e-04 
  4.33717e-01  -3.02388e-05 1.51975e-04 
  4.34967e-01  2.24071e-04  1.51761e-04 
  4.36218e-01  -2.50720e-04 1.51549e-04 
  4.37469e-01  1.19383e-04  1.51337e-04 
  4.38719e-01  8.25450e-06  1.51127e-04 
  4.39970e-01  1.46055e-04  1.50918e-04 
  4.41221e-01  1.39332e-04  1.50710e-04 
  4.42471e-01  1.79975e-04  1.50503e-04 
  4.43722e-01  7.26495e-05  1.50298e-04 
  4.44972e-01  5.95877e-05  1.50093e-04 
  4.46223e-01  -1.43370e-05 1.49889e-04 
  4.47474e-01  4.00408e-05  1.49686e-04 
  4.48724e-01  1.07856e-04  1.49484e-04 
  4.49975e-01  -1.85219e-04 1.49283e-04 
  4.51226e-01  1.13016e-04  1.49082e-04 
  4.52476e-01  -1.07495e-05 1.48883e-04 
  4.53727e-01  1.15852e-04  1.48683e-04 
  4.54977e-01  2.61796e-04  1.48485e-04 
  4.56228e-01  -3.26912e-05 1.48287e-04 
  4.57479e-01  4.66569e-04  1.48089e-04 
  4.58729e-01  3.08025e-04  1.47892e-04 
  4.59980e-01  1.92415e-04  1.47695e-04 
  4.61231e-01  2.75231e-04  1.47499e-04 
  4.62481e-01  3.69144e-05  1.47303e-04 
  4.63732e-01  8.17401e-05  1.47107e-04 
  4.64982e-01  2.24576e-04  1.46912e-04 
  4.66233e-01  1.24512e-04  1.46717e-04 
  4.67484e-01  2.98050e-04  1.46523e-04 
  4.68734e-01  8.57868e-05  1.46328e-04 
  4.69985e-01  1.25832e-04  1.46134e-04 
  4.71236e-01  3.65617e-04  1.45941e-04 
  4.72486e-01  4.22875e-04  1.45747e-04 
  4.73737e-01  1.15197e-04  1.45554e-04 
  4.74987e-01  1.42645e-04  1.45361e-04 
  4.76238e-01  -5.99885e-05 1.45169e-04 
  4.77489e-01  8.30973e-05  1.44976e-04 
  4.78739e-01  1.72045e-04  1.44784e-04 
  4.79990e-01  1.58756e-04  1.44593e-04 
  4.81241e-01  2.52825e-04  1.44401e-04 
  4.82491e-01  2.33491e-04  1.44210e-04 
  4.83742e-01  1.40029e-04  1.44020e-04 
  4.84992e-01  2.86100e-04  1.43830e-04 
  4.86243e-01  2.67576e-04  1.43640e-04 
  4.87494e-01  1.42095e-04  1.43451e-04 
  4.88744e-01  -4.04817e-05 1.43262e-04 
  4.89995e-01  5.06987e-05  1.43073e-04 
  4.91246e-01  6.00412e-05  1.42886e-04 
  4.92496e-01  -3.32721e-05 1.42698e-04 
  4.93747e-01  1.75458e-04  1.42511e-04 
  4.94997e-01  -4.09380e-05 1.42325e-04 
  4.96248e-01  -8.31263e-05 1.42139e-04 
  4.97499e-01  1.49448e-04  1.41954e-04 
  4.98749e-01  -5.45820e-05 1.41769e-04 
  5.00000e-01  2.10037e-04  1.41585e-04 
