# Simulated data
# sigma generated using Sedlak et al, k=100000, c=0.55, https://doi.org/10.1107/S1600576717003077, and rebinned with 10 per bin)
# q            I            sigma       
  1.00000e-03  8.25602e+02  6.05833e+00 
  2.12531e-03  8.22419e+02  4.15397e+00 
  3.25063e-03  8.24155e+02  3.35648e+00 
  4.37594e-03  8.20312e+02  2.88999e+00 
  5.50125e-03  8.16917e+02  2.57416e+00 
  6.62657e-03  8.14925e+02  2.34169e+00 
  7.75188e-03  8.14138e+02  2.16096e+00 
  8.87719e-03  8.06855e+02  2.01493e+00 
  1.00025e-02  8.07217e+02  1.89349e+00 
  1.11278e-02  7.93897e+02  1.79020e+00 
  1.22531e-02  7.93052e+02  1.70075e+00 
  1.33784e-02  7.88426e+02  1.62214e+00 
  1.45038e-02  7.81174e+02  1.55221e+00 
  1.56291e-02  7.75551e+02  1.48932e+00 
  1.67544e-02  7.72205e+02  1.43227e+00 
  1.78797e-02  7.64034e+02  1.38010e+00 
  1.90050e-02  7.53967e+02  1.33207e+00 
  2.01303e-02  7.48760e+02  1.28757e+00 
  2.12556e-02  7.39469e+02  1.24613e+00 
  2.23810e-02  7.30164e+02  1.20734e+00 
  2.35063e-02  7.24113e+02  1.17087e+00 
  2.46316e-02  7.11735e+02  1.13645e+00 
  2.57569e-02  7.00745e+02  1.10385e+00 
  2.68822e-02  6.91825e+02  1.07288e+00 
  2.80075e-02  6.83051e+02  1.04335e+00 
  2.91328e-02  6.72503e+02  1.01513e+00 
  3.02581e-02  6.61572e+02  9.88091e-01 
  3.13835e-02  6.50618e+02  9.62128e-01 
  3.25088e-02  6.39733e+02  9.37143e-01 
  3.36341e-02  6.29777e+02  9.13053e-01 
  3.47594e-02  6.16787e+02  8.89786e-01 
  3.58847e-02  6.04615e+02  8.67276e-01 
  3.70100e-02  5.93283e+02  8.45466e-01 
  3.81353e-02  5.79106e+02  8.24305e-01 
  3.92607e-02  5.67628e+02  8.03747e-01 
  4.03860e-02  5.55646e+02  7.83752e-01 
  4.15113e-02  5.42415e+02  7.64284e-01 
  4.26366e-02  5.29956e+02  7.45310e-01 
  4.37619e-02  5.17178e+02  7.26800e-01 
  4.48872e-02  5.04699e+02  7.08728e-01 
  4.60125e-02  4.91996e+02  6.91071e-01 
  4.71378e-02  4.78798e+02  6.73805e-01 
  4.82632e-02  4.66103e+02  6.56913e-01 
  4.93885e-02  4.51837e+02  6.40376e-01 
  5.05138e-02  4.39162e+02  6.24177e-01 
  5.16391e-02  4.27632e+02  6.08304e-01 
  5.27644e-02  4.14222e+02  5.92741e-01 
  5.38897e-02  4.01515e+02  5.77477e-01 
  5.50150e-02  3.88249e+02  5.62502e-01 
  5.61404e-02  3.76820e+02  5.47804e-01 
  5.72657e-02  3.63999e+02  5.33375e-01 
  5.83910e-02  3.50454e+02  5.19206e-01 
  5.95163e-02  3.39219e+02  5.05290e-01 
  6.06416e-02  3.27453e+02  4.91620e-01 
  6.17669e-02  3.15207e+02  4.78190e-01 
  6.28922e-02  3.02605e+02  4.64992e-01 
  6.40175e-02  2.90206e+02  4.52023e-01 
  6.51429e-02  2.79918e+02  4.39278e-01 
  6.62682e-02  2.69275e+02  4.26751e-01 
  6.73935e-02  2.57647e+02  4.14439e-01 
  6.85188e-02  2.46458e+02  4.02339e-01 
  6.96441e-02  2.34840e+02  3.90446e-01 
  7.07694e-02  2.25944e+02  3.78757e-01 
  7.18947e-02  2.14946e+02  3.67270e-01 
  7.30201e-02  2.05402e+02  3.55982e-01 
  7.41454e-02  1.96276e+02  3.44891e-01 
  7.52707e-02  1.85622e+02  3.33995e-01 
  7.63960e-02  1.75932e+02  3.23291e-01 
  7.75213e-02  1.68021e+02  3.12777e-01 
  7.86466e-02  1.58770e+02  3.02453e-01 
  7.97719e-02  1.50355e+02  2.92316e-01 
  8.08972e-02  1.41913e+02  2.82365e-01 
  8.20226e-02  1.34072e+02  2.72599e-01 
  8.31479e-02  1.26991e+02  2.63016e-01 
  8.42732e-02  1.19000e+02  2.53616e-01 
  8.53985e-02  1.11382e+02  2.44398e-01 
  8.65238e-02  1.05031e+02  2.35360e-01 
  8.76491e-02  9.81548e+01  2.26502e-01 
  8.87744e-02  9.24190e+01  2.17823e-01 
  8.98997e-02  8.59133e+01  2.09323e-01 
  9.10251e-02  7.95727e+01  2.01001e-01 
  9.21504e-02  7.42821e+01  1.92857e-01 
  9.32757e-02  6.89987e+01  1.84890e-01 
  9.44010e-02  6.40779e+01  1.77100e-01 
  9.55263e-02  5.87708e+01  1.69486e-01 
  9.66516e-02  5.43643e+01  1.62050e-01 
  9.77769e-02  4.99058e+01  1.54790e-01 
  9.89023e-02  4.55684e+01  1.47706e-01 
  1.00028e-01  4.18965e+01  1.40800e-01 
  1.01153e-01  3.80820e+01  1.34071e-01 
  1.02278e-01  3.44141e+01  1.27520e-01 
  1.03404e-01  3.12399e+01  1.21147e-01 
  1.04529e-01  2.83212e+01  1.14955e-01 
  1.05654e-01  2.54841e+01  1.08943e-01 
  1.06779e-01  2.26701e+01  1.03113e-01 
  1.07905e-01  2.00587e+01  9.74685e-02 
  1.09030e-01  1.80553e+01  9.20102e-02 
  1.10155e-01  1.57567e+01  8.67416e-02 
  1.11281e-01  1.37646e+01  8.16659e-02 
  1.12406e-01  1.19882e+01  7.67875e-02 
  1.13531e-01  1.04852e+01  7.21111e-02 
  1.14657e-01  8.91763e+00  6.76429e-02 
  1.15782e-01  7.60982e+00  6.33896e-02 
  1.16907e-01  6.27538e+00  5.93597e-02 
  1.18033e-01  5.36966e+00  5.55628e-02 
  1.19158e-01  4.29654e+00  5.20098e-02 
  1.20283e-01  3.44607e+00  4.87132e-02 
  1.21409e-01  2.76356e+00  4.56870e-02 
  1.22534e-01  2.04667e+00  4.29456e-02 
  1.23659e-01  1.71451e+00  4.05041e-02 
  1.24784e-01  1.19987e+00  3.83764e-02 
  1.25910e-01  8.16751e-01  3.65740e-02 
  1.27035e-01  6.46110e-01  3.51044e-02 
  1.28160e-01  3.87398e-01  3.39686e-02 
  1.29286e-01  3.00528e-01  3.31603e-02 
  1.30411e-01  1.90732e-01  3.26647e-02 
  1.31536e-01  1.59608e-01  3.24590e-02 
  1.32662e-01  2.39289e-01  3.25138e-02 
  1.33787e-01  3.57204e-01  3.27952e-02 
  1.34912e-01  4.42412e-01  3.32674e-02 
  1.36038e-01  5.89683e-01  3.38948e-02 
  1.37163e-01  7.69717e-01  3.46437e-02 
  1.38288e-01  9.84163e-01  3.54836e-02 
  1.39414e-01  1.20441e+00  3.63875e-02 
  1.40539e-01  1.47925e+00  3.73319e-02 
  1.41664e-01  1.72518e+00  3.82971e-02 
  1.42789e-01  2.02299e+00  3.92667e-02 
  1.43915e-01  2.38361e+00  4.02267e-02 
  1.45040e-01  2.62142e+00  4.11662e-02 
  1.46165e-01  2.97437e+00  4.20757e-02 
  1.47291e-01  3.18526e+00  4.29482e-02 
  1.48416e-01  3.54565e+00  4.37775e-02 
  1.49541e-01  3.73538e+00  4.45591e-02 
  1.50667e-01  4.05045e+00  4.52894e-02 
  1.51792e-01  4.30515e+00  4.59656e-02 
  1.52917e-01  4.57267e+00  4.65858e-02 
  1.54043e-01  4.79019e+00  4.71484e-02 
  1.55168e-01  4.98684e+00  4.76528e-02 
  1.56293e-01  5.12083e+00  4.80983e-02 
  1.57419e-01  5.41330e+00  4.84849e-02 
  1.58544e-01  5.63469e+00  4.88129e-02 
  1.59669e-01  5.71803e+00  4.90827e-02 
  1.60794e-01  5.81777e+00  4.92952e-02 
  1.61920e-01  6.00459e+00  4.94511e-02 
  1.63045e-01  6.14968e+00  4.95516e-02 
  1.64170e-01  6.18644e+00  4.95980e-02 
  1.65296e-01  6.30148e+00  4.95916e-02 
  1.66421e-01  6.22214e+00  4.95339e-02 
  1.67546e-01  6.32386e+00  4.94265e-02 
  1.68672e-01  6.30933e+00  4.92710e-02 
  1.69797e-01  6.19820e+00  4.90691e-02 
  1.70922e-01  6.25124e+00  4.88227e-02 
  1.72048e-01  6.20684e+00  4.85335e-02 
  1.73173e-01  6.10235e+00  4.82035e-02 
  1.74298e-01  6.12659e+00  4.78347e-02 
  1.75424e-01  5.94534e+00  4.74289e-02 
  1.76549e-01  5.85813e+00  4.69883e-02 
  1.77674e-01  5.81465e+00  4.65148e-02 
  1.78799e-01  5.67643e+00  4.60105e-02 
  1.79925e-01  5.43085e+00  4.54775e-02 
  1.81050e-01  5.33463e+00  4.49179e-02 
  1.82175e-01  5.15597e+00  4.43338e-02 
  1.83301e-01  5.01744e+00  4.37274e-02 
  1.84426e-01  4.77460e+00  4.31007e-02 
  1.85551e-01  4.56407e+00  4.24561e-02 
  1.86677e-01  4.42283e+00  4.17956e-02 
  1.87802e-01  4.21283e+00  4.11214e-02 
  1.88927e-01  3.97764e+00  4.04358e-02 
  1.90053e-01  3.83889e+00  3.97409e-02 
  1.91178e-01  3.63820e+00  3.90389e-02 
  1.92303e-01  3.41526e+00  3.83321e-02 
  1.93429e-01  3.24732e+00  3.76225e-02 
  1.94554e-01  3.08056e+00  3.69125e-02 
  1.95679e-01  2.87953e+00  3.62043e-02 
  1.96805e-01  2.64154e+00  3.54999e-02 
  1.97930e-01  2.48487e+00  3.48016e-02 
  1.99055e-01  2.31695e+00  3.41116e-02 
  2.00180e-01  2.12775e+00  3.34319e-02 
  2.01306e-01  1.99054e+00  3.27647e-02 
  2.02431e-01  1.76056e+00  3.21121e-02 
  2.03556e-01  1.69212e+00  3.14760e-02 
  2.04682e-01  1.47729e+00  3.08584e-02 
  2.05807e-01  1.34323e+00  3.02611e-02 
  2.06932e-01  1.19154e+00  2.96861e-02 
  2.08058e-01  1.03285e+00  2.91349e-02 
  2.09183e-01  9.37840e-01  2.86092e-02 
  2.10308e-01  8.05278e-01  2.81103e-02 
  2.11434e-01  6.86434e-01  2.76396e-02 
  2.12559e-01  6.17606e-01  2.71983e-02 
  2.13684e-01  5.68244e-01  2.67871e-02 
  2.14810e-01  5.10122e-01  2.64069e-02 
  2.15935e-01  3.64012e-01  2.60583e-02 
  2.17060e-01  3.31126e-01  2.57414e-02 
  2.18185e-01  2.50041e-01  2.54564e-02 
  2.19311e-01  2.14180e-01  2.52031e-02 
  2.20436e-01  2.03934e-01  2.49811e-02 
  2.21561e-01  1.31949e-01  2.47897e-02 
  2.22687e-01  7.80479e-02  2.46282e-02 
  2.23812e-01  1.27179e-01  2.44954e-02 
  2.24937e-01  1.19760e-01  2.43901e-02 
  2.26063e-01  1.12673e-01  2.43109e-02 
  2.27188e-01  6.12765e-02  2.42563e-02 
  2.28313e-01  6.69195e-02  2.42245e-02 
  2.29439e-01  9.88718e-02  2.42138e-02 
  2.30564e-01  1.08482e-01  2.42223e-02 
  2.31689e-01  1.40284e-01  2.42482e-02 
  2.32815e-01  1.56932e-01  2.42895e-02 
  2.33940e-01  1.69991e-01  2.43445e-02 
  2.35065e-01  2.08527e-01  2.44111e-02 
  2.36190e-01  2.57316e-01  2.44875e-02 
  2.37316e-01  3.27553e-01  2.45720e-02 
  2.38441e-01  3.42608e-01  2.46628e-02 
  2.39566e-01  3.80208e-01  2.47583e-02 
  2.40692e-01  4.36444e-01  2.48569e-02 
  2.41817e-01  4.79133e-01  2.49571e-02 
  2.42942e-01  5.15185e-01  2.50576e-02 
  2.44068e-01  5.30795e-01  2.51571e-02 
  2.45193e-01  6.11011e-01  2.52543e-02 
  2.46318e-01  6.09648e-01  2.53483e-02 
  2.47444e-01  6.76436e-01  2.54379e-02 
  2.48569e-01  7.13226e-01  2.55223e-02 
  2.49694e-01  7.41916e-01  2.56006e-02 
  2.50820e-01  7.88364e-01  2.56722e-02 
  2.51945e-01  8.21462e-01  2.57364e-02 
  2.53070e-01  8.17083e-01  2.57927e-02 
  2.54195e-01  8.76007e-01  2.58405e-02 
  2.55321e-01  8.87063e-01  2.58794e-02 
  2.56446e-01  9.72719e-01  2.59093e-02 
  2.57571e-01  9.67839e-01  2.59296e-02 
  2.58697e-01  1.00222e+00  2.59404e-02 
  2.59822e-01  1.03941e+00  2.59415e-02 
  2.60947e-01  1.04313e+00  2.59327e-02 
  2.62073e-01  1.04047e+00  2.59141e-02 
  2.63198e-01  1.05385e+00  2.58857e-02 
  2.64323e-01  1.05631e+00  2.58476e-02 
  2.65449e-01  1.07768e+00  2.57999e-02 
  2.66574e-01  1.04630e+00  2.57429e-02 
  2.67699e-01  1.06033e+00  2.56766e-02 
  2.68825e-01  1.00672e+00  2.56015e-02 
  2.69950e-01  1.03666e+00  2.55178e-02 
  2.71075e-01  1.04352e+00  2.54258e-02 
  2.72201e-01  9.97492e-01  2.53259e-02 
  2.73326e-01  9.88538e-01  2.52185e-02 
  2.74451e-01  9.39804e-01  2.51040e-02 
  2.75576e-01  9.29180e-01  2.49828e-02 
  2.76702e-01  9.09570e-01  2.48555e-02 
  2.77827e-01  9.04773e-01  2.47224e-02 
  2.78952e-01  8.81481e-01  2.45842e-02 
  2.80078e-01  8.52890e-01  2.44412e-02 
  2.81203e-01  8.51546e-01  2.42941e-02 
  2.82328e-01  7.48605e-01  2.41435e-02 
  2.83454e-01  7.89232e-01  2.39897e-02 
  2.84579e-01  7.09537e-01  2.38335e-02 
  2.85704e-01  6.60010e-01  2.36753e-02 
  2.86830e-01  6.68959e-01  2.35158e-02 
  2.87955e-01  6.32682e-01  2.33554e-02 
  2.89080e-01  5.79164e-01  2.31947e-02 
  2.90206e-01  5.41982e-01  2.30344e-02 
  2.91331e-01  5.31675e-01  2.28749e-02 
  2.92456e-01  4.94017e-01  2.27167e-02 
  2.93581e-01  4.34280e-01  2.25603e-02 
  2.94707e-01  3.80069e-01  2.24064e-02 
  2.95832e-01  3.50541e-01  2.22552e-02 
  2.96957e-01  3.53000e-01  2.21074e-02 
  2.98083e-01  2.94496e-01  2.19632e-02 
  2.99208e-01  2.88779e-01  2.18232e-02 
  3.00333e-01  2.77430e-01  2.16877e-02 
  3.01459e-01  2.06936e-01  2.15570e-02 
  3.02584e-01  2.22375e-01  2.14314e-02 
  3.03709e-01  1.89451e-01  2.13113e-02 
  3.04835e-01  1.59004e-01  2.11968e-02 
  3.05960e-01  1.32158e-01  2.10882e-02 
  3.07085e-01  1.32614e-01  2.09856e-02 
  3.08211e-01  7.24769e-02  2.08892e-02 
  3.09336e-01  8.30395e-02  2.07991e-02 
  3.10461e-01  1.13323e-01  2.07152e-02 
  3.11586e-01  7.97710e-02  2.06376e-02 
  3.12712e-01  4.92043e-02  2.05663e-02 
  3.13837e-01  1.23291e-02  2.05013e-02 
  3.14962e-01  5.41379e-02  2.04423e-02 
  3.16088e-01  5.78634e-02  2.03894e-02 
  3.17213e-01  1.27438e-02  2.03423e-02 
  3.18338e-01  3.70406e-02  2.03008e-02 
  3.19464e-01  2.36968e-02  2.02647e-02 
  3.20589e-01  1.15944e-03  2.02338e-02 
  3.21714e-01  4.52964e-02  2.02079e-02 
  3.22840e-01  4.42363e-02  2.01865e-02 
  3.23965e-01  5.04474e-02  2.01694e-02 
  3.25090e-01  5.98407e-02  2.01564e-02 
  3.26216e-01  8.27822e-02  2.01470e-02 
  3.27341e-01  8.56810e-02  2.01409e-02 
  3.28466e-01  7.13860e-02  2.01378e-02 
  3.29591e-01  1.36474e-01  2.01374e-02 
  3.30717e-01  9.42792e-02  2.01392e-02 
  3.31842e-01  9.39420e-02  2.01430e-02 
  3.32967e-01  1.53105e-01  2.01483e-02 
  3.34093e-01  1.29756e-01  2.01549e-02 
  3.35218e-01  1.11007e-01  2.01624e-02 
  3.36343e-01  1.62177e-01  2.01704e-02 
  3.37469e-01  1.70971e-01  2.01788e-02 
  3.38594e-01  1.86454e-01  2.01871e-02 
  3.39719e-01  2.39640e-01  2.01950e-02 
  3.40845e-01  2.29923e-01  2.02024e-02 
  3.41970e-01  2.20548e-01  2.02089e-02 
  3.43095e-01  2.54087e-01  2.02144e-02 
  3.44221e-01  3.06776e-01  2.02185e-02 
  3.45346e-01  2.52566e-01  2.02210e-02 
  3.46471e-01  2.64179e-01  2.02219e-02 
  3.47596e-01  2.87631e-01  2.02208e-02 
  3.48722e-01  2.87535e-01  2.02176e-02 
  3.49847e-01  3.12381e-01  2.02123e-02 
  3.50972e-01  3.08948e-01  2.02047e-02 
  3.52098e-01  3.26716e-01  2.01946e-02 
  3.53223e-01  2.87312e-01  2.01820e-02 
  3.54348e-01  3.25695e-01  2.01669e-02 
  3.55474e-01  3.49353e-01  2.01492e-02 
  3.56599e-01  3.25128e-01  2.01288e-02 
  3.57724e-01  3.37626e-01  2.01057e-02 
  3.58850e-01  3.14995e-01  2.00800e-02 
  3.59975e-01  3.55194e-01  2.00516e-02 
  3.61100e-01  3.23940e-01  2.00207e-02 
  3.62226e-01  3.47558e-01  1.99871e-02 
  3.63351e-01  3.13896e-01  1.99511e-02 
  3.64476e-01  3.35358e-01  1.99125e-02 
  3.65602e-01  3.19739e-01  1.98717e-02 
  3.66727e-01  3.35568e-01  1.98286e-02 
  3.67852e-01  2.92028e-01  1.97833e-02 
  3.68977e-01  3.37861e-01  1.97360e-02 
  3.70103e-01  3.11352e-01  1.96868e-02 
  3.71228e-01  2.83123e-01  1.96357e-02 
  3.72353e-01  2.84934e-01  1.95831e-02 
  3.73479e-01  2.56421e-01  1.95289e-02 
  3.74604e-01  2.94521e-01  1.94734e-02 
  3.75729e-01  2.70033e-01  1.94167e-02 
  3.76855e-01  2.60603e-01  1.93590e-02 
  3.77980e-01  2.55066e-01  1.93004e-02 
  3.79105e-01  2.54060e-01  1.92412e-02 
  3.80231e-01  2.19574e-01  1.91813e-02 
  3.81356e-01  2.27339e-01  1.91211e-02 
  3.82481e-01  2.03072e-01  1.90607e-02 
  3.83607e-01  2.02223e-01  1.90003e-02 
  3.84732e-01  1.95057e-01  1.89400e-02 
  3.85857e-01  1.71993e-01  1.88799e-02 
  3.86982e-01  1.67873e-01  1.88203e-02 
  3.88108e-01  1.26379e-01  1.87613e-02 
  3.89233e-01  1.40029e-01  1.87030e-02 
  3.90358e-01  1.47638e-01  1.86455e-02 
  3.91484e-01  1.20246e-01  1.85890e-02 
  3.92609e-01  1.37527e-01  1.85337e-02 
  3.93734e-01  1.02857e-01  1.84795e-02 
  3.94860e-01  1.07082e-01  1.84267e-02 
  3.95985e-01  8.98410e-02  1.83753e-02 
  3.97110e-01  6.85337e-02  1.83254e-02 
  3.98236e-01  7.99065e-02  1.82771e-02 
  3.99361e-01  9.13936e-02  1.82304e-02 
  4.00486e-01  8.29992e-03  1.81854e-02 
  4.01612e-01  3.37600e-02  1.81422e-02 
  4.02737e-01  6.24867e-02  1.81008e-02 
  4.03862e-01  2.71545e-02  1.80612e-02 
  4.04987e-01  4.87632e-02  1.80233e-02 
  4.06113e-01  4.61760e-02  1.79874e-02 
  4.07238e-01  3.53022e-02  1.79532e-02 
  4.08363e-01  1.55184e-02  1.79208e-02 
  4.09489e-01  4.36665e-02  1.78902e-02 
  4.10614e-01  2.49476e-02  1.78613e-02 
  4.11739e-01  1.51551e-02  1.78341e-02 
  4.12865e-01  3.39251e-02  1.78085e-02 
  4.13990e-01  -8.99896e-03 1.77846e-02 
  4.15115e-01  5.24936e-02  1.77621e-02 
  4.16241e-01  6.69798e-03  1.77411e-02 
  4.17366e-01  3.20949e-02  1.77214e-02 
  4.18491e-01  3.92108e-02  1.77030e-02 
  4.19617e-01  4.26784e-02  1.76857e-02 
  4.20742e-01  4.15452e-02  1.76696e-02 
  4.21867e-01  4.22622e-02  1.76545e-02 
  4.22992e-01  6.07889e-02  1.76402e-02 
  4.24118e-01  5.40927e-02  1.76268e-02 
  4.25243e-01  5.30716e-02  1.76140e-02 
  4.26368e-01  6.84080e-02  1.76018e-02 
  4.27494e-01  3.55295e-02  1.75902e-02 
  4.28619e-01  3.57842e-02  1.75789e-02 
  4.29744e-01  4.50109e-02  1.75679e-02 
  4.30870e-01  5.14579e-02  1.75571e-02 
  4.31995e-01  5.11584e-02  1.75463e-02 
  4.33120e-01  9.50324e-02  1.75356e-02 
  4.34246e-01  7.77600e-02  1.75248e-02 
  4.35371e-01  6.18830e-02  1.75138e-02 
  4.36496e-01  9.28146e-02  1.75026e-02 
  4.37622e-01  1.18646e-01  1.74911e-02 
  4.38747e-01  1.12447e-01  1.74791e-02 
  4.39872e-01  6.52685e-02  1.74667e-02 
  4.40997e-01  1.24912e-01  1.74537e-02 
  4.42123e-01  9.35298e-02  1.74401e-02 
  4.43248e-01  1.44712e-01  1.74259e-02 
  4.44373e-01  1.13792e-01  1.74111e-02 
  4.45499e-01  1.02622e-01  1.73955e-02 
  4.46624e-01  1.01127e-01  1.73791e-02 
  4.47749e-01  1.29448e-01  1.73620e-02 
  4.48875e-01  1.08857e-01  1.73440e-02 
  4.50000e-01  1.10645e-01  1.73253e-02 
