# r                 p(r)             
  3.77954e-01       5.23361e-04      
  1.13386e+00       3.56753e-03      
  1.88977e+00       9.55016e-03      
  2.64568e+00       1.81500e-02      
  3.40159e+00       2.95467e-02      
  4.15749e+00       4.30421e-02      
  4.91340e+00       5.90977e-02      
  5.66931e+00       7.71390e-02      
  6.42522e+00       9.72934e-02      
  7.18113e+00       1.18647e-01      
  7.93703e+00       1.42081e-01      
  8.69294e+00       1.66781e-01      
  9.44885e+00       1.93666e-01      
  1.02048e+01       2.21647e-01      
  1.09607e+01       2.49480e-01      
  1.17166e+01       2.79545e-01      
  1.24725e+01       3.09043e-01      
  1.32284e+01       3.39834e-01      
  1.39843e+01       3.72114e-01      
  1.47402e+01       4.03456e-01      
  1.54961e+01       4.34870e-01      
  1.62520e+01       4.67961e-01      
  1.70079e+01       4.99212e-01      
  1.77638e+01       5.30584e-01      
  1.85197e+01       5.62668e-01      
  1.92757e+01       5.93983e-01      
  2.00316e+01       6.26194e-01      
  2.07875e+01       6.55798e-01      
  2.15434e+01       6.84777e-01      
  2.22993e+01       7.14716e-01      
  2.30552e+01       7.42703e-01      
  2.38111e+01       7.68817e-01      
  2.45670e+01       7.94638e-01      
  2.53229e+01       8.18997e-01      
  2.60788e+01       8.42094e-01      
  2.68347e+01       8.64026e-01      
  2.75906e+01       8.84666e-01      
  2.83466e+01       9.03277e-01      
  2.91025e+01       9.20186e-01      
  2.98584e+01       9.36090e-01      
  3.06143e+01       9.50731e-01      
  3.13702e+01       9.63744e-01      
  3.21261e+01       9.74641e-01      
  3.28820e+01       9.84572e-01      
  3.36379e+01       9.91097e-01      
  3.43938e+01       9.95979e-01      
  3.51497e+01       9.99232e-01      
  3.59056e+01       1.00000e+00      
  3.66615e+01       9.99793e-01      
  3.74174e+01       9.96943e-01      
  3.81734e+01       9.92351e-01      
  3.89293e+01       9.85212e-01      
  3.96852e+01       9.76250e-01      
  4.04411e+01       9.65420e-01      
  4.11970e+01       9.52444e-01      
  4.19529e+01       9.38040e-01      
  4.27088e+01       9.21487e-01      
  4.34647e+01       9.02691e-01      
  4.42206e+01       8.81836e-01      
  4.49765e+01       8.60138e-01      
  4.57324e+01       8.36189e-01      
  4.64883e+01       8.10966e-01      
  4.72443e+01       7.84471e-01      
  4.80002e+01       7.56257e-01      
  4.87561e+01       7.27270e-01      
  4.95120e+01       6.96107e-01      
  5.02679e+01       6.64515e-01      
  5.10238e+01       6.31636e-01      
  5.17797e+01       5.97546e-01      
  5.25356e+01       5.62538e-01      
  5.32915e+01       5.26968e-01      
  5.40474e+01       4.91151e-01      
  5.48033e+01       4.54897e-01      
  5.55592e+01       4.18781e-01      
  5.63151e+01       3.82712e-01      
  5.70711e+01       3.47083e-01      
  5.78270e+01       3.12017e-01      
  5.85829e+01       2.77605e-01      
  5.93388e+01       2.44065e-01      
  6.00947e+01       2.11550e-01      
  6.08506e+01       1.80082e-01      
  6.16065e+01       1.50251e-01      
  6.23624e+01       1.22353e-01      
  6.31183e+01       9.65122e-02      
  6.38742e+01       7.33798e-02      
  6.46301e+01       5.31449e-02      
  6.53860e+01       3.62566e-02      
  6.61420e+01       2.27763e-02      
  6.68979e+01       1.29009e-02      
  6.76538e+01       6.45582e-03      
  6.84097e+01       2.74657e-03      
  6.91656e+01       9.73466e-04      
  6.99215e+01       2.84250e-04      
  7.06774e+01       6.24059e-05      
  7.14333e+01       8.37138e-06      
  7.21892e+01       1.24111e-07      
  7.29451e+01       0.00000e+00      
  7.37010e+01       0.00000e+00      
  7.44569e+01       0.00000e+00      
  7.52129e+01       0.00000e+00      
