# Structure factor, S(q), used in: I(q) = P(q)*S(q)
# Default: S(q) = 1.0
# q                 S(q)             
  1.00000e-03      1.00000e+00      
  2.12531e-03      1.00000e+00      
  3.25063e-03      1.00000e+00      
  4.37594e-03      1.00000e+00      
  5.50125e-03      1.00000e+00      
  6.62657e-03      1.00000e+00      
  7.75188e-03      1.00000e+00      
  8.87719e-03      1.00000e+00      
  1.00025e-02      1.00000e+00      
  1.11278e-02      1.00000e+00      
  1.22531e-02      1.00000e+00      
  1.33784e-02      1.00000e+00      
  1.45038e-02      1.00000e+00      
  1.56291e-02      1.00000e+00      
  1.67544e-02      1.00000e+00      
  1.78797e-02      1.00000e+00      
  1.90050e-02      1.00000e+00      
  2.01303e-02      1.00000e+00      
  2.12556e-02      1.00000e+00      
  2.23810e-02      1.00000e+00      
  2.35063e-02      1.00000e+00      
  2.46316e-02      1.00000e+00      
  2.57569e-02      1.00000e+00      
  2.68822e-02      1.00000e+00      
  2.80075e-02      1.00000e+00      
  2.91328e-02      1.00000e+00      
  3.02581e-02      1.00000e+00      
  3.13835e-02      1.00000e+00      
  3.25088e-02      1.00000e+00      
  3.36341e-02      1.00000e+00      
  3.47594e-02      1.00000e+00      
  3.58847e-02      1.00000e+00      
  3.70100e-02      1.00000e+00      
  3.81353e-02      1.00000e+00      
  3.92607e-02      1.00000e+00      
  4.03860e-02      1.00000e+00      
  4.15113e-02      1.00000e+00      
  4.26366e-02      1.00000e+00      
  4.37619e-02      1.00000e+00      
  4.48872e-02      1.00000e+00      
  4.60125e-02      1.00000e+00      
  4.71378e-02      1.00000e+00      
  4.82632e-02      1.00000e+00      
  4.93885e-02      1.00000e+00      
  5.05138e-02      1.00000e+00      
  5.16391e-02      1.00000e+00      
  5.27644e-02      1.00000e+00      
  5.38897e-02      1.00000e+00      
  5.50150e-02      1.00000e+00      
  5.61404e-02      1.00000e+00      
  5.72657e-02      1.00000e+00      
  5.83910e-02      1.00000e+00      
  5.95163e-02      1.00000e+00      
  6.06416e-02      1.00000e+00      
  6.17669e-02      1.00000e+00      
  6.28922e-02      1.00000e+00      
  6.40175e-02      1.00000e+00      
  6.51429e-02      1.00000e+00      
  6.62682e-02      1.00000e+00      
  6.73935e-02      1.00000e+00      
  6.85188e-02      1.00000e+00      
  6.96441e-02      1.00000e+00      
  7.07694e-02      1.00000e+00      
  7.18947e-02      1.00000e+00      
  7.30201e-02      1.00000e+00      
  7.41454e-02      1.00000e+00      
  7.52707e-02      1.00000e+00      
  7.63960e-02      1.00000e+00      
  7.75213e-02      1.00000e+00      
  7.86466e-02      1.00000e+00      
  7.97719e-02      1.00000e+00      
  8.08972e-02      1.00000e+00      
  8.20226e-02      1.00000e+00      
  8.31479e-02      1.00000e+00      
  8.42732e-02      1.00000e+00      
  8.53985e-02      1.00000e+00      
  8.65238e-02      1.00000e+00      
  8.76491e-02      1.00000e+00      
  8.87744e-02      1.00000e+00      
  8.98997e-02      1.00000e+00      
  9.10251e-02      1.00000e+00      
  9.21504e-02      1.00000e+00      
  9.32757e-02      1.00000e+00      
  9.44010e-02      1.00000e+00      
  9.55263e-02      1.00000e+00      
  9.66516e-02      1.00000e+00      
  9.77769e-02      1.00000e+00      
  9.89023e-02      1.00000e+00      
  1.00028e-01      1.00000e+00      
  1.01153e-01      1.00000e+00      
  1.02278e-01      1.00000e+00      
  1.03404e-01      1.00000e+00      
  1.04529e-01      1.00000e+00      
  1.05654e-01      1.00000e+00      
  1.06779e-01      1.00000e+00      
  1.07905e-01      1.00000e+00      
  1.09030e-01      1.00000e+00      
  1.10155e-01      1.00000e+00      
  1.11281e-01      1.00000e+00      
  1.12406e-01      1.00000e+00      
  1.13531e-01      1.00000e+00      
  1.14657e-01      1.00000e+00      
  1.15782e-01      1.00000e+00      
  1.16907e-01      1.00000e+00      
  1.18033e-01      1.00000e+00      
  1.19158e-01      1.00000e+00      
  1.20283e-01      1.00000e+00      
  1.21409e-01      1.00000e+00      
  1.22534e-01      1.00000e+00      
  1.23659e-01      1.00000e+00      
  1.24784e-01      1.00000e+00      
  1.25910e-01      1.00000e+00      
  1.27035e-01      1.00000e+00      
  1.28160e-01      1.00000e+00      
  1.29286e-01      1.00000e+00      
  1.30411e-01      1.00000e+00      
  1.31536e-01      1.00000e+00      
  1.32662e-01      1.00000e+00      
  1.33787e-01      1.00000e+00      
  1.34912e-01      1.00000e+00      
  1.36038e-01      1.00000e+00      
  1.37163e-01      1.00000e+00      
  1.38288e-01      1.00000e+00      
  1.39414e-01      1.00000e+00      
  1.40539e-01      1.00000e+00      
  1.41664e-01      1.00000e+00      
  1.42789e-01      1.00000e+00      
  1.43915e-01      1.00000e+00      
  1.45040e-01      1.00000e+00      
  1.46165e-01      1.00000e+00      
  1.47291e-01      1.00000e+00      
  1.48416e-01      1.00000e+00      
  1.49541e-01      1.00000e+00      
  1.50667e-01      1.00000e+00      
  1.51792e-01      1.00000e+00      
  1.52917e-01      1.00000e+00      
  1.54043e-01      1.00000e+00      
  1.55168e-01      1.00000e+00      
  1.56293e-01      1.00000e+00      
  1.57419e-01      1.00000e+00      
  1.58544e-01      1.00000e+00      
  1.59669e-01      1.00000e+00      
  1.60794e-01      1.00000e+00      
  1.61920e-01      1.00000e+00      
  1.63045e-01      1.00000e+00      
  1.64170e-01      1.00000e+00      
  1.65296e-01      1.00000e+00      
  1.66421e-01      1.00000e+00      
  1.67546e-01      1.00000e+00      
  1.68672e-01      1.00000e+00      
  1.69797e-01      1.00000e+00      
  1.70922e-01      1.00000e+00      
  1.72048e-01      1.00000e+00      
  1.73173e-01      1.00000e+00      
  1.74298e-01      1.00000e+00      
  1.75424e-01      1.00000e+00      
  1.76549e-01      1.00000e+00      
  1.77674e-01      1.00000e+00      
  1.78799e-01      1.00000e+00      
  1.79925e-01      1.00000e+00      
  1.81050e-01      1.00000e+00      
  1.82175e-01      1.00000e+00      
  1.83301e-01      1.00000e+00      
  1.84426e-01      1.00000e+00      
  1.85551e-01      1.00000e+00      
  1.86677e-01      1.00000e+00      
  1.87802e-01      1.00000e+00      
  1.88927e-01      1.00000e+00      
  1.90053e-01      1.00000e+00      
  1.91178e-01      1.00000e+00      
  1.92303e-01      1.00000e+00      
  1.93429e-01      1.00000e+00      
  1.94554e-01      1.00000e+00      
  1.95679e-01      1.00000e+00      
  1.96805e-01      1.00000e+00      
  1.97930e-01      1.00000e+00      
  1.99055e-01      1.00000e+00      
  2.00180e-01      1.00000e+00      
  2.01306e-01      1.00000e+00      
  2.02431e-01      1.00000e+00      
  2.03556e-01      1.00000e+00      
  2.04682e-01      1.00000e+00      
  2.05807e-01      1.00000e+00      
  2.06932e-01      1.00000e+00      
  2.08058e-01      1.00000e+00      
  2.09183e-01      1.00000e+00      
  2.10308e-01      1.00000e+00      
  2.11434e-01      1.00000e+00      
  2.12559e-01      1.00000e+00      
  2.13684e-01      1.00000e+00      
  2.14810e-01      1.00000e+00      
  2.15935e-01      1.00000e+00      
  2.17060e-01      1.00000e+00      
  2.18185e-01      1.00000e+00      
  2.19311e-01      1.00000e+00      
  2.20436e-01      1.00000e+00      
  2.21561e-01      1.00000e+00      
  2.22687e-01      1.00000e+00      
  2.23812e-01      1.00000e+00      
  2.24937e-01      1.00000e+00      
  2.26063e-01      1.00000e+00      
  2.27188e-01      1.00000e+00      
  2.28313e-01      1.00000e+00      
  2.29439e-01      1.00000e+00      
  2.30564e-01      1.00000e+00      
  2.31689e-01      1.00000e+00      
  2.32815e-01      1.00000e+00      
  2.33940e-01      1.00000e+00      
  2.35065e-01      1.00000e+00      
  2.36190e-01      1.00000e+00      
  2.37316e-01      1.00000e+00      
  2.38441e-01      1.00000e+00      
  2.39566e-01      1.00000e+00      
  2.40692e-01      1.00000e+00      
  2.41817e-01      1.00000e+00      
  2.42942e-01      1.00000e+00      
  2.44068e-01      1.00000e+00      
  2.45193e-01      1.00000e+00      
  2.46318e-01      1.00000e+00      
  2.47444e-01      1.00000e+00      
  2.48569e-01      1.00000e+00      
  2.49694e-01      1.00000e+00      
  2.50820e-01      1.00000e+00      
  2.51945e-01      1.00000e+00      
  2.53070e-01      1.00000e+00      
  2.54195e-01      1.00000e+00      
  2.55321e-01      1.00000e+00      
  2.56446e-01      1.00000e+00      
  2.57571e-01      1.00000e+00      
  2.58697e-01      1.00000e+00      
  2.59822e-01      1.00000e+00      
  2.60947e-01      1.00000e+00      
  2.62073e-01      1.00000e+00      
  2.63198e-01      1.00000e+00      
  2.64323e-01      1.00000e+00      
  2.65449e-01      1.00000e+00      
  2.66574e-01      1.00000e+00      
  2.67699e-01      1.00000e+00      
  2.68825e-01      1.00000e+00      
  2.69950e-01      1.00000e+00      
  2.71075e-01      1.00000e+00      
  2.72201e-01      1.00000e+00      
  2.73326e-01      1.00000e+00      
  2.74451e-01      1.00000e+00      
  2.75576e-01      1.00000e+00      
  2.76702e-01      1.00000e+00      
  2.77827e-01      1.00000e+00      
  2.78952e-01      1.00000e+00      
  2.80078e-01      1.00000e+00      
  2.81203e-01      1.00000e+00      
  2.82328e-01      1.00000e+00      
  2.83454e-01      1.00000e+00      
  2.84579e-01      1.00000e+00      
  2.85704e-01      1.00000e+00      
  2.86830e-01      1.00000e+00      
  2.87955e-01      1.00000e+00      
  2.89080e-01      1.00000e+00      
  2.90206e-01      1.00000e+00      
  2.91331e-01      1.00000e+00      
  2.92456e-01      1.00000e+00      
  2.93581e-01      1.00000e+00      
  2.94707e-01      1.00000e+00      
  2.95832e-01      1.00000e+00      
  2.96957e-01      1.00000e+00      
  2.98083e-01      1.00000e+00      
  2.99208e-01      1.00000e+00      
  3.00333e-01      1.00000e+00      
  3.01459e-01      1.00000e+00      
  3.02584e-01      1.00000e+00      
  3.03709e-01      1.00000e+00      
  3.04835e-01      1.00000e+00      
  3.05960e-01      1.00000e+00      
  3.07085e-01      1.00000e+00      
  3.08211e-01      1.00000e+00      
  3.09336e-01      1.00000e+00      
  3.10461e-01      1.00000e+00      
  3.11586e-01      1.00000e+00      
  3.12712e-01      1.00000e+00      
  3.13837e-01      1.00000e+00      
  3.14962e-01      1.00000e+00      
  3.16088e-01      1.00000e+00      
  3.17213e-01      1.00000e+00      
  3.18338e-01      1.00000e+00      
  3.19464e-01      1.00000e+00      
  3.20589e-01      1.00000e+00      
  3.21714e-01      1.00000e+00      
  3.22840e-01      1.00000e+00      
  3.23965e-01      1.00000e+00      
  3.25090e-01      1.00000e+00      
  3.26216e-01      1.00000e+00      
  3.27341e-01      1.00000e+00      
  3.28466e-01      1.00000e+00      
  3.29591e-01      1.00000e+00      
  3.30717e-01      1.00000e+00      
  3.31842e-01      1.00000e+00      
  3.32967e-01      1.00000e+00      
  3.34093e-01      1.00000e+00      
  3.35218e-01      1.00000e+00      
  3.36343e-01      1.00000e+00      
  3.37469e-01      1.00000e+00      
  3.38594e-01      1.00000e+00      
  3.39719e-01      1.00000e+00      
  3.40845e-01      1.00000e+00      
  3.41970e-01      1.00000e+00      
  3.43095e-01      1.00000e+00      
  3.44221e-01      1.00000e+00      
  3.45346e-01      1.00000e+00      
  3.46471e-01      1.00000e+00      
  3.47596e-01      1.00000e+00      
  3.48722e-01      1.00000e+00      
  3.49847e-01      1.00000e+00      
  3.50972e-01      1.00000e+00      
  3.52098e-01      1.00000e+00      
  3.53223e-01      1.00000e+00      
  3.54348e-01      1.00000e+00      
  3.55474e-01      1.00000e+00      
  3.56599e-01      1.00000e+00      
  3.57724e-01      1.00000e+00      
  3.58850e-01      1.00000e+00      
  3.59975e-01      1.00000e+00      
  3.61100e-01      1.00000e+00      
  3.62226e-01      1.00000e+00      
  3.63351e-01      1.00000e+00      
  3.64476e-01      1.00000e+00      
  3.65602e-01      1.00000e+00      
  3.66727e-01      1.00000e+00      
  3.67852e-01      1.00000e+00      
  3.68977e-01      1.00000e+00      
  3.70103e-01      1.00000e+00      
  3.71228e-01      1.00000e+00      
  3.72353e-01      1.00000e+00      
  3.73479e-01      1.00000e+00      
  3.74604e-01      1.00000e+00      
  3.75729e-01      1.00000e+00      
  3.76855e-01      1.00000e+00      
  3.77980e-01      1.00000e+00      
  3.79105e-01      1.00000e+00      
  3.80231e-01      1.00000e+00      
  3.81356e-01      1.00000e+00      
  3.82481e-01      1.00000e+00      
  3.83607e-01      1.00000e+00      
  3.84732e-01      1.00000e+00      
  3.85857e-01      1.00000e+00      
  3.86982e-01      1.00000e+00      
  3.88108e-01      1.00000e+00      
  3.89233e-01      1.00000e+00      
  3.90358e-01      1.00000e+00      
  3.91484e-01      1.00000e+00      
  3.92609e-01      1.00000e+00      
  3.93734e-01      1.00000e+00      
  3.94860e-01      1.00000e+00      
  3.95985e-01      1.00000e+00      
  3.97110e-01      1.00000e+00      
  3.98236e-01      1.00000e+00      
  3.99361e-01      1.00000e+00      
  4.00486e-01      1.00000e+00      
  4.01612e-01      1.00000e+00      
  4.02737e-01      1.00000e+00      
  4.03862e-01      1.00000e+00      
  4.04987e-01      1.00000e+00      
  4.06113e-01      1.00000e+00      
  4.07238e-01      1.00000e+00      
  4.08363e-01      1.00000e+00      
  4.09489e-01      1.00000e+00      
  4.10614e-01      1.00000e+00      
  4.11739e-01      1.00000e+00      
  4.12865e-01      1.00000e+00      
  4.13990e-01      1.00000e+00      
  4.15115e-01      1.00000e+00      
  4.16241e-01      1.00000e+00      
  4.17366e-01      1.00000e+00      
  4.18491e-01      1.00000e+00      
  4.19617e-01      1.00000e+00      
  4.20742e-01      1.00000e+00      
  4.21867e-01      1.00000e+00      
  4.22992e-01      1.00000e+00      
  4.24118e-01      1.00000e+00      
  4.25243e-01      1.00000e+00      
  4.26368e-01      1.00000e+00      
  4.27494e-01      1.00000e+00      
  4.28619e-01      1.00000e+00      
  4.29744e-01      1.00000e+00      
  4.30870e-01      1.00000e+00      
  4.31995e-01      1.00000e+00      
  4.33120e-01      1.00000e+00      
  4.34246e-01      1.00000e+00      
  4.35371e-01      1.00000e+00      
  4.36496e-01      1.00000e+00      
  4.37622e-01      1.00000e+00      
  4.38747e-01      1.00000e+00      
  4.39872e-01      1.00000e+00      
  4.40997e-01      1.00000e+00      
  4.42123e-01      1.00000e+00      
  4.43248e-01      1.00000e+00      
  4.44373e-01      1.00000e+00      
  4.45499e-01      1.00000e+00      
  4.46624e-01      1.00000e+00      
  4.47749e-01      1.00000e+00      
  4.48875e-01      1.00000e+00      
  4.50000e-01      1.00000e+00      
