 [6]                                                         
 Sample                                                      
 205
 5.85561618E-03 40.6741486 0.369508088 1
 6.32822886E-03 41.1042099 0.330037504 1
 6.80084107E-03 40.6393204 0.292389691 1
 7.27345282E-03 40.1646194 0.248437479 1
 7.74606643E-03 39.8101807 0.233496279 1
 8.21867865E-03 39.3922081 0.214024797 1
 8.69129039E-03 38.9877510 0.203336105 1
 9.16390307E-03 38.5907898 0.178703606 1
 9.63651482E-03 38.1346207 0.169919699 1
 1.01091303E-02 37.8455200 0.171601996 1
 1.05817402E-02 37.4280281 0.156556204 1
 1.10543501E-02 36.7313309 0.147595197 1
 1.15269599E-02 36.7803688 0.135808006 1
 1.19995801E-02 36.4926186 0.139957294 1
 1.24721900E-02 35.9251595 0.137671500 1
 1.29447998E-02 35.5539894 0.131088302 1
 1.34174097E-02 35.2963409 0.117469504 1
 1.38900299E-02 34.9606514 0.121992692 1
 1.43626407E-02 34.5439110 0.121918000 1
 1.48352506E-02 34.1789513 0.114580102 1
 1.53078604E-02 34.0238800 0.108105503 1
 1.57804806E-02 33.7178307 0.106956102 1
 1.62530895E-02 33.1602707 0.111633494 1
 1.67257003E-02 32.7248001 0.101077802 1
 1.71983093E-02 32.4847412 0.100487597 1
 1.76709294E-02 32.1031418 9.61912125E-02 1
 1.81435402E-02 31.6138897 0.104357302 1
 1.86161511E-02 31.3840694 9.39081907E-02 1
 1.90887600E-02 30.8864498 9.12780017E-02 1
 1.95613708E-02 30.7383499 9.05551687E-02 1
 2.00339910E-02 30.2816906 9.08751115E-02 1
 2.05065999E-02 29.9214706 8.76685530E-02 1
 2.09792107E-02 29.3682003 8.66601095E-02 1
 2.14518216E-02 29.1063595 8.23934302E-02 1
 2.19244417E-02 28.6807594 8.36518481E-02 1
 2.23970506E-02 28.1919193 8.26314837E-02 1
 2.28696596E-02 27.9456997 8.00690129E-02 1
 2.33422704E-02 27.6188908 7.88058788E-02 1
 2.38148905E-02 27.1485596 7.83078596E-02 1
 2.42874995E-02 26.7974606 7.64889196E-02 1
 2.47601103E-02 26.4808407 7.47322068E-02 1
 2.52327211E-02 26.0693493 7.19593763E-02 1
 2.57053282E-02 25.7973804 7.35694095E-02 1
 2.61779483E-02 25.2869205 7.21682012E-02 1
 2.66505610E-02 24.9190598 7.05782771E-02 1
 2.71231718E-02 24.7519493 6.91817179E-02 1
 2.75957789E-02 24.3373394 6.78640231E-02 1
 2.80683991E-02 23.8097305 6.80838302E-02 1
 2.85410117E-02 23.5386505 6.67928606E-02 1
 2.90136188E-02 23.2366600 6.62296191E-02 1
 2.94862296E-02 22.9286804 6.27620071E-02 1
 2.99588498E-02 22.4174099 6.31961077E-02 1
 3.06677669E-02 21.9231110 4.39291447E-02 1
 3.16129923E-02 21.3512287 4.26426418E-02 1
 3.25582176E-02 20.5462894 4.15635332E-02 1
 3.35034356E-02 20.0364647 4.02347669E-02 1
 3.44486684E-02 19.3635406 3.92595492E-02 1
 3.53938863E-02 18.8892879 3.93197127E-02 1
 3.63391154E-02 18.4108562 4.05926891E-02 1
 3.72843370E-02 17.8483124 4.05425094E-02 1
 3.82295661E-02 17.2623062 4.16117124E-02 1
 3.91747877E-02 16.7453308 4.08062227E-02 1
 4.01200131E-02 16.3177185 4.23855036E-02 1
 4.10652384E-02 15.8708563 4.38879430E-02 1
 4.20104600E-02 15.2317190 4.54918668E-02 1
 4.29556854E-02 14.9115133 4.59884256E-02 1
 4.39009108E-02 14.5338011 4.77097034E-02 1
 4.48461361E-02 14.0290785 4.79266606E-02 1
 4.57913615E-02 13.6525955 4.87543531E-02 1
 4.67365831E-02 13.3447189 4.68185432E-02 1
 4.76818122E-02 12.9133081 4.38086428E-02 1
 4.86270338E-02 12.4631023 4.36866805E-02 1
 4.95722555E-02 12.1873550 4.17656787E-02 1
 5.05174845E-02 11.9269943 4.17767204E-02 1
 5.14627099E-02 11.4950542 4.03883420E-02 1
 5.24079353E-02 11.2080431 4.00983877E-02 1
 5.33531569E-02 10.9558725 3.92450579E-02 1
 5.42983860E-02 10.6511869 3.88420336E-02 1
 5.52436076E-02 10.3228827 3.70780267E-02 1
 5.61888367E-02 10.1323414 3.71893123E-02 1
 5.71340546E-02 9.91861820 3.60640064E-02 1
 5.80792800E-02 9.62827110 3.56091633E-02 1
 5.90245053E-02 9.43101788 3.49892527E-02 1
 5.99697307E-02 9.19374847 3.45056504E-02 1
 6.13875687E-02 8.83338261 2.38310080E-02 1
 6.32780194E-02 8.46795940 2.34248508E-02 1
 6.51684701E-02 8.11728096 2.28123367E-02 1
 6.70589134E-02 7.82145786 2.24215593E-02 1
 6.89493641E-02 7.50253725 2.19915174E-02 1
 7.08398148E-02 7.20725536 2.14742403E-02 1
 7.27302656E-02 6.93976307 2.11573485E-02 1
 7.46207163E-02 6.69260359 2.07851753E-02 1
 7.65111670E-02 6.46964598 2.03457959E-02 1
 7.84016103E-02 6.25748062 2.01502480E-02 1
 8.02920610E-02 6.04009247 1.96744483E-02 1
 8.21825117E-02 5.85512352 1.93644892E-02 1
 8.40729624E-02 5.71652603 1.91372074E-02 1
 8.59634131E-02 5.51433945 1.87973790E-02 1
 8.78538638E-02 5.35412216 1.85099207E-02 1
 8.97443071E-02 5.17327166 1.82047412E-02 1
 9.16347578E-02 5.05424118 1.79873034E-02 1
 9.35252085E-02 4.89735746 1.77217610E-02 1
 9.54156592E-02 4.76946497 1.74977891E-02 1
 9.73061025E-02 4.59374237 1.72269270E-02 1
 9.91965532E-02 4.46782923 1.69829000E-02 1
 0.102032229 4.29591799 1.17817260E-02 1
 0.105813131 4.03880167 1.14640063E-02 1
 0.109594025 3.82031417 1.12100793E-02 1
 0.113374926 3.56189394 1.09115979E-02 1
 0.117155828 3.35214615 1.06288036E-02 1
 0.120936729 3.18445086 1.07412105E-02 1
 0.124717623 2.98482227 1.16180442E-02 1
 0.128498524 2.82541752 1.10778790E-02 1
 0.132279426 2.63827848 1.01294518E-02 1
 0.136060312 2.48596644 9.82122868E-03 1
 0.139841214 2.35253882 9.59161855E-03 1
 0.143622115 2.21238494 9.37898736E-03 1
 0.147403017 2.07190084 9.19124670E-03 1
 0.151183918 1.96625113 9.48455371E-03 1
 0.154964820 1.83974850 9.21176467E-03 1
 0.158745721 1.73508000 8.73948261E-03 1
 0.162526622 1.63948524 8.61886516E-03 1
 0.166307524 1.54333830 8.45103431E-03 1
 0.170088410 1.46627665 8.32743291E-03 1
 0.173869312 1.37104857 8.17836169E-03 1
 0.177650198 1.28964746 8.04389454E-03 1
 0.181431100 1.21612632 7.92713370E-03 1
 0.185212001 1.15554881 7.80416047E-03 1
 0.188992903 1.08530462 7.69402552E-03 1
 0.192773804 1.01710665 7.55454833E-03 1
 0.196554706 0.958992660 7.43169338E-03 1
 0.200335607 0.920462906 7.40219094E-03 1
 0.204116508 0.866322517 7.93205760E-03 1
 0.207897395 0.819826186 8.02503992E-03 1
 0.211678296 0.770883322 7.43106101E-03 1
 0.215459198 0.750017464 7.25024659E-03 1
 0.219240084 0.692688644 7.13176653E-03 1
 0.223020986 0.667337120 7.03336019E-03 1
 0.226801887 0.626834631 6.94338139E-03 1
 0.230582789 0.609238148 6.86414493E-03 1
 0.234363690 0.582537591 6.78996183E-03 1
 0.238144591 0.546019793 6.71267416E-03 1
 0.241925493 0.527354062 6.65079523E-03 1
 0.245706394 0.506462157 6.58942154E-03 1
 0.249487296 0.477957100 6.52374653E-03 1
 0.253268182 0.470693558 6.45150896E-03 1
 0.257049084 0.450855225 6.40718872E-03 1
 0.260829985 0.442579418 6.36754045E-03 1
 0.264610887 0.419103384 6.30039116E-03 1
 0.268391788 0.411890686 6.25955034E-03 1
 0.272172689 0.391657948 6.20464562E-03 1
 0.275953591 0.387999326 6.16390025E-03 1
 0.279734492 0.372627795 6.11527264E-03 1
 0.283515394 0.365318596 6.32290868E-03 1
 0.287296295 0.365445882 6.64005708E-03 1
 0.291077167 0.349915743 6.29825471E-03 1
 0.294858068 0.343589902 6.12687878E-03 1
 0.298638970 0.330397189 6.05689082E-03 1
 0.302419871 0.337181598 6.00621151E-03 1
 0.306200773 0.324417442 5.94458962E-03 1
 0.309981674 0.310586959 5.89840906E-03 1
 0.313762575 0.312023371 5.85547183E-03 1
 0.317543477 0.306207150 5.82164107E-03 1
 0.321324378 0.316392720 5.76954614E-03 1
 0.325105280 0.300475121 5.73089812E-03 1
 0.328886151 0.299380571 5.71579114E-03 1
 0.332667083 0.308632404 5.68199949E-03 1
 0.336447954 0.301021397 5.65946475E-03 1
 0.340228856 0.301711857 5.89346141E-03 1
 0.344009757 0.295904994 6.07073959E-03 1
 0.347790658 0.307603508 6.14657952E-03 1
 0.351571560 0.296722561 6.21903921E-03 1
 0.355352461 0.289065897 6.26482116E-03 1
 0.359133363 0.296499580 6.31276006E-03 1
 0.362914264 0.301898658 6.40815357E-03 1
 0.366695166 0.295220256 7.02550774E-03 1
 0.370476067 0.299926460 7.31215486E-03 1
 0.374256939 0.302396715 7.58531317E-03 1
 0.378037840 0.294620305 7.80623453E-03 1
 0.381818742 0.300893426 8.06019641E-03 1
 0.385599643 0.291461974 8.28989036E-03 1
 0.389380544 0.305969715 8.52947962E-03 1
 0.393161446 0.297579229 8.74653086E-03 1
 0.396942347 0.302051485 8.86183605E-03 1
 0.400723249 0.312692940 9.07148235E-03 1
 0.404504150 0.328282386 9.34734847E-03 1
 0.408285052 0.306498289 9.60042607E-03 1
 0.412065923 0.299807370 9.87975765E-03 1
 0.415846825 0.294204444 1.01886084E-02 1
 0.419627726 0.315016717 1.05351219E-02 1
 0.423408628 0.313947111 1.08682867E-02 1
 0.427189529 0.299018443 1.12068029E-02 1
 0.430970430 0.322001129 1.16284937E-02 1
 0.434751332 0.318773478 1.20643871E-02 1
 0.438532233 0.317606360 1.25254411E-02 1
 0.442313135 0.307730824 1.28725730E-02 1
 0.446094036 0.316766858 1.30990967E-02 1
 0.449874908 0.338988900 1.36611015E-02 1
 0.453655809 0.322296262 1.43232467E-02 1
 0.457436711 0.298956156 1.50548713E-02 1
 0.461217612 0.306799263 1.58411302E-02 1
 0.464998513 0.288129717 1.68959536E-02 1
 0.468779415 0.323811084 1.80538222E-02 1
 0.472560316 0.328203082 1.95422694E-02 1
 0.476341218 0.336411655 2.14164425E-02 1
