# Simulated SAXS data with noise
# sigma generated using Sedlak et al, k=100000, c=0.55, https://doi.org/10.1107/S1600576717003077, and rebinned with 10 per bin)
# q            I            sigma       
  1.00000e-04  1.17252e+01  2.23536e-01 
  1.10113e-03  1.10427e+01  6.72158e-02 
  2.10225e-03  1.09918e+01  4.83618e-02 
  3.10338e-03  1.07066e+01  3.94301e-02 
  4.10451e-03  1.05112e+01  3.38462e-02 
  5.10563e-03  1.02136e+01  2.98591e-02 
  6.10676e-03  9.78266e+00  2.67803e-02 
  7.10788e-03  9.37761e+00  2.42795e-02 
  8.10901e-03  8.87061e+00  2.21776e-02 
  9.11014e-03  8.42402e+00  2.03696e-02 
  1.01113e-02  7.94853e+00  1.87893e-02 
  1.11124e-02  7.49460e+00  1.73934e-02 
  1.21135e-02  7.01528e+00  1.61521e-02 
  1.31146e-02  6.61734e+00  1.50439e-02 
  1.41158e-02  6.17092e+00  1.40522e-02 
  1.51169e-02  5.78806e+00  1.31640e-02 
  1.61180e-02  5.45373e+00  1.23680e-02 
  1.71191e-02  5.12253e+00  1.16545e-02 
  1.81203e-02  4.86397e+00  1.10144e-02 
  1.91214e-02  4.60698e+00  1.04393e-02 
  2.01225e-02  4.36977e+00  9.92143e-03 
  2.11237e-02  4.18293e+00  9.45360e-03 
  2.21248e-02  3.95843e+00  9.02921e-03 
  2.31259e-02  3.80064e+00  8.64235e-03 
  2.41270e-02  3.64172e+00  8.28782e-03 
  2.51282e-02  3.48720e+00  7.96115e-03 
  2.61293e-02  3.36109e+00  7.65858e-03 
  2.71304e-02  3.23021e+00  7.37696e-03 
  2.81315e-02  3.11223e+00  7.11376e-03 
  2.91327e-02  2.99957e+00  6.86690e-03 
  3.01338e-02  2.90457e+00  6.63472e-03 
  3.11349e-02  2.78724e+00  6.41588e-03 
  3.21360e-02  2.69491e+00  6.20926e-03 
  3.31372e-02  2.60691e+00  6.01391e-03 
  3.41383e-02  2.52322e+00  5.82900e-03 
  3.51394e-02  2.43638e+00  5.65381e-03 
  3.61406e-02  2.35738e+00  5.48765e-03 
  3.71417e-02  2.28906e+00  5.32988e-03 
  3.81428e-02  2.20166e+00  5.17991e-03 
  3.91439e-02  2.14832e+00  5.03718e-03 
  4.01451e-02  2.08038e+00  4.90116e-03 
  4.11462e-02  2.00769e+00  4.77137e-03 
  4.21473e-02  1.95447e+00  4.64736e-03 
  4.31484e-02  1.89634e+00  4.52873e-03 
  4.41496e-02  1.84526e+00  4.41510e-03 
  4.51507e-02  1.79467e+00  4.30614e-03 
  4.61518e-02  1.74195e+00  4.20155e-03 
  4.71529e-02  1.69408e+00  4.10104e-03 
  4.81541e-02  1.64860e+00  4.00438e-03 
  4.91552e-02  1.59989e+00  3.91134e-03 
  5.01563e-02  1.55403e+00  3.82170e-03 
  5.11574e-02  1.51200e+00  3.73529e-03 
  5.21586e-02  1.47479e+00  3.65192e-03 
  5.31597e-02  1.42896e+00  3.57143e-03 
  5.41608e-02  1.39365e+00  3.49368e-03 
  5.51620e-02  1.35745e+00  3.41853e-03 
  5.61631e-02  1.32678e+00  3.34583e-03 
  5.71642e-02  1.28702e+00  3.27549e-03 
  5.81653e-02  1.25477e+00  3.20737e-03 
  5.91665e-02  1.22126e+00  3.14139e-03 
  6.01676e-02  1.19389e+00  3.07742e-03 
  6.11687e-02  1.16385e+00  3.01539e-03 
  6.21698e-02  1.12870e+00  2.95520e-03 
  6.31710e-02  1.09743e+00  2.89678e-03 
  6.41721e-02  1.07088e+00  2.84003e-03 
  6.51732e-02  1.04905e+00  2.78490e-03 
  6.61743e-02  1.01942e+00  2.73131e-03 
  6.71755e-02  9.93642e-01  2.67919e-03 
  6.81766e-02  9.67717e-01  2.62850e-03 
  6.91777e-02  9.44367e-01  2.57917e-03 
  7.01788e-02  9.22642e-01  2.53115e-03 
  7.11800e-02  8.98245e-01  2.48439e-03 
  7.21811e-02  8.75834e-01  2.43884e-03 
  7.31822e-02  8.53085e-01  2.39447e-03 
  7.41834e-02  8.31973e-01  2.35121e-03 
  7.51845e-02  8.08491e-01  2.30905e-03 
  7.61856e-02  7.90577e-01  2.26793e-03 
  7.71867e-02  7.74389e-01  2.22782e-03 
  7.81879e-02  7.49455e-01  2.18868e-03 
  7.91890e-02  7.35964e-01  2.15049e-03 
  8.01901e-02  7.15629e-01  2.11321e-03 
  8.11912e-02  6.96040e-01  2.07680e-03 
  8.21924e-02  6.80272e-01  2.04126e-03 
  8.31935e-02  6.63033e-01  2.00654e-03 
  8.41946e-02  6.45155e-01  1.97262e-03 
  8.51957e-02  6.28311e-01  1.93949e-03 
  8.61969e-02  6.11408e-01  1.90710e-03 
  8.71980e-02  5.97104e-01  1.87545e-03 
  8.81991e-02  5.83640e-01  1.84451e-03 
  8.92003e-02  5.68313e-01  1.81426e-03 
  9.02014e-02  5.53768e-01  1.78468e-03 
  9.12025e-02  5.41095e-01  1.75575e-03 
  9.22036e-02  5.28146e-01  1.72745e-03 
  9.32048e-02  5.14445e-01  1.69978e-03 
  9.42059e-02  4.97805e-01  1.67270e-03 
  9.52070e-02  4.88144e-01  1.64621e-03 
  9.62081e-02  4.78063e-01  1.62029e-03 
  9.72093e-02  4.65684e-01  1.59493e-03 
  9.82104e-02  4.54782e-01  1.57010e-03 
  9.92115e-02  4.42580e-01  1.54581e-03 
  1.00213e-01  4.29663e-01  1.52203e-03 
  1.01214e-01  4.18501e-01  1.49875e-03 
  1.02215e-01  4.09651e-01  1.47597e-03 
  1.03216e-01  3.98102e-01  1.45366e-03 
  1.04217e-01  3.87185e-01  1.43182e-03 
  1.05218e-01  3.80880e-01  1.41043e-03 
  1.06219e-01  3.68315e-01  1.38949e-03 
  1.07221e-01  3.59999e-01  1.36899e-03 
  1.08222e-01  3.49989e-01  1.34891e-03 
  1.09223e-01  3.44583e-01  1.32925e-03 
  1.10224e-01  3.34900e-01  1.30999e-03 
  1.11225e-01  3.24687e-01  1.29114e-03 
  1.12226e-01  3.17717e-01  1.27267e-03 
  1.13227e-01  3.07865e-01  1.25458e-03 
  1.14228e-01  3.01374e-01  1.23687e-03 
  1.15230e-01  2.93897e-01  1.21952e-03 
  1.16231e-01  2.86219e-01  1.20253e-03 
  1.17232e-01  2.79787e-01  1.18589e-03 
  1.18233e-01  2.73227e-01  1.16959e-03 
  1.19234e-01  2.66709e-01  1.15362e-03 
  1.20235e-01  2.57762e-01  1.13798e-03 
  1.21236e-01  2.50739e-01  1.12267e-03 
  1.22237e-01  2.46487e-01  1.10767e-03 
  1.23239e-01  2.39751e-01  1.09297e-03 
  1.24240e-01  2.34593e-01  1.07858e-03 
  1.25241e-01  2.28572e-01  1.06449e-03 
  1.26242e-01  2.20895e-01  1.05068e-03 
  1.27243e-01  2.16057e-01  1.03716e-03 
  1.28244e-01  2.10566e-01  1.02391e-03 
  1.29245e-01  2.05566e-01  1.01094e-03 
  1.30246e-01  1.98627e-01  9.98233e-04 
  1.31248e-01  1.94164e-01  9.85789e-04 
  1.32249e-01  1.89900e-01  9.73601e-04 
  1.33250e-01  1.85002e-01  9.61665e-04 
  1.34251e-01  1.80687e-01  9.49975e-04 
  1.35252e-01  1.78059e-01  9.38528e-04 
  1.36253e-01  1.71384e-01  9.27317e-04 
  1.37254e-01  1.66094e-01  9.16339e-04 
  1.38255e-01  1.63718e-01  9.05589e-04 
  1.39257e-01  1.57855e-01  8.95062e-04 
  1.40258e-01  1.55213e-01  8.84754e-04 
  1.41259e-01  1.50118e-01  8.74661e-04 
  1.42260e-01  1.47812e-01  8.64777e-04 
  1.43261e-01  1.42909e-01  8.55099e-04 
  1.44262e-01  1.39253e-01  8.45623e-04 
  1.45263e-01  1.36812e-01  8.36344e-04 
  1.46264e-01  1.34280e-01  8.27259e-04 
  1.47266e-01  1.29585e-01  8.18364e-04 
  1.48267e-01  1.27909e-01  8.09655e-04 
  1.49268e-01  1.24328e-01  8.01128e-04 
  1.50269e-01  1.19583e-01  7.92780e-04 
  1.51270e-01  1.15835e-01  7.84607e-04 
  1.52271e-01  1.15078e-01  7.76605e-04 
  1.53272e-01  1.11649e-01  7.68771e-04 
  1.54273e-01  1.09180e-01  7.61101e-04 
  1.55275e-01  1.06865e-01  7.53593e-04 
  1.56276e-01  1.04197e-01  7.46242e-04 
  1.57277e-01  1.01165e-01  7.39045e-04 
  1.58278e-01  9.91515e-02  7.31999e-04 
  1.59279e-01  9.65633e-02  7.25101e-04 
  1.60280e-01  9.50243e-02  7.18348e-04 
  1.61281e-01  9.28601e-02  7.11736e-04 
  1.62282e-01  9.01612e-02  7.05264e-04 
  1.63284e-01  8.72411e-02  6.98926e-04 
  1.64285e-01  8.47597e-02  6.92722e-04 
  1.65286e-01  8.23106e-02  6.86647e-04 
  1.66287e-01  8.15856e-02  6.80699e-04 
  1.67288e-01  8.07053e-02  6.74875e-04 
  1.68289e-01  7.82688e-02  6.69172e-04 
  1.69290e-01  7.74286e-02  6.63588e-04 
  1.70291e-01  7.43558e-02  6.58119e-04 
  1.71293e-01  7.27502e-02  6.52763e-04 
  1.72294e-01  7.11003e-02  6.47517e-04 
  1.73295e-01  6.94799e-02  6.42379e-04 
  1.74296e-01  6.81576e-02  6.37346e-04 
  1.75297e-01  6.65854e-02  6.32415e-04 
  1.76298e-01  6.41109e-02  6.27584e-04 
  1.77299e-01  6.26391e-02  6.22851e-04 
  1.78301e-01  6.11237e-02  6.18213e-04 
  1.79302e-01  5.95988e-02  6.13669e-04 
  1.80303e-01  5.84666e-02  6.09215e-04 
  1.81304e-01  5.71862e-02  6.04849e-04 
  1.82305e-01  5.55000e-02  6.00571e-04 
  1.83306e-01  5.37354e-02  5.96378e-04 
  1.84307e-01  5.50768e-02  5.92268e-04 
  1.85308e-01  5.19109e-02  5.88239e-04 
  1.86310e-01  5.15150e-02  5.84289e-04 
  1.87311e-01  5.05169e-02  5.80417e-04 
  1.88312e-01  4.84629e-02  5.76621e-04 
  1.89313e-01  4.74701e-02  5.72899e-04 
  1.90314e-01  4.76184e-02  5.69249e-04 
  1.91315e-01  4.67780e-02  5.65669e-04 
  1.92316e-01  4.50019e-02  5.62158e-04 
  1.93317e-01  4.37866e-02  5.58714e-04 
  1.94319e-01  4.31322e-02  5.55335e-04 
  1.95320e-01  4.11365e-02  5.52020e-04 
  1.96321e-01  4.05822e-02  5.48767e-04 
  1.97322e-01  4.06283e-02  5.45574e-04 
  1.98323e-01  3.92651e-02  5.42441e-04 
  1.99324e-01  3.86849e-02  5.39365e-04 
  2.00325e-01  3.72214e-02  5.36346e-04 
  2.01326e-01  3.65097e-02  5.33382e-04 
  2.02328e-01  3.63030e-02  5.30472e-04 
  2.03329e-01  3.55747e-02  5.27614e-04 
  2.04330e-01  3.45442e-02  5.24809e-04 
  2.05331e-01  3.37788e-02  5.22053e-04 
  2.06332e-01  3.39004e-02  5.19347e-04 
  2.07333e-01  3.19521e-02  5.16689e-04 
  2.08334e-01  3.18205e-02  5.14078e-04 
  2.09335e-01  3.05105e-02  5.11514e-04 
  2.10337e-01  2.97220e-02  5.08994e-04 
  2.11338e-01  3.00078e-02  5.06518e-04 
  2.12339e-01  2.99261e-02  5.04085e-04 
  2.13340e-01  2.91066e-02  5.01694e-04 
  2.14341e-01  2.93347e-02  4.99344e-04 
  2.15342e-01  2.76998e-02  4.97033e-04 
  2.16343e-01  2.78479e-02  4.94761e-04 
  2.17344e-01  2.62973e-02  4.92526e-04 
  2.18346e-01  2.57378e-02  4.90328e-04 
  2.19347e-01  2.63088e-02  4.88166e-04 
  2.20348e-01  2.49534e-02  4.86039e-04 
  2.21349e-01  2.50335e-02  4.83946e-04 
  2.22350e-01  2.42702e-02  4.81886e-04 
  2.23351e-01  2.41234e-02  4.79859e-04 
  2.24352e-01  2.33257e-02  4.77865e-04 
  2.25353e-01  2.33424e-02  4.75902e-04 
  2.26355e-01  2.20756e-02  4.73970e-04 
  2.27356e-01  2.13649e-02  4.72068e-04 
  2.28357e-01  2.16223e-02  4.70196e-04 
  2.29358e-01  2.12576e-02  4.68354e-04 
  2.30359e-01  2.05381e-02  4.66540e-04 
  2.31360e-01  2.04053e-02  4.64754e-04 
  2.32361e-01  2.01785e-02  4.62995e-04 
  2.33362e-01  2.00838e-02  4.61264e-04 
  2.34364e-01  1.94575e-02  4.59558e-04 
  2.35365e-01  1.92259e-02  4.57879e-04 
  2.36366e-01  1.95411e-02  4.56224e-04 
  2.37367e-01  1.81933e-02  4.54593e-04 
  2.38368e-01  1.80227e-02  4.52987e-04 
  2.39369e-01  1.80878e-02  4.51404e-04 
  2.40370e-01  1.71528e-02  4.49843e-04 
  2.41371e-01  1.61652e-02  4.48305e-04 
  2.42373e-01  1.65276e-02  4.46788e-04 
  2.43374e-01  1.72423e-02  4.45293e-04 
  2.44375e-01  1.71498e-02  4.43819e-04 
  2.45376e-01  1.60682e-02  4.42365e-04 
  2.46377e-01  1.62543e-02  4.40931e-04 
  2.47378e-01  1.59194e-02  4.39516e-04 
  2.48379e-01  1.53436e-02  4.38122e-04 
  2.49380e-01  1.51572e-02  4.36746e-04 
  2.50382e-01  1.55753e-02  4.35389e-04 
  2.51383e-01  1.46129e-02  4.34051e-04 
  2.52384e-01  1.42847e-02  4.32730e-04 
  2.53385e-01  1.45780e-02  4.31428e-04 
  2.54386e-01  1.37233e-02  4.30142e-04 
  2.55387e-01  1.38423e-02  4.28874e-04 
  2.56388e-01  1.33038e-02  4.27622e-04 
  2.57389e-01  1.23347e-02  4.26386e-04 
  2.58391e-01  1.37566e-02  4.25165e-04 
  2.59392e-01  1.29779e-02  4.23960e-04 
  2.60393e-01  1.21526e-02  4.22770e-04 
  2.61394e-01  1.22249e-02  4.21594e-04 
  2.62395e-01  1.22370e-02  4.20433e-04 
  2.63396e-01  1.19289e-02  4.19286e-04 
  2.64397e-01  1.25581e-02  4.18152e-04 
  2.65398e-01  1.23760e-02  4.17032e-04 
  2.66400e-01  1.19982e-02  4.15925e-04 
  2.67401e-01  1.21043e-02  4.14831e-04 
  2.68402e-01  1.14956e-02  4.13749e-04 
  2.69403e-01  1.11307e-02  4.12681e-04 
  2.70404e-01  1.11695e-02  4.11625e-04 
  2.71405e-01  1.10465e-02  4.10580e-04 
  2.72406e-01  1.09488e-02  4.09548e-04 
  2.73408e-01  1.05716e-02  4.08528e-04 
  2.74409e-01  1.03073e-02  4.07519e-04 
  2.75410e-01  1.07922e-02  4.06521e-04 
  2.76411e-01  9.80190e-03  4.05534e-04 
  2.77412e-01  1.04693e-02  4.04557e-04 
  2.78413e-01  1.02125e-02  4.03591e-04 
  2.79414e-01  9.97820e-03  4.02635e-04 
  2.80415e-01  9.28356e-03  4.01688e-04 
  2.81417e-01  9.43542e-03  4.00751e-04 
  2.82418e-01  9.64580e-03  3.99824e-04 
  2.83419e-01  9.67297e-03  3.98906e-04 
  2.84420e-01  9.69463e-03  3.97997e-04 
  2.85421e-01  9.15979e-03  3.97097e-04 
  2.86422e-01  9.49525e-03  3.96206e-04 
  2.87423e-01  9.73040e-03  3.95324e-04 
  2.88424e-01  8.60576e-03  3.94452e-04 
  2.89426e-01  8.79582e-03  3.93588e-04 
  2.90427e-01  8.64264e-03  3.92733e-04 
  2.91428e-01  8.34815e-03  3.91887e-04 
  2.92429e-01  8.50922e-03  3.91049e-04 
  2.93430e-01  8.94634e-03  3.90219e-04 
  2.94431e-01  9.07832e-03  3.89398e-04 
  2.95432e-01  8.79859e-03  3.88584e-04 
  2.96433e-01  8.47650e-03  3.87778e-04 
  2.97435e-01  8.17685e-03  3.86979e-04 
  2.98436e-01  7.90129e-03  3.86187e-04 
  2.99437e-01  8.43475e-03  3.85402e-04 
  3.00438e-01  7.76544e-03  3.84623e-04 
  3.01439e-01  8.09999e-03  3.83851e-04 
  3.02440e-01  7.71684e-03  3.83085e-04 
  3.03441e-01  7.40768e-03  3.82326e-04 
  3.04442e-01  7.95349e-03  3.81572e-04 
  3.05444e-01  7.78840e-03  3.80825e-04 
  3.06445e-01  7.34291e-03  3.80084e-04 
  3.07446e-01  8.49526e-03  3.79349e-04 
  3.08447e-01  7.03699e-03  3.78620e-04 
  3.09448e-01  7.44165e-03  3.77896e-04 
  3.10449e-01  7.59492e-03  3.77179e-04 
  3.11450e-01  7.29376e-03  3.76467e-04 
  3.12451e-01  6.58215e-03  3.75760e-04 
  3.13453e-01  7.49139e-03  3.75059e-04 
  3.14454e-01  6.75389e-03  3.74363e-04 
  3.15455e-01  7.22436e-03  3.73672e-04 
  3.16456e-01  7.12792e-03  3.72986e-04 
  3.17457e-01  7.66180e-03  3.72306e-04 
  3.18458e-01  6.95321e-03  3.71630e-04 
  3.19459e-01  6.62585e-03  3.70958e-04 
  3.20460e-01  7.31447e-03  3.70292e-04 
  3.21462e-01  6.49301e-03  3.69630e-04 
  3.22463e-01  6.53933e-03  3.68973e-04 
  3.23464e-01  6.53383e-03  3.68321e-04 
  3.24465e-01  6.54056e-03  3.67673e-04 
  3.25466e-01  7.37683e-03  3.67029e-04 
  3.26467e-01  6.07016e-03  3.66390e-04 
  3.27468e-01  6.33734e-03  3.65755e-04 
  3.28469e-01  6.76339e-03  3.65125e-04 
  3.29471e-01  6.43348e-03  3.64498e-04 
  3.30472e-01  7.08620e-03  3.63876e-04 
  3.31473e-01  6.05627e-03  3.63258e-04 
  3.32474e-01  6.33574e-03  3.62643e-04 
  3.33475e-01  6.11728e-03  3.62033e-04 
  3.34476e-01  6.07746e-03  3.61427e-04 
  3.35477e-01  6.82692e-03  3.60824e-04 
  3.36478e-01  6.71044e-03  3.60225e-04 
  3.37480e-01  6.11334e-03  3.59630e-04 
  3.38481e-01  6.62703e-03  3.59039e-04 
  3.39482e-01  6.42225e-03  3.58452e-04 
  3.40483e-01  5.90382e-03  3.57867e-04 
  3.41484e-01  5.75428e-03  3.57287e-04 
  3.42485e-01  6.55982e-03  3.56709e-04 
  3.43486e-01  6.06048e-03  3.56134e-04 
  3.44487e-01  5.92143e-03  3.55563e-04 
  3.45489e-01  6.55639e-03  3.54994e-04 
  3.46490e-01  6.05021e-03  3.54428e-04 
  3.47491e-01  6.22960e-03  3.53864e-04 
  3.48492e-01  6.19900e-03  3.53303e-04 
  3.49493e-01  5.90124e-03  3.52745e-04 
  3.50494e-01  5.46860e-03  3.52190e-04 
  3.51495e-01  5.51470e-03  3.51638e-04 
  3.52496e-01  5.74775e-03  3.51088e-04 
  3.53498e-01  5.37146e-03  3.50542e-04 
  3.54499e-01  5.52819e-03  3.49998e-04 
  3.55500e-01  5.58344e-03  3.49458e-04 
  3.56501e-01  5.88909e-03  3.48920e-04 
  3.57502e-01  5.59469e-03  3.48386e-04 
  3.58503e-01  6.25250e-03  3.47854e-04 
  3.59504e-01  5.47601e-03  3.47324e-04 
  3.60506e-01  6.40036e-03  3.46798e-04 
  3.61507e-01  5.49961e-03  3.46274e-04 
  3.62508e-01  5.97603e-03  3.45752e-04 
  3.63509e-01  6.15810e-03  3.45232e-04 
  3.64510e-01  6.06645e-03  3.44715e-04 
  3.65511e-01  5.78366e-03  3.44201e-04 
  3.66512e-01  5.57657e-03  3.43689e-04 
  3.67513e-01  5.33776e-03  3.43179e-04 
  3.68515e-01  5.36467e-03  3.42672e-04 
  3.69516e-01  5.31511e-03  3.42167e-04 
  3.70517e-01  5.22876e-03  3.41666e-04 
  3.71518e-01  5.38874e-03  3.41167e-04 
  3.72519e-01  5.46382e-03  3.40670e-04 
  3.73520e-01  5.32455e-03  3.40176e-04 
  3.74521e-01  5.41844e-03  3.39685e-04 
  3.75522e-01  5.02453e-03  3.39196e-04 
  3.76524e-01  4.62421e-03  3.38710e-04 
  3.77525e-01  6.19447e-03  3.38225e-04 
  3.78526e-01  5.03109e-03  3.37743e-04 
  3.79527e-01  5.11667e-03  3.37262e-04 
  3.80528e-01  5.24866e-03  3.36783e-04 
  3.81529e-01  5.79565e-03  3.36306e-04 
  3.82530e-01  4.41390e-03  3.35831e-04 
  3.83531e-01  5.40088e-03  3.35358e-04 
  3.84533e-01  5.02123e-03  3.34886e-04 
  3.85534e-01  5.43355e-03  3.34417e-04 
  3.86535e-01  4.59705e-03  3.33950e-04 
  3.87536e-01  5.24092e-03  3.33484e-04 
  3.88537e-01  5.11504e-03  3.33021e-04 
  3.89538e-01  4.96862e-03  3.32560e-04 
  3.90539e-01  4.83047e-03  3.32101e-04 
  3.91540e-01  5.41056e-03  3.31644e-04 
  3.92542e-01  4.96503e-03  3.31188e-04 
  3.93543e-01  4.61754e-03  3.30734e-04 
  3.94544e-01  4.53282e-03  3.30282e-04 
  3.95545e-01  4.32253e-03  3.29830e-04 
  3.96546e-01  5.18606e-03  3.29380e-04 
  3.97547e-01  5.21344e-03  3.28931e-04 
  3.98548e-01  5.08168e-03  3.28484e-04 
  3.99549e-01  5.12034e-03  3.28038e-04 
  4.00551e-01  4.74559e-03  3.27594e-04 
  4.01552e-01  5.11991e-03  3.27153e-04 
  4.02553e-01  4.79551e-03  3.26714e-04 
  4.03554e-01  4.60188e-03  3.26278e-04 
  4.04555e-01  4.18505e-03  3.25845e-04 
  4.05556e-01  4.56676e-03  3.25414e-04 
  4.06557e-01  4.37413e-03  3.24987e-04 
  4.07558e-01  5.40442e-03  3.24561e-04 
  4.08560e-01  5.12494e-03  3.24138e-04 
  4.09561e-01  4.95706e-03  3.23716e-04 
  4.10562e-01  4.39384e-03  3.23296e-04 
  4.11563e-01  4.78597e-03  3.22876e-04 
  4.12564e-01  4.44187e-03  3.22456e-04 
  4.13565e-01  4.19900e-03  3.22037e-04 
  4.14566e-01  4.41304e-03  3.21619e-04 
  4.15567e-01  4.46908e-03  3.21200e-04 
  4.16569e-01  4.39153e-03  3.20783e-04 
  4.17570e-01  4.36707e-03  3.20367e-04 
  4.18571e-01  4.66208e-03  3.19953e-04 
  4.19572e-01  4.66040e-03  3.19541e-04 
  4.20573e-01  4.27749e-03  3.19131e-04 
  4.21574e-01  4.20695e-03  3.18724e-04 
  4.22575e-01  4.21801e-03  3.18319e-04 
  4.23576e-01  4.44726e-03  3.17918e-04 
  4.24578e-01  4.06171e-03  3.17518e-04 
  4.25579e-01  4.60697e-03  3.17121e-04 
  4.26580e-01  4.69090e-03  3.16725e-04 
  4.27581e-01  4.30109e-03  3.16331e-04 
  4.28582e-01  4.94439e-03  3.15937e-04 
  4.29583e-01  4.47905e-03  3.15544e-04 
  4.30584e-01  4.32926e-03  3.15152e-04 
  4.31585e-01  4.65176e-03  3.14760e-04 
  4.32587e-01  3.90474e-03  3.14369e-04 
  4.33588e-01  4.60983e-03  3.13980e-04 
  4.34589e-01  3.88239e-03  3.13591e-04 
  4.35590e-01  3.97457e-03  3.13205e-04 
  4.36591e-01  3.45338e-03  3.12820e-04 
  4.37592e-01  4.13761e-03  3.12437e-04 
  4.38593e-01  4.62613e-03  3.12057e-04 
  4.39594e-01  3.73460e-03  3.11679e-04 
  4.40596e-01  4.06427e-03  3.11303e-04 
  4.41597e-01  4.41854e-03  3.10928e-04 
  4.42598e-01  4.08960e-03  3.10555e-04 
  4.43599e-01  4.17414e-03  3.10184e-04 
  4.44600e-01  4.36836e-03  3.09813e-04 
  4.45601e-01  4.64260e-03  3.09443e-04 
  4.46602e-01  4.01726e-03  3.09074e-04 
  4.47604e-01  4.40021e-03  3.08706e-04 
  4.48605e-01  3.99723e-03  3.08339e-04 
  4.49606e-01  3.97484e-03  3.07973e-04 
  4.50607e-01  3.86990e-03  3.07608e-04 
  4.51608e-01  3.85224e-03  3.07245e-04 
  4.52609e-01  4.08691e-03  3.06884e-04 
  4.53610e-01  3.48552e-03  3.06524e-04 
  4.54611e-01  3.93226e-03  3.06167e-04 
  4.55613e-01  4.15947e-03  3.05812e-04 
  4.56614e-01  3.08945e-03  3.05458e-04 
  4.57615e-01  4.08447e-03  3.05106e-04 
  4.58616e-01  4.02086e-03  3.04756e-04 
  4.59617e-01  3.85795e-03  3.04406e-04 
  4.60618e-01  3.84507e-03  3.04058e-04 
  4.61619e-01  3.75967e-03  3.03710e-04 
  4.62620e-01  3.68239e-03  3.03362e-04 
  4.63622e-01  4.10024e-03  3.03014e-04 
  4.64623e-01  3.86364e-03  3.02666e-04 
  4.65624e-01  4.00456e-03  3.02319e-04 
  4.66625e-01  4.52713e-03  3.01972e-04 
  4.67626e-01  4.13639e-03  3.01626e-04 
  4.68627e-01  3.07162e-03  3.01281e-04 
  4.69628e-01  3.14351e-03  3.00938e-04 
  4.70629e-01  3.73152e-03  3.00597e-04 
  4.71631e-01  3.75167e-03  3.00257e-04 
  4.72632e-01  3.85397e-03  2.99920e-04 
  4.73633e-01  3.69281e-03  2.99585e-04 
  4.74634e-01  3.63650e-03  2.99252e-04 
  4.75635e-01  3.48303e-03  2.98921e-04 
  4.76636e-01  3.69608e-03  2.98591e-04 
  4.77637e-01  3.88434e-03  2.98263e-04 
  4.78638e-01  3.91320e-03  2.97936e-04 
  4.79640e-01  4.07036e-03  2.97609e-04 
  4.80641e-01  4.14839e-03  2.97283e-04 
  4.81642e-01  4.11926e-03  2.96956e-04 
  4.82643e-01  4.01863e-03  2.96630e-04 
  4.83644e-01  3.67234e-03  2.96304e-04 
  4.84645e-01  3.35717e-03  2.95979e-04 
  4.85646e-01  3.84400e-03  2.95653e-04 
  4.86647e-01  3.65735e-03  2.95329e-04 
  4.87649e-01  3.77945e-03  2.95006e-04 
  4.88650e-01  2.92801e-03  2.94684e-04 
  4.89651e-01  3.72477e-03  2.94364e-04 
  4.90652e-01  3.36705e-03  2.94046e-04 
  4.91653e-01  3.00748e-03  2.93730e-04 
  4.92654e-01  3.54218e-03  2.93417e-04 
  4.93655e-01  3.57708e-03  2.93105e-04 
  4.94656e-01  3.50764e-03  2.92795e-04 
  4.95658e-01  3.84136e-03  2.92488e-04 
  4.96659e-01  3.65568e-03  2.92181e-04 
  4.97660e-01  3.83668e-03  2.91875e-04 
  4.98661e-01  4.05993e-03  2.91570e-04 
  4.99662e-01  3.63019e-03  2.91265e-04 
  5.00663e-01  3.72421e-03  2.90960e-04 
  5.01664e-01  3.48384e-03  2.90655e-04 
  5.02665e-01  3.94207e-03  2.90350e-04 
  5.03667e-01  3.38830e-03  2.90045e-04 
  5.04668e-01  3.48452e-03  2.89740e-04 
  5.05669e-01  3.39870e-03  2.89435e-04 
  5.06670e-01  3.94510e-03  2.89131e-04 
  5.07671e-01  3.14121e-03  2.88828e-04 
  5.08672e-01  3.89944e-03  2.88526e-04 
  5.09673e-01  3.09008e-03  2.88226e-04 
  5.10674e-01  3.14001e-03  2.87927e-04 
  5.11676e-01  3.17309e-03  2.87630e-04 
  5.12677e-01  3.15886e-03  2.87334e-04 
  5.13678e-01  3.55814e-03  2.87041e-04 
  5.14679e-01  3.23118e-03  2.86750e-04 
  5.15680e-01  3.46385e-03  2.86459e-04 
  5.16681e-01  3.95856e-03  2.86171e-04 
  5.17682e-01  3.74151e-03  2.85883e-04 
  5.18683e-01  3.33206e-03  2.85597e-04 
  5.19685e-01  3.82976e-03  2.85311e-04 
  5.20686e-01  3.48774e-03  2.85025e-04 
  5.21687e-01  3.15887e-03  2.84740e-04 
  5.22688e-01  3.08624e-03  2.84456e-04 
  5.23689e-01  3.52659e-03  2.84172e-04 
  5.24690e-01  3.25210e-03  2.83888e-04 
  5.25691e-01  3.17093e-03  2.83605e-04 
  5.26692e-01  3.10648e-03  2.83322e-04 
  5.27694e-01  2.87602e-03  2.83040e-04 
  5.28695e-01  3.54037e-03  2.82759e-04 
  5.29696e-01  2.93717e-03  2.82479e-04 
  5.30697e-01  3.64825e-03  2.82200e-04 
  5.31698e-01  3.19119e-03  2.81922e-04 
  5.32699e-01  3.23817e-03  2.81645e-04 
  5.33700e-01  3.15363e-03  2.81370e-04 
  5.34702e-01  2.57555e-03  2.81095e-04 
  5.35703e-01  3.58956e-03  2.80821e-04 
  5.36704e-01  3.37100e-03  2.80549e-04 
  5.37705e-01  2.93058e-03  2.80277e-04 
  5.38706e-01  3.74421e-03  2.80005e-04 
  5.39707e-01  3.29868e-03  2.79735e-04 
  5.40708e-01  3.07796e-03  2.79464e-04 
  5.41709e-01  3.16130e-03  2.79195e-04 
  5.42711e-01  3.08798e-03  2.78925e-04 
  5.43712e-01  3.23632e-03  2.78657e-04 
  5.44713e-01  3.47388e-03  2.78389e-04 
  5.45714e-01  3.06262e-03  2.78121e-04 
  5.46715e-01  3.20703e-03  2.77854e-04 
  5.47716e-01  3.08436e-03  2.77588e-04 
  5.48717e-01  2.81495e-03  2.77323e-04 
  5.49718e-01  3.20190e-03  2.77059e-04 
  5.50720e-01  2.99827e-03  2.76795e-04 
  5.51721e-01  3.21067e-03  2.76533e-04 
  5.52722e-01  3.57287e-03  2.76272e-04 
  5.53723e-01  3.19059e-03  2.76012e-04 
  5.54724e-01  2.63470e-03  2.75754e-04 
  5.55725e-01  2.84310e-03  2.75496e-04 
  5.56726e-01  3.01981e-03  2.75239e-04 
  5.57727e-01  3.25077e-03  2.74984e-04 
  5.58729e-01  2.95920e-03  2.74729e-04 
  5.59730e-01  2.90822e-03  2.74475e-04 
  5.60731e-01  2.47999e-03  2.74222e-04 
  5.61732e-01  2.97787e-03  2.73970e-04 
  5.62733e-01  2.64802e-03  2.73718e-04 
  5.63734e-01  3.18048e-03  2.73467e-04 
  5.64735e-01  3.03012e-03  2.73217e-04 
  5.65736e-01  3.03139e-03  2.72967e-04 
  5.66738e-01  3.13971e-03  2.72717e-04 
  5.67739e-01  2.86561e-03  2.72469e-04 
  5.68740e-01  2.85004e-03  2.72220e-04 
  5.69741e-01  3.03935e-03  2.71973e-04 
  5.70742e-01  2.86224e-03  2.71726e-04 
  5.71743e-01  2.71835e-03  2.71479e-04 
  5.72744e-01  3.00812e-03  2.71233e-04 
  5.73745e-01  2.91011e-03  2.70988e-04 
  5.74747e-01  3.52152e-03  2.70743e-04 
  5.75748e-01  3.40350e-03  2.70500e-04 
  5.76749e-01  2.57893e-03  2.70256e-04 
  5.77750e-01  3.41260e-03  2.70014e-04 
  5.78751e-01  2.86303e-03  2.69772e-04 
  5.79752e-01  2.73485e-03  2.69531e-04 
  5.80753e-01  2.86484e-03  2.69290e-04 
  5.81754e-01  2.96360e-03  2.69051e-04 
  5.82756e-01  3.11723e-03  2.68812e-04 
  5.83757e-01  2.58015e-03  2.68573e-04 
  5.84758e-01  3.34340e-03  2.68336e-04 
  5.85759e-01  3.58458e-03  2.68099e-04 
  5.86760e-01  2.94715e-03  2.67863e-04 
  5.87761e-01  2.61655e-03  2.67627e-04 
  5.88762e-01  2.83640e-03  2.67392e-04 
  5.89763e-01  2.76957e-03  2.67158e-04 
  5.90765e-01  2.79375e-03  2.66925e-04 
  5.91766e-01  2.84895e-03  2.66692e-04 
  5.92767e-01  2.63949e-03  2.66460e-04 
  5.93768e-01  3.20989e-03  2.66229e-04 
  5.94769e-01  2.68171e-03  2.65998e-04 
  5.95770e-01  2.70257e-03  2.65767e-04 
  5.96771e-01  2.66708e-03  2.65537e-04 
  5.97772e-01  2.80907e-03  2.65308e-04 
  5.98774e-01  2.80701e-03  2.65079e-04 
  5.99775e-01  2.75617e-03  2.64851e-04 
  6.00776e-01  2.21027e-03  2.64623e-04 
  6.01777e-01  2.93087e-03  2.64396e-04 
  6.02778e-01  2.71441e-03  2.64169e-04 
  6.03779e-01  2.95698e-03  2.63942e-04 
  6.04780e-01  3.00533e-03  2.63717e-04 
  6.05781e-01  2.35326e-03  2.63492e-04 
  6.06783e-01  2.64510e-03  2.63267e-04 
  6.07784e-01  2.70263e-03  2.63043e-04 
  6.08785e-01  2.67664e-03  2.62820e-04 
  6.09786e-01  2.33313e-03  2.62597e-04 
  6.10787e-01  2.72916e-03  2.62375e-04 
  6.11788e-01  2.76890e-03  2.62154e-04 
  6.12789e-01  2.36172e-03  2.61933e-04 
  6.13790e-01  2.53723e-03  2.61713e-04 
  6.14792e-01  2.57589e-03  2.61494e-04 
  6.15793e-01  3.17857e-03  2.61275e-04 
  6.16794e-01  2.47373e-03  2.61057e-04 
  6.17795e-01  2.96545e-03  2.60839e-04 
  6.18796e-01  2.61258e-03  2.60622e-04 
  6.19797e-01  2.48157e-03  2.60406e-04 
  6.20798e-01  3.05045e-03  2.60190e-04 
  6.21799e-01  2.51010e-03  2.59974e-04 
  6.22801e-01  2.42339e-03  2.59760e-04 
  6.23802e-01  2.51970e-03  2.59545e-04 
  6.24803e-01  2.79757e-03  2.59331e-04 
  6.25804e-01  2.02013e-03  2.59118e-04 
  6.26805e-01  2.79985e-03  2.58905e-04 
  6.27806e-01  2.33425e-03  2.58693e-04 
  6.28807e-01  2.33612e-03  2.58481e-04 
  6.29809e-01  2.77301e-03  2.58270e-04 
  6.30810e-01  2.28794e-03  2.58060e-04 
  6.31811e-01  1.99964e-03  2.57850e-04 
  6.32812e-01  2.85827e-03  2.57641e-04 
  6.33813e-01  2.50282e-03  2.57432e-04 
  6.34814e-01  2.25864e-03  2.57224e-04 
  6.35815e-01  2.29428e-03  2.57017e-04 
  6.36816e-01  2.80703e-03  2.56810e-04 
  6.37818e-01  2.39196e-03  2.56604e-04 
  6.38819e-01  2.31879e-03  2.56398e-04 
  6.39820e-01  2.58991e-03  2.56192e-04 
  6.40821e-01  2.36293e-03  2.55987e-04 
  6.41822e-01  2.59853e-03  2.55783e-04 
  6.42823e-01  2.30127e-03  2.55579e-04 
  6.43824e-01  2.64347e-03  2.55375e-04 
  6.44825e-01  2.93099e-03  2.55171e-04 
  6.45827e-01  2.91103e-03  2.54968e-04 
  6.46828e-01  2.73701e-03  2.54766e-04 
  6.47829e-01  2.54937e-03  2.54564e-04 
  6.48830e-01  2.86834e-03  2.54362e-04 
  6.49831e-01  2.47181e-03  2.54161e-04 
  6.50832e-01  2.23269e-03  2.53960e-04 
  6.51833e-01  2.40635e-03  2.53760e-04 
  6.52834e-01  2.39885e-03  2.53560e-04 
  6.53836e-01  2.63597e-03  2.53361e-04 
  6.54837e-01  2.23683e-03  2.53163e-04 
  6.55838e-01  2.34042e-03  2.52964e-04 
  6.56839e-01  2.60126e-03  2.52767e-04 
  6.57840e-01  2.61942e-03  2.52570e-04 
  6.58841e-01  2.34639e-03  2.52373e-04 
  6.59842e-01  2.63823e-03  2.52177e-04 
  6.60843e-01  2.29477e-03  2.51982e-04 
  6.61845e-01  2.70246e-03  2.51787e-04 
  6.62846e-01  2.46678e-03  2.51593e-04 
  6.63847e-01  2.41933e-03  2.51399e-04 
  6.64848e-01  2.72682e-03  2.51205e-04 
  6.65849e-01  2.72174e-03  2.51012e-04 
  6.66850e-01  2.38005e-03  2.50820e-04 
  6.67851e-01  2.39609e-03  2.50628e-04 
  6.68852e-01  2.18862e-03  2.50436e-04 
  6.69854e-01  2.46182e-03  2.50245e-04 
  6.70855e-01  2.59584e-03  2.50054e-04 
  6.71856e-01  2.44514e-03  2.49864e-04 
  6.72857e-01  1.94837e-03  2.49674e-04 
  6.73858e-01  2.38393e-03  2.49484e-04 
  6.74859e-01  2.09151e-03  2.49295e-04 
  6.75860e-01  2.40807e-03  2.49106e-04 
  6.76861e-01  2.20355e-03  2.48917e-04 
  6.77863e-01  2.47591e-03  2.48729e-04 
  6.78864e-01  2.23586e-03  2.48541e-04 
  6.79865e-01  2.60635e-03  2.48353e-04 
  6.80866e-01  2.52077e-03  2.48166e-04 
  6.81867e-01  2.21051e-03  2.47979e-04 
  6.82868e-01  2.56998e-03  2.47793e-04 
  6.83869e-01  2.50838e-03  2.47607e-04 
  6.84870e-01  2.58854e-03  2.47422e-04 
  6.85872e-01  2.24134e-03  2.47237e-04 
  6.86873e-01  2.08076e-03  2.47053e-04 
  6.87874e-01  2.53508e-03  2.46869e-04 
  6.88875e-01  2.27721e-03  2.46687e-04 
  6.89876e-01  2.55059e-03  2.46504e-04 
  6.90877e-01  2.08344e-03  2.46323e-04 
  6.91878e-01  2.23079e-03  2.46142e-04 
  6.92879e-01  2.33242e-03  2.45962e-04 
  6.93881e-01  2.35180e-03  2.45783e-04 
  6.94882e-01  2.26996e-03  2.45604e-04 
  6.95883e-01  2.81986e-03  2.45425e-04 
  6.96884e-01  2.41398e-03  2.45247e-04 
  6.97885e-01  2.48496e-03  2.45069e-04 
  6.98886e-01  2.43681e-03  2.44892e-04 
  6.99887e-01  2.55716e-03  2.44714e-04 
  7.00888e-01  2.12205e-03  2.44537e-04 
  7.01890e-01  2.66119e-03  2.44360e-04 
  7.02891e-01  2.34487e-03  2.44183e-04 
  7.03892e-01  2.15770e-03  2.44006e-04 
  7.04893e-01  2.41617e-03  2.43830e-04 
  7.05894e-01  2.57757e-03  2.43654e-04 
  7.06895e-01  2.20909e-03  2.43478e-04 
  7.07896e-01  2.62357e-03  2.43303e-04 
  7.08897e-01  2.21362e-03  2.43129e-04 
  7.09899e-01  2.69038e-03  2.42955e-04 
  7.10900e-01  2.29813e-03  2.42781e-04 
  7.11901e-01  2.73173e-03  2.42608e-04 
  7.12902e-01  2.52450e-03  2.42436e-04 
  7.13903e-01  2.59857e-03  2.42264e-04 
  7.14904e-01  2.47559e-03  2.42092e-04 
  7.15905e-01  2.08722e-03  2.41921e-04 
  7.16907e-01  2.47037e-03  2.41750e-04 
  7.17908e-01  3.01469e-03  2.41580e-04 
  7.18909e-01  2.54938e-03  2.41409e-04 
  7.19910e-01  2.55671e-03  2.41239e-04 
  7.20911e-01  2.51762e-03  2.41068e-04 
  7.21912e-01  2.68497e-03  2.40898e-04 
  7.22913e-01  2.62128e-03  2.40728e-04 
  7.23914e-01  2.34655e-03  2.40558e-04 
  7.24916e-01  2.21009e-03  2.40388e-04 
  7.25917e-01  2.50470e-03  2.40219e-04 
  7.26918e-01  2.38897e-03  2.40050e-04 
  7.27919e-01  1.89182e-03  2.39882e-04 
  7.28920e-01  2.17564e-03  2.39715e-04 
  7.29921e-01  2.55927e-03  2.39548e-04 
  7.30922e-01  2.67050e-03  2.39383e-04 
  7.31923e-01  2.77711e-03  2.39219e-04 
  7.32925e-01  2.31079e-03  2.39055e-04 
  7.33926e-01  2.22714e-03  2.38892e-04 
  7.34927e-01  2.18708e-03  2.38730e-04 
  7.35928e-01  2.50156e-03  2.38568e-04 
  7.36929e-01  2.27832e-03  2.38406e-04 
  7.37930e-01  2.37783e-03  2.38244e-04 
  7.38931e-01  2.42984e-03  2.38082e-04 
  7.39932e-01  2.56174e-03  2.37920e-04 
  7.40934e-01  2.37174e-03  2.37758e-04 
  7.41935e-01  2.45635e-03  2.37596e-04 
  7.42936e-01  2.58644e-03  2.37433e-04 
  7.43937e-01  2.36710e-03  2.37270e-04 
  7.44938e-01  2.71882e-03  2.37107e-04 
  7.45939e-01  1.93274e-03  2.36944e-04 
  7.46940e-01  2.49297e-03  2.36782e-04 
  7.47941e-01  2.32731e-03  2.36621e-04 
  7.48943e-01  2.55132e-03  2.36460e-04 
  7.49944e-01  2.58541e-03  2.36300e-04 
  7.50945e-01  2.42163e-03  2.36141e-04 
  7.51946e-01  2.31073e-03  2.35982e-04 
  7.52947e-01  2.53857e-03  2.35825e-04 
  7.53948e-01  1.97613e-03  2.35669e-04 
  7.54949e-01  2.47148e-03  2.35513e-04 
  7.55950e-01  2.52895e-03  2.35358e-04 
  7.56952e-01  1.70823e-03  2.35203e-04 
  7.57953e-01  2.62936e-03  2.35048e-04 
  7.58954e-01  2.13234e-03  2.34893e-04 
  7.59955e-01  2.54573e-03  2.34737e-04 
  7.60956e-01  2.31095e-03  2.34582e-04 
  7.61957e-01  2.21350e-03  2.34426e-04 
  7.62958e-01  2.24451e-03  2.34271e-04 
  7.63959e-01  2.36428e-03  2.34115e-04 
  7.64961e-01  1.66784e-03  2.33960e-04 
  7.65962e-01  2.24715e-03  2.33804e-04 
  7.66963e-01  2.28909e-03  2.33650e-04 
  7.67964e-01  2.32468e-03  2.33495e-04 
  7.68965e-01  2.44250e-03  2.33342e-04 
  7.69966e-01  2.45324e-03  2.33190e-04 
  7.70967e-01  2.05116e-03  2.33038e-04 
  7.71968e-01  2.35846e-03  2.32887e-04 
  7.72970e-01  2.90050e-03  2.32736e-04 
  7.73971e-01  2.48931e-03  2.32587e-04 
  7.74972e-01  2.13431e-03  2.32437e-04 
  7.75973e-01  2.21399e-03  2.32288e-04 
  7.76974e-01  1.77596e-03  2.32139e-04 
  7.77975e-01  2.86446e-03  2.31990e-04 
  7.78976e-01  2.51393e-03  2.31840e-04 
  7.79977e-01  2.47770e-03  2.31691e-04 
  7.80979e-01  2.29404e-03  2.31541e-04 
  7.81980e-01  2.10784e-03  2.31391e-04 
  7.82981e-01  2.34638e-03  2.31241e-04 
  7.83982e-01  2.31078e-03  2.31092e-04 
  7.84983e-01  2.75297e-03  2.30942e-04 
  7.85984e-01  2.34157e-03  2.30793e-04 
  7.86985e-01  2.26053e-03  2.30645e-04 
  7.87986e-01  2.18056e-03  2.30497e-04 
  7.88988e-01  2.59502e-03  2.30350e-04 
  7.89989e-01  2.11143e-03  2.30203e-04 
  7.90990e-01  2.40870e-03  2.30057e-04 
  7.91991e-01  2.72302e-03  2.29911e-04 
  7.92992e-01  2.32370e-03  2.29766e-04 
  7.93993e-01  2.23588e-03  2.29621e-04 
  7.94994e-01  3.02666e-03  2.29476e-04 
  7.95995e-01  2.39258e-03  2.29332e-04 
  7.96997e-01  2.21181e-03  2.29187e-04 
  7.97998e-01  2.43535e-03  2.29042e-04 
  7.98999e-01  2.16015e-03  2.28898e-04 
  8.00000e-01  2.59695e-03  2.28753e-04 
