# Simulated data
# sigma generated using Sedlak et al, k=100000, c=0.55, https://doi.org/10.1107/S1600576717003077, and rebinned with 10 per bin)
# q            I            sigma       
  1.00000e-03  1.41882e-01  7.93858e-03 
  1.74937e-03  1.42004e-01  5.99985e-03 
  2.49875e-03  1.38699e-01  5.01733e-03 
  3.24812e-03  1.35691e-01  4.39726e-03 
  3.99749e-03  1.39239e-01  3.95987e-03 
  4.74687e-03  1.35760e-01  3.62962e-03 
  5.49624e-03  1.36517e-01  3.36848e-03 
  6.24561e-03  1.36173e-01  3.15497e-03 
  6.99499e-03  1.30425e-01  2.97589e-03 
  7.74436e-03  1.31429e-01  2.82267e-03 
  8.49373e-03  1.35671e-01  2.68942e-03 
  9.24311e-03  1.31430e-01  2.57198e-03 
  9.99248e-03  1.34254e-01  2.46730e-03 
  1.07419e-02  1.32298e-01  2.37310e-03 
  1.14912e-02  1.30542e-01  2.28762e-03 
  1.22406e-02  1.28895e-01  2.20948e-03 
  1.29900e-02  1.31476e-01  2.13761e-03 
  1.37393e-02  1.27011e-01  2.07112e-03 
  1.44887e-02  1.28951e-01  2.00930e-03 
  1.52381e-02  1.21245e-01  1.95156e-03 
  1.59875e-02  1.27717e-01  1.89741e-03 
  1.67368e-02  1.24946e-01  1.84644e-03 
  1.74862e-02  1.20876e-01  1.79831e-03 
  1.82356e-02  1.20933e-01  1.75270e-03 
  1.89850e-02  1.20167e-01  1.70938e-03 
  1.97343e-02  1.18447e-01  1.66812e-03 
  2.04837e-02  1.19429e-01  1.62873e-03 
  2.12331e-02  1.16358e-01  1.59105e-03 
  2.19825e-02  1.18239e-01  1.55492e-03 
  2.27318e-02  1.15140e-01  1.52023e-03 
  2.34812e-02  1.13159e-01  1.48685e-03 
  2.42306e-02  1.08230e-01  1.45469e-03 
  2.49799e-02  1.09866e-01  1.42367e-03 
  2.57293e-02  1.09232e-01  1.39369e-03 
  2.64787e-02  1.06529e-01  1.36470e-03 
  2.72281e-02  1.06856e-01  1.33662e-03 
  2.79774e-02  1.03303e-01  1.30941e-03 
  2.87268e-02  1.00767e-01  1.28300e-03 
  2.94762e-02  9.89374e-02  1.25736e-03 
  3.02256e-02  9.92675e-02  1.23244e-03 
  3.09749e-02  9.74854e-02  1.20820e-03 
  3.17243e-02  9.43892e-02  1.18461e-03 
  3.24737e-02  9.27310e-02  1.16164e-03 
  3.32231e-02  9.13981e-02  1.13927e-03 
  3.39724e-02  8.98435e-02  1.11746e-03 
  3.47218e-02  9.01367e-02  1.09619e-03 
  3.54712e-02  8.87534e-02  1.07544e-03 
  3.62206e-02  8.52069e-02  1.05519e-03 
  3.69699e-02  8.65992e-02  1.03543e-03 
  3.77193e-02  8.36402e-02  1.01613e-03 
  3.84687e-02  8.16099e-02  9.97288e-04 
  3.92180e-02  8.09940e-02  9.78884e-04 
  3.99674e-02  7.86055e-02  9.60906e-04 
  4.07168e-02  7.64531e-02  9.43343e-04 
  4.14662e-02  7.38882e-02  9.26185e-04 
  4.22155e-02  7.43404e-02  9.09421e-04 
  4.29649e-02  7.37421e-02  8.93043e-04 
  4.37143e-02  7.26212e-02  8.77043e-04 
  4.44637e-02  6.89693e-02  8.61413e-04 
  4.52130e-02  6.81840e-02  8.46146e-04 
  4.59624e-02  6.65673e-02  8.31235e-04 
  4.67118e-02  6.48451e-02  8.16674e-04 
  4.74612e-02  6.45153e-02  8.02458e-04 
  4.82105e-02  6.15215e-02  7.88581e-04 
  4.89599e-02  6.02019e-02  7.75037e-04 
  4.97093e-02  6.05322e-02  7.61823e-04 
  5.04586e-02  5.78054e-02  7.48933e-04 
  5.12080e-02  5.89169e-02  7.36363e-04 
  5.19574e-02  5.61086e-02  7.24110e-04 
  5.27068e-02  5.60652e-02  7.12168e-04 
  5.34561e-02  5.36400e-02  7.00533e-04 
  5.42055e-02  5.39840e-02  6.89203e-04 
  5.49549e-02  5.13406e-02  6.78173e-04 
  5.57043e-02  5.12333e-02  6.67439e-04 
  5.64536e-02  4.99401e-02  6.56997e-04 
  5.72030e-02  5.02446e-02  6.46843e-04 
  5.79524e-02  4.91599e-02  6.36975e-04 
  5.87018e-02  4.77063e-02  6.27386e-04 
  5.94511e-02  4.74560e-02  6.18075e-04 
  6.02005e-02  4.64986e-02  6.09036e-04 
  6.09499e-02  4.48424e-02  6.00265e-04 
  6.16992e-02  4.31334e-02  5.91758e-04 
  6.24486e-02  4.33304e-02  5.83510e-04 
  6.31980e-02  4.20858e-02  5.75518e-04 
  6.39474e-02  4.23092e-02  5.67775e-04 
  6.46967e-02  4.18309e-02  5.60278e-04 
  6.54461e-02  4.02995e-02  5.53022e-04 
  6.61955e-02  3.98620e-02  5.46000e-04 
  6.69449e-02  3.91636e-02  5.39209e-04 
  6.76942e-02  3.82717e-02  5.32641e-04 
  6.84436e-02  3.76280e-02  5.26293e-04 
  6.91930e-02  3.74232e-02  5.20158e-04 
  6.99424e-02  3.70911e-02  5.14230e-04 
  7.06917e-02  3.74810e-02  5.08504e-04 
  7.14411e-02  3.61703e-02  5.02972e-04 
  7.21905e-02  3.62398e-02  4.97630e-04 
  7.29398e-02  3.55378e-02  4.92471e-04 
  7.36892e-02  3.46685e-02  4.87487e-04 
  7.44386e-02  3.45850e-02  4.82674e-04 
  7.51880e-02  3.41195e-02  4.78025e-04 
  7.59373e-02  3.41180e-02  4.73532e-04 
  7.66867e-02  3.38365e-02  4.69189e-04 
  7.74361e-02  3.35674e-02  4.64991e-04 
  7.81855e-02  3.30898e-02  4.60929e-04 
  7.89348e-02  3.24968e-02  4.56998e-04 
  7.96842e-02  3.17457e-02  4.53192e-04 
  8.04336e-02  3.21516e-02  4.49503e-04 
  8.11830e-02  3.12206e-02  4.45925e-04 
  8.19323e-02  3.14455e-02  4.42453e-04 
  8.26817e-02  3.06168e-02  4.39079e-04 
  8.34311e-02  3.15613e-02  4.35797e-04 
  8.41805e-02  3.19828e-02  4.32602e-04 
  8.49298e-02  3.11379e-02  4.29488e-04 
  8.56792e-02  3.03114e-02  4.26449e-04 
  8.64286e-02  3.05818e-02  4.23479e-04 
  8.71779e-02  3.07887e-02  4.20573e-04 
  8.79273e-02  3.01353e-02  4.17725e-04 
  8.86767e-02  2.87763e-02  4.14931e-04 
  8.94261e-02  2.99471e-02  4.12185e-04 
  9.01754e-02  2.97720e-02  4.09483e-04 
  9.09248e-02  2.93516e-02  4.06819e-04 
  9.16742e-02  2.93118e-02  4.04191e-04 
  9.24236e-02  2.97007e-02  4.01592e-04 
  9.31729e-02  2.89984e-02  3.99020e-04 
  9.39223e-02  2.82900e-02  3.96471e-04 
  9.46717e-02  2.85469e-02  3.93940e-04 
  9.54211e-02  2.81837e-02  3.91425e-04 
  9.61704e-02  2.86239e-02  3.88922e-04 
  9.69198e-02  2.79240e-02  3.86427e-04 
  9.76692e-02  2.79065e-02  3.83939e-04 
  9.84185e-02  2.77079e-02  3.81455e-04 
  9.91679e-02  2.73904e-02  3.78971e-04 
  9.99173e-02  2.77878e-02  3.76485e-04 
  1.00667e-01  2.71959e-02  3.73997e-04 
  1.01416e-01  2.73049e-02  3.71502e-04 
  1.02165e-01  2.70924e-02  3.69000e-04 
  1.02915e-01  2.67790e-02  3.66489e-04 
  1.03664e-01  2.60126e-02  3.63968e-04 
  1.04414e-01  2.62970e-02  3.61434e-04 
  1.05163e-01  2.58377e-02  3.58887e-04 
  1.05912e-01  2.59230e-02  3.56327e-04 
  1.06662e-01  2.55874e-02  3.53751e-04 
  1.07411e-01  2.56492e-02  3.51159e-04 
  1.08160e-01  2.51297e-02  3.48552e-04 
  1.08910e-01  2.49792e-02  3.45927e-04 
  1.09659e-01  2.42383e-02  3.43285e-04 
  1.10409e-01  2.47176e-02  3.40625e-04 
  1.11158e-01  2.44922e-02  3.37948e-04 
  1.11907e-01  2.35307e-02  3.35254e-04 
  1.12657e-01  2.34519e-02  3.32541e-04 
  1.13406e-01  2.37195e-02  3.29812e-04 
  1.14155e-01  2.23847e-02  3.27065e-04 
  1.14905e-01  2.23626e-02  3.24301e-04 
  1.15654e-01  2.26931e-02  3.21522e-04 
  1.16404e-01  2.22835e-02  3.18726e-04 
  1.17153e-01  2.19128e-02  3.15916e-04 
  1.17902e-01  2.16944e-02  3.13091e-04 
  1.18652e-01  2.12585e-02  3.10252e-04 
  1.19401e-01  2.08811e-02  3.07400e-04 
  1.20150e-01  2.10708e-02  3.04537e-04 
  1.20900e-01  2.04969e-02  3.01662e-04 
  1.21649e-01  1.98944e-02  2.98778e-04 
  1.22398e-01  1.94090e-02  2.95884e-04 
  1.23148e-01  1.90927e-02  2.92982e-04 
  1.23897e-01  1.85798e-02  2.90074e-04 
  1.24647e-01  1.84005e-02  2.87160e-04 
  1.25396e-01  1.81494e-02  2.84241e-04 
  1.26145e-01  1.80894e-02  2.81319e-04 
  1.26895e-01  1.77287e-02  2.78395e-04 
  1.27644e-01  1.72727e-02  2.75470e-04 
  1.28393e-01  1.62182e-02  2.72545e-04 
  1.29143e-01  1.65469e-02  2.69623e-04 
  1.29892e-01  1.65838e-02  2.66703e-04 
  1.30642e-01  1.59891e-02  2.63788e-04 
  1.31391e-01  1.55222e-02  2.60879e-04 
  1.32140e-01  1.54427e-02  2.57976e-04 
  1.32890e-01  1.48111e-02  2.55082e-04 
  1.33639e-01  1.43494e-02  2.52198e-04 
  1.34388e-01  1.37264e-02  2.49324e-04 
  1.35138e-01  1.40733e-02  2.46463e-04 
  1.35887e-01  1.35890e-02  2.43616e-04 
  1.36637e-01  1.34855e-02  2.40783e-04 
  1.37386e-01  1.33231e-02  2.37966e-04 
  1.38135e-01  1.26442e-02  2.35167e-04 
  1.38885e-01  1.17647e-02  2.32387e-04 
  1.39634e-01  1.16168e-02  2.29626e-04 
  1.40383e-01  1.16932e-02  2.26886e-04 
  1.41133e-01  1.14688e-02  2.24169e-04 
  1.41882e-01  1.09239e-02  2.21474e-04 
  1.42632e-01  1.13048e-02  2.18804e-04 
  1.43381e-01  1.04609e-02  2.16160e-04 
  1.44130e-01  1.01016e-02  2.13541e-04 
  1.44880e-01  9.87363e-03  2.10950e-04 
  1.45629e-01  9.68693e-03  2.08388e-04 
  1.46378e-01  9.27884e-03  2.05855e-04 
  1.47128e-01  9.15856e-03  2.03351e-04 
  1.47877e-01  9.15195e-03  2.00879e-04 
  1.48627e-01  8.66331e-03  1.98438e-04 
  1.49376e-01  8.12197e-03  1.96030e-04 
  1.50125e-01  8.01622e-03  1.93654e-04 
  1.50875e-01  8.05683e-03  1.91313e-04 
  1.51624e-01  7.83414e-03  1.89005e-04 
  1.52373e-01  8.00399e-03  1.86733e-04 
  1.53123e-01  7.37033e-03  1.84495e-04 
  1.53872e-01  6.99739e-03  1.82294e-04 
  1.54622e-01  6.98606e-03  1.80128e-04 
  1.55371e-01  6.56673e-03  1.77998e-04 
  1.56120e-01  6.40176e-03  1.75905e-04 
  1.56870e-01  6.00363e-03  1.73849e-04 
  1.57619e-01  6.02838e-03  1.71830e-04 
  1.58368e-01  5.69585e-03  1.69848e-04 
  1.59118e-01  5.42944e-03  1.67904e-04 
  1.59867e-01  5.33920e-03  1.65996e-04 
  1.60617e-01  5.51694e-03  1.64125e-04 
  1.61366e-01  4.86203e-03  1.62292e-04 
  1.62115e-01  4.84648e-03  1.60495e-04 
  1.62865e-01  4.69768e-03  1.58735e-04 
  1.63614e-01  4.70152e-03  1.57012e-04 
  1.64363e-01  4.44336e-03  1.55325e-04 
  1.65113e-01  4.32856e-03  1.53673e-04 
  1.65862e-01  4.02711e-03  1.52058e-04 
  1.66612e-01  3.94637e-03  1.50477e-04 
  1.67361e-01  3.87473e-03  1.48931e-04 
  1.68110e-01  3.93099e-03  1.47420e-04 
  1.68860e-01  3.38562e-03  1.45942e-04 
  1.69609e-01  3.41962e-03  1.44498e-04 
  1.70358e-01  3.41005e-03  1.43087e-04 
  1.71108e-01  3.23892e-03  1.41708e-04 
  1.71857e-01  2.88332e-03  1.40361e-04 
  1.72607e-01  2.86221e-03  1.39044e-04 
  1.73356e-01  2.81980e-03  1.37758e-04 
  1.74105e-01  3.11623e-03  1.36503e-04 
  1.74855e-01  2.65363e-03  1.35276e-04 
  1.75604e-01  2.48502e-03  1.34078e-04 
  1.76353e-01  2.40321e-03  1.32908e-04 
  1.77103e-01  2.50375e-03  1.31765e-04 
  1.77852e-01  2.37963e-03  1.30649e-04 
  1.78602e-01  2.22181e-03  1.29559e-04 
  1.79351e-01  2.23836e-03  1.28494e-04 
  1.80100e-01  1.96485e-03  1.27455e-04 
  1.80850e-01  2.12204e-03  1.26439e-04 
  1.81599e-01  1.97258e-03  1.25447e-04 
  1.82348e-01  1.87271e-03  1.24477e-04 
  1.83098e-01  1.54797e-03  1.23530e-04 
  1.83847e-01  1.88608e-03  1.22605e-04 
  1.84596e-01  1.72598e-03  1.21701e-04 
  1.85346e-01  1.46504e-03  1.20818e-04 
  1.86095e-01  1.30266e-03  1.19954e-04 
  1.86845e-01  1.31792e-03  1.19111e-04 
  1.87594e-01  1.51232e-03  1.18286e-04 
  1.88343e-01  1.12455e-03  1.17480e-04 
  1.89093e-01  1.26464e-03  1.16692e-04 
  1.89842e-01  1.22562e-03  1.15921e-04 
  1.90591e-01  1.20127e-03  1.15168e-04 
  1.91341e-01  9.16588e-04  1.14432e-04 
  1.92090e-01  1.07145e-03  1.13712e-04 
  1.92840e-01  1.00419e-03  1.13009e-04 
  1.93589e-01  1.00429e-03  1.12321e-04 
  1.94338e-01  1.04475e-03  1.11649e-04 
  1.95088e-01  7.25290e-04  1.10992e-04 
  1.95837e-01  8.70100e-04  1.10350e-04 
  1.96586e-01  9.85284e-04  1.09722e-04 
  1.97336e-01  8.05557e-04  1.09109e-04 
  1.98085e-01  6.51969e-04  1.08510e-04 
  1.98835e-01  7.63557e-04  1.07925e-04 
  1.99584e-01  7.55304e-04  1.07354e-04 
  2.00333e-01  6.72718e-04  1.06797e-04 
  2.01083e-01  6.46472e-04  1.06252e-04 
  2.01832e-01  5.58739e-04  1.05721e-04 
  2.02581e-01  6.25812e-04  1.05203e-04 
  2.03331e-01  2.53463e-04  1.04698e-04 
  2.04080e-01  4.90762e-04  1.04205e-04 
  2.04830e-01  2.08054e-04  1.03726e-04 
  2.05579e-01  4.73726e-04  1.03258e-04 
  2.06328e-01  3.66502e-04  1.02803e-04 
  2.07078e-01  4.58479e-04  1.02361e-04 
  2.07827e-01  6.77287e-05  1.01930e-04 
  2.08576e-01  4.80995e-04  1.01511e-04 
  2.09326e-01  2.21096e-04  1.01105e-04 
  2.10075e-01  2.98490e-04  1.00710e-04 
  2.10825e-01  2.93123e-04  1.00326e-04 
  2.11574e-01  2.46322e-04  9.99545e-05 
  2.12323e-01  4.12762e-04  9.95940e-05 
  2.13073e-01  8.31018e-07  9.92448e-05 
  2.13822e-01  3.24991e-04  9.89067e-05 
  2.14571e-01  1.75413e-04  9.85795e-05 
  2.15321e-01  1.19332e-04  9.82632e-05 
  2.16070e-01  2.92291e-04  9.79575e-05 
  2.16820e-01  -1.35068e-05 9.76623e-05 
  2.17569e-01  1.10536e-04  9.73775e-05 
  2.18318e-01  8.17188e-05  9.71028e-05 
  2.19068e-01  6.83784e-05  9.68381e-05 
  2.19817e-01  1.51960e-04  9.65832e-05 
  2.20566e-01  5.53830e-05  9.63379e-05 
  2.21316e-01  1.14179e-04  9.61019e-05 
  2.22065e-01  2.79149e-04  9.58752e-05 
  2.22815e-01  -1.12583e-05 9.56575e-05 
  2.23564e-01  1.04901e-04  9.54484e-05 
  2.24313e-01  -1.33913e-04 9.52479e-05 
  2.25063e-01  4.93715e-05  9.50557e-05 
  2.25812e-01  3.55373e-05  9.48715e-05 
  2.26561e-01  5.46684e-05  9.46950e-05 
  2.27311e-01  -3.74237e-05 9.45261e-05 
  2.28060e-01  5.57371e-05  9.43645e-05 
  2.28810e-01  2.89555e-05  9.42098e-05 
  2.29559e-01  1.78495e-04  9.40620e-05 
  2.30308e-01  1.49688e-04  9.39205e-05 
  2.31058e-01  7.75511e-05  9.37853e-05 
  2.31807e-01  -9.88623e-05 9.36560e-05 
  2.32556e-01  1.51892e-04  9.35324e-05 
  2.33306e-01  -7.60695e-05 9.34141e-05 
  2.34055e-01  -2.71892e-05 9.33009e-05 
  2.34805e-01  1.96439e-04  9.31926e-05 
  2.35554e-01  3.46074e-05  9.30888e-05 
  2.36303e-01  2.03658e-04  9.29893e-05 
  2.37053e-01  1.71660e-04  9.28938e-05 
  2.37802e-01  8.56705e-05  9.28021e-05 
  2.38551e-01  7.98036e-05  9.27138e-05 
  2.39301e-01  1.70752e-04  9.26287e-05 
  2.40050e-01  2.24664e-04  9.25467e-05 
  2.40799e-01  2.37596e-04  9.24673e-05 
  2.41549e-01  2.00476e-04  9.23904e-05 
  2.42298e-01  1.64470e-04  9.23158e-05 
  2.43048e-01  1.63573e-04  9.22432e-05 
  2.43797e-01  1.38530e-04  9.21723e-05 
  2.44546e-01  1.19730e-04  9.21030e-05 
  2.45296e-01  1.69812e-04  9.20351e-05 
  2.46045e-01  2.33001e-04  9.19683e-05 
  2.46794e-01  1.46833e-04  9.19024e-05 
  2.47544e-01  2.13485e-05  9.18374e-05 
  2.48293e-01  1.59001e-04  9.17729e-05 
  2.49043e-01  1.97842e-04  9.17088e-05 
  2.49792e-01  1.24842e-04  9.16449e-05 
  2.50541e-01  2.35118e-04  9.15812e-05 
  2.51291e-01  1.51299e-04  9.15174e-05 
  2.52040e-01  1.87465e-04  9.14533e-05 
  2.52789e-01  2.46191e-04  9.13890e-05 
  2.53539e-01  3.15869e-04  9.13242e-05 
  2.54288e-01  2.92965e-04  9.12589e-05 
  2.55038e-01  2.99651e-04  9.11929e-05 
  2.55787e-01  3.08575e-04  9.11261e-05 
  2.56536e-01  4.10546e-04  9.10585e-05 
  2.57286e-01  2.82742e-04  9.09900e-05 
  2.58035e-01  3.95786e-04  9.09205e-05 
  2.58784e-01  3.14091e-04  9.08499e-05 
  2.59534e-01  2.76290e-04  9.07781e-05 
  2.60283e-01  3.57048e-04  9.07052e-05 
  2.61033e-01  2.07698e-04  9.06311e-05 
  2.61782e-01  3.93012e-04  9.05557e-05 
  2.62531e-01  2.91519e-04  9.04790e-05 
  2.63281e-01  3.16466e-04  9.04011e-05 
  2.64030e-01  2.02102e-04  9.03217e-05 
  2.64779e-01  4.06438e-04  9.02411e-05 
  2.65529e-01  3.81908e-04  9.01590e-05 
  2.66278e-01  4.70788e-04  9.00756e-05 
  2.67028e-01  8.57441e-05  8.99909e-05 
  2.67777e-01  5.41499e-04  8.99048e-05 
  2.68526e-01  2.03561e-04  8.98173e-05 
  2.69276e-01  5.12052e-04  8.97285e-05 
  2.70025e-01  2.40651e-04  8.96384e-05 
  2.70774e-01  4.64618e-04  8.95470e-05 
  2.71524e-01  3.59020e-04  8.94543e-05 
  2.72273e-01  3.79260e-04  8.93604e-05 
  2.73023e-01  4.04849e-04  8.92652e-05 
  2.73772e-01  3.90836e-04  8.91689e-05 
  2.74521e-01  4.91444e-04  8.90713e-05 
  2.75271e-01  3.62198e-04  8.89726e-05 
  2.76020e-01  5.14784e-04  8.88728e-05 
  2.76769e-01  3.73055e-04  8.87720e-05 
  2.77519e-01  5.55173e-04  8.86700e-05 
  2.78268e-01  5.40850e-04  8.85671e-05 
  2.79018e-01  3.27046e-04  8.84632e-05 
  2.79767e-01  4.34261e-04  8.83584e-05 
  2.80516e-01  4.78949e-04  8.82526e-05 
  2.81266e-01  4.60648e-04  8.81460e-05 
  2.82015e-01  4.29318e-04  8.80385e-05 
  2.82764e-01  3.81428e-04  8.79303e-05 
  2.83514e-01  3.78136e-04  8.78212e-05 
  2.84263e-01  3.26062e-04  8.77114e-05 
  2.85013e-01  4.57591e-04  8.76009e-05 
  2.85762e-01  4.12539e-04  8.74897e-05 
  2.86511e-01  3.61117e-04  8.73778e-05 
  2.87261e-01  4.71698e-04  8.72653e-05 
  2.88010e-01  3.99350e-04  8.71521e-05 
  2.88759e-01  4.57083e-04  8.70384e-05 
  2.89509e-01  3.29492e-04  8.69241e-05 
  2.90258e-01  5.68790e-04  8.68092e-05 
  2.91008e-01  4.14887e-04  8.66938e-05 
  2.91757e-01  3.84169e-04  8.65779e-05 
  2.92506e-01  4.52784e-04  8.64615e-05 
  2.93256e-01  4.87264e-04  8.63446e-05 
  2.94005e-01  4.30741e-04  8.62272e-05 
  2.94754e-01  3.57281e-04  8.61094e-05 
  2.95504e-01  3.15601e-04  8.59911e-05 
  2.96253e-01  4.34119e-04  8.58723e-05 
  2.97003e-01  4.49774e-04  8.57531e-05 
  2.97752e-01  4.26539e-04  8.56335e-05 
  2.98501e-01  4.47518e-04  8.55134e-05 
  2.99251e-01  6.08882e-04  8.53930e-05 
  3.00000e-01  3.24430e-04  8.52721e-05 
