No  scale pct2_054.dat pct2_054.dat                                             
  0.968911E-01  0.415361E+04  0.461398E+03
  0.990805E-01  0.415583E+04  0.338446E+03
  0.101271E+00  0.412222E+04  0.290198E+03
  0.103461E+00  0.391306E+04  0.258382E+03
  0.105652E+00  0.395361E+04  0.227191E+03
  0.107842E+00  0.394500E+04  0.205015E+03
  0.110033E+00  0.397556E+04  0.193904E+03
  0.112223E+00  0.399972E+04  0.181978E+03
  0.114413E+00  0.403508E+04  0.166664E+03
  0.116604E+00  0.410836E+04  0.156463E+03
  0.118794E+00  0.412703E+04  0.144572E+03
  0.120985E+00  0.412572E+04  0.137910E+03
  0.123175E+00  0.413797E+04  0.131472E+03
  0.125365E+00  0.410044E+04  0.121835E+03
  0.127556E+00  0.405831E+04  0.117893E+03
  0.129746E+00  0.408117E+04  0.111158E+03
  0.131937E+00  0.404669E+04  0.108352E+03
  0.134127E+00  0.401508E+04  0.101552E+03
  0.136317E+00  0.405936E+04  0.971388E+02
  0.138508E+00  0.407611E+04  0.961240E+02
  0.140698E+00  0.404700E+04  0.877440E+02
  0.142889E+00  0.402342E+04  0.874120E+02
  0.145079E+00  0.398942E+04  0.821148E+02
  0.147269E+00  0.401769E+04  0.794004E+02
  0.149460E+00  0.403033E+04  0.784692E+02
  0.151650E+00  0.404994E+04  0.726264E+02
  0.153841E+00  0.406428E+04  0.709360E+02
  0.156031E+00  0.402731E+04  0.671060E+02
  0.158221E+00  0.403353E+04  0.651656E+02
  0.160412E+00  0.401928E+04  0.625732E+02
  0.162602E+00  0.402497E+04  0.585500E+02
  0.164793E+00  0.399900E+04  0.584060E+02
  0.166983E+00  0.400069E+04  0.550720E+02
  0.169173E+00  0.399114E+04  0.541708E+02
  0.171364E+00  0.402936E+04  0.515484E+02
  0.173554E+00  0.400439E+04  0.492564E+02
  0.175745E+00  0.400964E+04  0.491420E+02
  0.177935E+00  0.400456E+04  0.464696E+02
  0.180126E+00  0.397983E+04  0.460556E+02
  0.182316E+00  0.402658E+04  0.435536E+02
  0.184506E+00  0.400483E+04  0.422328E+02
  0.186697E+00  0.399697E+04  0.421288E+02
  0.188887E+00  0.398931E+04  0.397515E+02
  0.191078E+00  0.397461E+04  0.400856E+02
  0.193268E+00  0.395319E+04  0.378017E+02
  0.195458E+00  0.394894E+04  0.372593E+02
  0.197649E+00  0.395822E+04  0.369290E+02
  0.199839E+00  0.395272E+04  0.340012E+02
  0.202030E+00  0.393556E+04  0.332834E+02
  0.204220E+00  0.391436E+04  0.312716E+02
  0.206410E+00  0.391919E+04  0.307258E+02
  0.208601E+00  0.391086E+04  0.298737E+02
  0.210791E+00  0.389753E+04  0.286508E+02
  0.212982E+00  0.389642E+04  0.281884E+02
  0.215172E+00  0.388606E+04  0.271304E+02
  0.217362E+00  0.388028E+04  0.269653E+02
  0.219553E+00  0.388694E+04  0.262741E+02
  0.221743E+00  0.387611E+04  0.249386E+02
  0.223934E+00  0.388372E+04  0.243650E+02
  0.226124E+00  0.385558E+04  0.231873E+02
  0.228314E+00  0.386183E+04  0.233144E+02
  0.230505E+00  0.384833E+04  0.222824E+02
  0.232695E+00  0.385650E+04  0.218648E+02
  0.234886E+00  0.385494E+04  0.215837E+02
  0.237076E+00  0.384901E+04  0.208064E+02
  0.239266E+00  0.382303E+04  0.208884E+02
  0.241457E+00  0.381690E+04  0.203556E+02
  0.243647E+00  0.381838E+04  0.202936E+02
  0.245838E+00  0.381237E+04  0.198394E+02
  0.248028E+00  0.380509E+04  0.195772E+02
  0.250219E+00  0.378183E+04  0.193700E+02
  0.252409E+00  0.376917E+04  0.188512E+02
  0.254599E+00  0.376204E+04  0.189879E+02
  0.256790E+00  0.374886E+04  0.186391E+02
  0.258980E+00  0.375102E+04  0.183480E+02
  0.261171E+00  0.375101E+04  0.184154E+02
  0.263361E+00  0.373583E+04  0.178850E+02
  0.265551E+00  0.372473E+04  0.179857E+02
  0.267742E+00  0.371692E+04  0.175508E+02
  0.269932E+00  0.370809E+04  0.175510E+02
  0.272123E+00  0.370577E+04  0.173223E+02
  0.274313E+00  0.368979E+04  0.170270E+02
  0.276503E+00  0.368279E+04  0.170608E+02
  0.278694E+00  0.367661E+04  0.167136E+02
  0.280884E+00  0.366934E+04  0.167190E+02
  0.283075E+00  0.365593E+04  0.164942E+02
  0.285265E+00  0.365599E+04  0.163206E+02
  0.287455E+00  0.364108E+04  0.163463E+02
  0.289646E+00  0.362636E+04  0.159612E+02
  0.291836E+00  0.361511E+04  0.159850E+02
  0.294027E+00  0.360403E+04  0.157634E+02
  0.296217E+00  0.359764E+04  0.156148E+02
  0.298407E+00  0.359087E+04  0.156045E+02
  0.300598E+00  0.359566E+04  0.153067E+02
  0.302788E+00  0.358221E+04  0.153366E+02
  0.304979E+00  0.355698E+04  0.150615E+02
  0.307169E+00  0.354582E+04  0.151238E+02
  0.309359E+00  0.353084E+04  0.148634E+02
  0.311550E+00  0.352999E+04  0.147631E+02
  0.313740E+00  0.351945E+04  0.148028E+02
  0.315931E+00  0.351716E+04  0.144741E+02
  0.318121E+00  0.351297E+04  0.144988E+02
  0.320311E+00  0.349451E+04  0.142884E+02
  0.322502E+00  0.349334E+04  0.142800E+02
  0.324692E+00  0.347676E+04  0.142656E+02
  0.326883E+00  0.346728E+04  0.139467E+02
  0.329073E+00  0.345767E+04  0.140264E+02
  0.331264E+00  0.344774E+04  0.138128E+02
  0.333454E+00  0.343304E+04  0.137789E+02
  0.335644E+00  0.342436E+04  0.136898E+02
  0.337835E+00  0.341824E+04  0.135401E+02
  0.340025E+00  0.341335E+04  0.135507E+02
  0.342216E+00  0.339883E+04  0.132910E+02
  0.344406E+00  0.338798E+04  0.133908E+02
  0.346596E+00  0.337617E+04  0.132265E+02
  0.348787E+00  0.335849E+04  0.130494E+02
  0.350977E+00  0.335399E+04  0.131389E+02
  0.353168E+00  0.335052E+04  0.128574E+02
  0.355358E+00  0.333716E+04  0.129129E+02
  0.357548E+00  0.332249E+04  0.126825E+02
  0.359739E+00  0.331565E+04  0.126780E+02
  0.361929E+00  0.330729E+04  0.125753E+02
  0.364120E+00  0.329580E+04  0.125146E+02
  0.366310E+00  0.328515E+04  0.124776E+02
  0.368500E+00  0.326941E+04  0.123216E+02
  0.370691E+00  0.326074E+04  0.123051E+02
  0.372881E+00  0.325352E+04  0.122473E+02
  0.375072E+00  0.324199E+04  0.121279E+02
  0.377262E+00  0.323507E+04  0.121814E+02
  0.379452E+00  0.322254E+04  0.119164E+02
  0.381643E+00  0.320845E+04  0.120402E+02
  0.383833E+00  0.320707E+04  0.118305E+02
  0.386024E+00  0.319969E+04  0.118038E+02
  0.388214E+00  0.318070E+04  0.118111E+02
  0.390404E+00  0.316769E+04  0.116220E+02
  0.392595E+00  0.315242E+04  0.116943E+02
  0.394785E+00  0.314124E+04  0.115056E+02
  0.396976E+00  0.313388E+04  0.115496E+02
  0.399166E+00  0.312583E+04  0.114417E+02
  0.401357E+00  0.311502E+04  0.114136E+02
  0.403547E+00  0.309674E+04  0.115298E+02
  0.405737E+00  0.309160E+04  0.114243E+02
  0.407928E+00  0.308471E+04  0.115286E+02
  0.410118E+00  0.307520E+04  0.115472E+02
  0.412309E+00  0.306388E+04  0.114947E+02
  0.414499E+00  0.305546E+04  0.116311E+02
  0.416689E+00  0.304529E+04  0.114408E+02
  0.418880E+00  0.303631E+04  0.116138E+02
  0.421070E+00  0.303327E+04  0.114491E+02
  0.423261E+00  0.301821E+04  0.115175E+02
  0.425451E+00  0.301124E+04  0.114970E+02
  0.427641E+00  0.300249E+04  0.113906E+02
  0.429832E+00  0.299382E+04  0.114830E+02
  0.432022E+00  0.298071E+04  0.113088E+02
  0.434213E+00  0.296811E+04  0.114507E+02
  0.436403E+00  0.295833E+04  0.113591E+02
  0.438593E+00  0.295446E+04  0.113522E+02
  0.440784E+00  0.293993E+04  0.113504E+02
  0.442974E+00  0.292481E+04  0.112091E+02
  0.445165E+00  0.292129E+04  0.113619E+02
  0.447355E+00  0.291492E+04  0.112427E+02
  0.449545E+00  0.290752E+04  0.112345E+02
  0.451736E+00  0.289788E+04  0.112390E+02
  0.453926E+00  0.289127E+04  0.110765E+02
  0.456117E+00  0.288174E+04  0.112237E+02
  0.458307E+00  0.304607E+04  0.111636E+02
  0.460497E+00  0.290638E+04  0.111758E+02
  0.462688E+00  0.284150E+04  0.110796E+02
  0.464878E+00  0.283588E+04  0.110177E+02
  0.467069E+00  0.282354E+04  0.110735E+02
  0.469259E+00  0.281421E+04  0.108900E+02
  0.471449E+00  0.280186E+04  0.110264E+02
  0.473640E+00  0.279097E+04  0.108842E+02
  0.475830E+00  0.278146E+04  0.108908E+02
  0.478021E+00  0.277470E+04  0.109572E+02
  0.480211E+00  0.276413E+04  0.107499E+02
  0.482402E+00  0.275464E+04  0.109191E+02
  0.484592E+00  0.274789E+04  0.107208E+02
  0.486782E+00  0.274739E+04  0.107844E+02
  0.488973E+00  0.272921E+04  0.108026E+02
  0.491163E+00  0.271162E+04  0.106682E+02
  0.493354E+00  0.270854E+04  0.107794E+02
  0.495544E+00  0.269818E+04  0.105234E+02
  0.497734E+00  0.268699E+04  0.106847E+02
  0.499925E+00  0.267632E+04  0.106016E+02
  0.502115E+00  0.266431E+04  0.105889E+02
  0.504306E+00  0.266772E+04  0.106077E+02
  0.506496E+00  0.266196E+04  0.104436E+02
  0.508686E+00  0.265157E+04  0.105558E+02
  0.510877E+00  0.263877E+04  0.104492E+02
  0.513067E+00  0.262234E+04  0.104577E+02
  0.515258E+00  0.260957E+04  0.104116E+02
  0.517448E+00  0.260195E+04  0.103469E+02
  0.519638E+00  0.259447E+04  0.104042E+02
  0.521829E+00  0.259059E+04  0.103283E+02
  0.524019E+00  0.257772E+04  0.103104E+02
  0.526210E+00  0.256939E+04  0.102940E+02
  0.528400E+00  0.256243E+04  0.102723E+02
  0.530590E+00  0.255390E+04  0.102859E+02
  0.532781E+00  0.253418E+04  0.102103E+02
  0.534971E+00  0.252769E+04  0.102065E+02
  0.537162E+00  0.251706E+04  0.100979E+02
  0.539352E+00  0.250936E+04  0.101354E+02
  0.541542E+00  0.250420E+04  0.101181E+02
  0.543733E+00  0.249620E+04  0.100726E+02
  0.545923E+00  0.248590E+04  0.101106E+02
  0.548114E+00  0.247461E+04  0.100009E+02
  0.550304E+00  0.246405E+04  0.100371E+02
  0.552495E+00  0.245328E+04  0.998808E+01
  0.554685E+00  0.244459E+04  0.997736E+01
  0.556875E+00  0.243560E+04  0.994620E+01
  0.559066E+00  0.242725E+04  0.989632E+01
  0.561256E+00  0.242037E+04  0.988528E+01
  0.563447E+00  0.240984E+04  0.983792E+01
  0.565637E+00  0.240423E+04  0.986844E+01
  0.567827E+00  0.239063E+04  0.984924E+01
  0.570018E+00  0.238048E+04  0.977712E+01
  0.572208E+00  0.237077E+04  0.984392E+01
  0.574399E+00  0.236273E+04  0.970548E+01
  0.576589E+00  0.235347E+04  0.974644E+01
  0.578779E+00  0.234403E+04  0.967440E+01
  0.580970E+00  0.233863E+04  0.968984E+01
  0.583160E+00  0.233233E+04  0.970148E+01
  0.585351E+00  0.232255E+04  0.960180E+01
  0.587541E+00  0.231706E+04  0.965464E+01
  0.589731E+00  0.231120E+04  0.952380E+01
  0.591922E+00  0.229479E+04  0.960460E+01
  0.594112E+00  0.228414E+04  0.957604E+01
  0.596303E+00  0.227924E+04  0.949488E+01
  0.598493E+00  0.227238E+04  0.955332E+01
  0.600683E+00  0.226539E+04  0.941256E+01
  0.602874E+00  0.225149E+04  0.950364E+01
  0.605064E+00  0.223832E+04  0.943948E+01
  0.607255E+00  0.223760E+04  0.935352E+01
  0.609445E+00  0.223007E+04  0.945052E+01
  0.611635E+00  0.221957E+04  0.931988E+01
  0.613826E+00  0.221215E+04  0.937052E+01
  0.616016E+00  0.220519E+04  0.929288E+01
  0.618207E+00  0.219437E+04  0.929580E+01
  0.620397E+00  0.219149E+04  0.931368E+01
  0.622587E+00  0.217836E+04  0.924628E+01
  0.624778E+00  0.217638E+04  0.928708E+01
  0.626968E+00  0.216191E+04  0.920160E+01
  0.629159E+00  0.214919E+04  0.917956E+01
  0.631349E+00  0.214691E+04  0.922964E+01
  0.633540E+00  0.212960E+04  0.912624E+01
  0.635730E+00  0.212559E+04  0.919004E+01
  0.637920E+00  0.212333E+04  0.910368E+01
  0.640111E+00  0.210868E+04  0.912740E+01
  0.642301E+00  0.210629E+04  0.908152E+01
  0.644492E+00  0.209904E+04  0.904012E+01
  0.646682E+00  0.209284E+04  0.907808E+01
  0.648872E+00  0.208262E+04  0.901136E+01
  0.651063E+00  0.207626E+04  0.901916E+01
  0.653253E+00  0.206512E+04  0.897684E+01
  0.655444E+00  0.205938E+04  0.896092E+01
  0.657634E+00  0.205102E+04  0.899436E+01
  0.659824E+00  0.204774E+04  0.891900E+01
  0.662015E+00  0.203470E+04  0.894112E+01
  0.664205E+00  0.202217E+04  0.885716E+01
  0.666396E+00  0.201186E+04  0.889144E+01
  0.668586E+00  0.200393E+04  0.888120E+01
  0.670776E+00  0.199838E+04  0.880256E+01
  0.672967E+00  0.199245E+04  0.878004E+01
  0.675157E+00  0.198982E+04  0.880680E+01
  0.677348E+00  0.198422E+04  0.884072E+01
  0.679538E+00  0.197099E+04  0.875204E+01
  0.681728E+00  0.196573E+04  0.871480E+01
  0.683919E+00  0.195613E+04  0.875024E+01
  0.686109E+00  0.194714E+04  0.868112E+01
  0.688300E+00  0.194202E+04  0.876168E+01
  0.690490E+00  0.192741E+04  0.861388E+01
  0.692680E+00  0.191844E+04  0.869340E+01
  0.694871E+00  0.192031E+04  0.861132E+01
  0.697061E+00  0.191261E+04  0.862660E+01
  0.699252E+00  0.190481E+04  0.861440E+01
  0.701442E+00  0.189783E+04  0.849720E+01
  0.703633E+00  0.188346E+04  0.860108E+01
  0.705823E+00  0.187446E+04  0.853128E+01
  0.708013E+00  0.186827E+04  0.853988E+01
  0.710204E+00  0.186719E+04  0.851648E+01
  0.712394E+00  0.186150E+04  0.842516E+01
  0.714585E+00  0.185540E+04  0.852508E+01
  0.716775E+00  0.184658E+04  0.841832E+01
  0.718965E+00  0.183484E+04  0.844056E+01
  0.721156E+00  0.182846E+04  0.843408E+01
  0.723346E+00  0.182120E+04  0.834936E+01
  0.725537E+00  0.181617E+04  0.842432E+01
  0.727727E+00  0.180394E+04  0.831116E+01
  0.729917E+00  0.179972E+04  0.837048E+01
  0.732108E+00  0.179715E+04  0.833292E+01
  0.734298E+00  0.179271E+04  0.831492E+01
  0.736489E+00  0.178299E+04  0.828864E+01
  0.738679E+00  0.177173E+04  0.820756E+01
  0.740869E+00  0.176263E+04  0.828164E+01
  0.743060E+00  0.175722E+04  0.821468E+01
  0.745250E+00  0.175283E+04  0.822560E+01
  0.747441E+00  0.174515E+04  0.820948E+01
  0.749631E+00  0.174054E+04  0.815708E+01
  0.751821E+00  0.173341E+04  0.821020E+01
  0.754012E+00  0.172371E+04  0.809572E+01
  0.756202E+00  0.171657E+04  0.813232E+01
  0.758393E+00  0.170773E+04  0.812296E+01
  0.760583E+00  0.170764E+04  0.808716E+01
  0.762773E+00  0.170072E+04  0.809720E+01
  0.764964E+00  0.169347E+04  0.802092E+01
  0.767154E+00  0.168740E+04  0.806636E+01
  0.769345E+00  0.167738E+04  0.801308E+01
  0.771535E+00  0.167187E+04  0.802028E+01
  0.773726E+00  0.166596E+04  0.801628E+01
  0.775916E+00  0.165537E+04  0.794084E+01
  0.778106E+00  0.165260E+04  0.797400E+01
  0.780297E+00  0.164439E+04  0.794500E+01
  0.782487E+00  0.164293E+04  0.792492E+01
  0.784678E+00  0.163387E+04  0.790376E+01
  0.786868E+00  0.162546E+04  0.787168E+01
  0.789058E+00  0.161984E+04  0.792816E+01
  0.791249E+00  0.161336E+04  0.781448E+01
  0.793439E+00  0.161191E+04  0.785412E+01
  0.795630E+00  0.159989E+04  0.783336E+01
  0.797820E+00  0.159192E+04  0.781120E+01
  0.800010E+00  0.158618E+04  0.783672E+01
  0.802201E+00  0.157914E+04  0.775180E+01
  0.804391E+00  0.157597E+04  0.776140E+01
  0.806582E+00  0.156253E+04  0.769984E+01
  0.808772E+00  0.156043E+04  0.774664E+01
  0.810962E+00  0.155842E+04  0.773108E+01
  0.813153E+00  0.154682E+04  0.769944E+01
  0.815343E+00  0.154167E+04  0.770568E+01
  0.817534E+00  0.153047E+04  0.764264E+01
  0.819724E+00  0.152994E+04  0.766636E+01
  0.821914E+00  0.152829E+04  0.761504E+01
  0.824105E+00  0.151837E+04  0.762076E+01
  0.826295E+00  0.150902E+04  0.762504E+01
  0.828486E+00  0.150306E+04  0.752400E+01
  0.830676E+00  0.149562E+04  0.760216E+01
  0.832866E+00  0.149097E+04  0.753444E+01
  0.835057E+00  0.148596E+04  0.755564E+01
  0.837247E+00  0.147688E+04  0.756292E+01
  0.839438E+00  0.147689E+04  0.748788E+01
  0.841628E+00  0.146839E+04  0.754396E+01
  0.843818E+00  0.146027E+04  0.744976E+01
  0.846009E+00  0.145467E+04  0.748264E+01
  0.848199E+00  0.144712E+04  0.745332E+01
  0.850390E+00  0.143883E+04  0.741096E+01
  0.852580E+00  0.144079E+04  0.746416E+01
  0.854771E+00  0.143194E+04  0.739924E+01
  0.856961E+00  0.142527E+04  0.738820E+01
  0.859151E+00  0.142031E+04  0.735828E+01
  0.861342E+00  0.141326E+04  0.735156E+01
  0.863532E+00  0.140789E+04  0.740484E+01
  0.865723E+00  0.140316E+04  0.729404E+01
  0.867913E+00  0.139834E+04  0.733252E+01
  0.870103E+00  0.139053E+04  0.730412E+01
  0.872294E+00  0.138565E+04  0.729124E+01
  0.874484E+00  0.138376E+04  0.729620E+01
  0.876675E+00  0.137515E+04  0.724276E+01
  0.878865E+00  0.137259E+04  0.727244E+01
  0.881055E+00  0.136498E+04  0.721004E+01
  0.883246E+00  0.135862E+04  0.726100E+01
  0.885436E+00  0.135173E+04  0.721652E+01
  0.887627E+00  0.134364E+04  0.717484E+01
  0.889817E+00  0.133874E+04  0.719344E+01
  0.892007E+00  0.133203E+04  0.717400E+01
  0.894198E+00  0.132931E+04  0.714272E+01
  0.896388E+00  0.132671E+04  0.712592E+01
  0.898579E+00  0.132297E+04  0.714104E+01
  0.900769E+00  0.131247E+04  0.712964E+01
  0.902959E+00  0.130961E+04  0.707548E+01
  0.905150E+00  0.130287E+04  0.713328E+01
  0.907340E+00  0.129811E+04  0.704084E+01
  0.909531E+00  0.129284E+04  0.709044E+01
  0.911721E+00  0.128714E+04  0.705412E+01
  0.913911E+00  0.128066E+04  0.700068E+01
  0.916102E+00  0.127227E+04  0.705680E+01
  0.918292E+00  0.126821E+04  0.698632E+01
  0.920483E+00  0.126387E+04  0.702328E+01
  0.922673E+00  0.126017E+04  0.697156E+01
  0.924864E+00  0.125988E+04  0.698776E+01
  0.927054E+00  0.125307E+04  0.697128E+01
  0.929244E+00  0.124682E+04  0.693360E+01
  0.931435E+00  0.123896E+04  0.696300E+01
  0.933625E+00  0.123272E+04  0.688896E+01
  0.935816E+00  0.122868E+04  0.692704E+01
  0.938006E+00  0.122502E+04  0.690244E+01
  0.940196E+00  0.122439E+04  0.685764E+01
  0.942387E+00  0.121325E+04  0.691236E+01
  0.944577E+00  0.120583E+04  0.683824E+01
  0.946768E+00  0.120085E+04  0.688028E+01
  0.948958E+00  0.119888E+04  0.682588E+01
  0.951148E+00  0.119683E+04  0.682764E+01
  0.953339E+00  0.118919E+04  0.683480E+01
  0.955529E+00  0.117979E+04  0.678700E+01
  0.957720E+00  0.117207E+04  0.680720E+01
  0.959910E+00  0.117064E+04  0.675208E+01
  0.962100E+00  0.116858E+04  0.676500E+01
  0.964291E+00  0.116271E+04  0.675492E+01
  0.966481E+00  0.116143E+04  0.673600E+01
  0.968672E+00  0.115748E+04  0.675020E+01
  0.970862E+00  0.115234E+04  0.668940E+01
  0.973052E+00  0.114790E+04  0.672724E+01
  0.975243E+00  0.113949E+04  0.670648E+01
  0.977433E+00  0.113083E+04  0.667044E+01
  0.979624E+00  0.112485E+04  0.666416E+01
  0.981814E+00  0.112054E+04  0.663504E+01
  0.984004E+00  0.111975E+04  0.666288E+01
  0.986195E+00  0.111401E+04  0.661552E+01
  0.988385E+00  0.111110E+04  0.663876E+01
  0.990576E+00  0.110300E+04  0.663084E+01
  0.992766E+00  0.109997E+04  0.657216E+01
  0.994956E+00  0.109780E+04  0.662456E+01
  0.997147E+00  0.109393E+04  0.654856E+01
  0.999337E+00  0.108533E+04  0.658472E+01
  0.100153E+01  0.107995E+04  0.653984E+01
  0.100372E+01  0.108039E+04  0.653892E+01
  0.100591E+01  0.107418E+04  0.655788E+01
  0.100810E+01  0.106795E+04  0.648832E+01
  0.101029E+01  0.106301E+04  0.653376E+01
  0.101248E+01  0.106037E+04  0.650892E+01
  0.101467E+01  0.105254E+04  0.647320E+01
  0.101686E+01  0.104654E+04  0.650048E+01
  0.101905E+01  0.104279E+04  0.644952E+01
  0.102124E+01  0.104068E+04  0.647780E+01
  0.102343E+01  0.103630E+04  0.640596E+01
  0.102562E+01  0.103451E+04  0.643444E+01
  0.102781E+01  0.102843E+04  0.643568E+01
  0.103000E+01  0.102710E+04  0.640972E+01
  0.103219E+01  0.101760E+04  0.643120E+01
  0.103438E+01  0.101362E+04  0.634788E+01
  0.103657E+01  0.100673E+04  0.638664E+01
  0.103876E+01  0.100432E+04  0.636564E+01
  0.104096E+01  0.100361E+04  0.635924E+01
  0.104315E+01  0.996386E+03  0.636812E+01
  0.104534E+01  0.990744E+03  0.630060E+01
  0.104753E+01  0.987028E+03  0.633220E+01
  0.104972E+01  0.982203E+03  0.630320E+01
  0.105191E+01  0.972522E+03  0.628692E+01
  0.105410E+01  0.973758E+03  0.630292E+01
  0.105629E+01  0.969647E+03  0.626152E+01
  0.105848E+01  0.964639E+03  0.631980E+01
  0.106067E+01  0.958244E+03  0.622892E+01
  0.106286E+01  0.956822E+03  0.626724E+01
  0.106505E+01  0.950519E+03  0.624356E+01
  0.106724E+01  0.948347E+03  0.621868E+01
  0.106943E+01  0.942236E+03  0.625060E+01
  0.107162E+01  0.942164E+03  0.619004E+01
  0.107381E+01  0.936586E+03  0.619632E+01
  0.107600E+01  0.932658E+03  0.618504E+01
  0.107819E+01  0.928044E+03  0.619008E+01
  0.108038E+01  0.924781E+03  0.619656E+01
  0.108257E+01  0.920597E+03  0.614408E+01
  0.108476E+01  0.915656E+03  0.617832E+01
  0.108695E+01  0.910011E+03  0.612412E+01
  0.108914E+01  0.908986E+03  0.612228E+01
  0.109133E+01  0.901042E+03  0.613548E+01
  0.109352E+01  0.902869E+03  0.610084E+01
  0.109572E+01  0.895831E+03  0.613336E+01
  0.109791E+01  0.888869E+03  0.608672E+01
  0.110010E+01  0.885425E+03  0.608916E+01
  0.110229E+01  0.883886E+03  0.607844E+01
  0.110448E+01  0.881289E+03  0.606700E+01
  0.110667E+01  0.875406E+03  0.606328E+01
  0.110886E+01  0.872375E+03  0.602260E+01
  0.111105E+01  0.866611E+03  0.605884E+01
  0.111324E+01  0.862519E+03  0.602440E+01
  0.111543E+01  0.859494E+03  0.604684E+01
  0.111762E+01  0.853661E+03  0.598960E+01
  0.111981E+01  0.849456E+03  0.600172E+01
  0.112200E+01  0.846567E+03  0.601952E+01
  0.112419E+01  0.845164E+03  0.597448E+01
  0.112638E+01  0.838267E+03  0.599452E+01
  0.112857E+01  0.834906E+03  0.595628E+01
  0.113076E+01  0.835031E+03  0.595016E+01
  0.113295E+01  0.828664E+03  0.597840E+01
  0.113514E+01  0.824211E+03  0.591372E+01
  0.113733E+01  0.822872E+03  0.595316E+01
  0.113952E+01  0.817919E+03  0.589756E+01
  0.114171E+01  0.812469E+03  0.591688E+01
  0.114390E+01  0.806578E+03  0.591280E+01
  0.114609E+01  0.807850E+03  0.587288E+01
  0.114828E+01  0.802817E+03  0.591272E+01
  0.115048E+01  0.802492E+03  0.586172E+01
  0.115267E+01  0.795264E+03  0.589012E+01
  0.115486E+01  0.793261E+03  0.585692E+01
  0.115705E+01  0.788614E+03  0.582460E+01
  0.115924E+01  0.783589E+03  0.586096E+01
  0.116143E+01  0.782481E+03  0.582824E+01
  0.116362E+01  0.776319E+03  0.584500E+01
  0.116581E+01  0.774611E+03  0.582184E+01
  0.116800E+01  0.772794E+03  0.579848E+01
  0.117019E+01  0.769392E+03  0.582216E+01
  0.117238E+01  0.766006E+03  0.577092E+01
  0.117457E+01  0.757972E+03  0.581720E+01
  0.117676E+01  0.756725E+03  0.575168E+01
  0.117895E+01  0.751961E+03  0.576576E+01
  0.118114E+01  0.748575E+03  0.575428E+01
  0.118333E+01  0.745617E+03  0.572476E+01
  0.118552E+01  0.746314E+03  0.576600E+01
  0.118771E+01  0.739133E+03  0.572820E+01
  0.118990E+01  0.738147E+03  0.573124E+01
  0.119209E+01  0.732836E+03  0.570444E+01
  0.119428E+01  0.730483E+03  0.571372E+01
  0.119647E+01  0.726483E+03  0.570436E+01
  0.119866E+01  0.721081E+03  0.567588E+01
  0.120085E+01  0.716331E+03  0.569632E+01
  0.120305E+01  0.709903E+03  0.565332E+01
  0.120524E+01  0.710128E+03  0.566704E+01
  0.120743E+01  0.706619E+03  0.567912E+01
  0.120962E+01  0.706936E+03  0.563096E+01
  0.121181E+01  0.703269E+03  0.563964E+01
  0.121400E+01  0.700067E+03  0.562188E+01
  0.121619E+01  0.697211E+03  0.564248E+01
  0.121838E+01  0.698950E+03  0.562868E+01
  0.122057E+01  0.692569E+03  0.559976E+01
  0.122276E+01  0.687531E+03  0.559900E+01
  0.122495E+01  0.683394E+03  0.557496E+01
  0.122714E+01  0.679833E+03  0.560804E+01
  0.122933E+01  0.677242E+03  0.556032E+01
  0.123152E+01  0.674175E+03  0.556960E+01
  0.123371E+01  0.671139E+03  0.558368E+01
  0.123590E+01  0.665475E+03  0.553792E+01
  0.123809E+01  0.662836E+03  0.556932E+01
  0.124028E+01  0.663178E+03  0.553884E+01
  0.124247E+01  0.659975E+03  0.553640E+01
  0.124466E+01  0.657083E+03  0.553036E+01
  0.124685E+01  0.656631E+03  0.550696E+01
  0.124904E+01  0.651617E+03  0.552464E+01
  0.125123E+01  0.649367E+03  0.547396E+01
  0.125342E+01  0.646081E+03  0.551688E+01
  0.125561E+01  0.642844E+03  0.548888E+01
  0.125781E+01  0.636489E+03  0.548160E+01
  0.126000E+01  0.635067E+03  0.548848E+01
  0.126219E+01  0.629572E+03  0.545220E+01
  0.126438E+01  0.626911E+03  0.546880E+01
  0.126657E+01  0.624297E+03  0.541424E+01
  0.126876E+01  0.619319E+03  0.546616E+01
  0.127095E+01  0.618831E+03  0.544536E+01
  0.127314E+01  0.618364E+03  0.542024E+01
  0.127533E+01  0.613181E+03  0.544072E+01
  0.127752E+01  0.611872E+03  0.539236E+01
  0.127971E+01  0.609086E+03  0.542840E+01
  0.128190E+01  0.607856E+03  0.541460E+01
  0.128409E+01  0.604964E+03  0.538008E+01
  0.128628E+01  0.602303E+03  0.540080E+01
  0.128847E+01  0.595581E+03  0.536504E+01
  0.129066E+01  0.593925E+03  0.540400E+01
  0.129285E+01  0.592453E+03  0.535560E+01
  0.129504E+01  0.589708E+03  0.535904E+01
  0.129723E+01  0.583503E+03  0.536676E+01
  0.129942E+01  0.580072E+03  0.534664E+01
  0.130161E+01  0.579008E+03  0.534784E+01
  0.130380E+01  0.576825E+03  0.530800E+01
  0.130599E+01  0.575836E+03  0.533808E+01
  0.130818E+01  0.569975E+03  0.533336E+01
  0.131037E+01  0.565167E+03  0.530040E+01
  0.131257E+01  0.562125E+03  0.532512E+01
  0.131476E+01  0.560325E+03  0.529840E+01
  0.131695E+01  0.561956E+03  0.529912E+01
  0.131914E+01  0.561631E+03  0.528924E+01
  0.132133E+01  0.560047E+03  0.527848E+01
  0.132352E+01  0.555294E+03  0.529264E+01
  0.132571E+01  0.550931E+03  0.526608E+01
  0.132790E+01  0.547564E+03  0.528800E+01
  0.133009E+01  0.544378E+03  0.524028E+01
  0.133228E+01  0.544964E+03  0.524892E+01
  0.133447E+01  0.541381E+03  0.524680E+01
  0.133666E+01  0.536186E+03  0.524856E+01
  0.133885E+01  0.535322E+03  0.523960E+01
  0.134104E+01  0.532936E+03  0.520140E+01
  0.134323E+01  0.531500E+03  0.522944E+01
  0.134542E+01  0.527983E+03  0.522356E+01
  0.134761E+01  0.524081E+03  0.519764E+01
  0.134980E+01  0.524250E+03  0.520556E+01
  0.135199E+01  0.520672E+03  0.518032E+01
  0.135418E+01  0.520092E+03  0.520804E+01
  0.135637E+01  0.516225E+03  0.516632E+01
  0.135856E+01  0.513364E+03  0.517212E+01
  0.136075E+01  0.509569E+03  0.517780E+01
  0.136294E+01  0.510236E+03  0.514596E+01
  0.136514E+01  0.507336E+03  0.519872E+01
  0.136733E+01  0.509156E+03  0.513072E+01
  0.136952E+01  0.503472E+03  0.516972E+01
  0.137171E+01  0.499656E+03  0.513296E+01
  0.137390E+01  0.498406E+03  0.512844E+01
  0.137609E+01  0.497953E+03  0.514812E+01
  0.137828E+01  0.495728E+03  0.507624E+01
  0.138047E+01  0.490875E+03  0.513432E+01
  0.138266E+01  0.486072E+03  0.511800E+01
  0.138485E+01  0.484956E+03  0.508548E+01
  0.138704E+01  0.483147E+03  0.510172E+01
  0.138923E+01  0.481178E+03  0.507288E+01
  0.139142E+01  0.478953E+03  0.510432E+01
  0.139361E+01  0.473808E+03  0.507648E+01
  0.139580E+01  0.470447E+03  0.507792E+01
  0.139799E+01  0.468756E+03  0.506400E+01
  0.140018E+01  0.470472E+03  0.504548E+01
  0.140237E+01  0.467514E+03  0.509072E+01
  0.140456E+01  0.464144E+03  0.503344E+01
  0.140675E+01  0.464161E+03  0.505524E+01
  0.140894E+01  0.461714E+03  0.505436E+01
  0.141113E+01  0.456289E+03  0.503732E+01
  0.141332E+01  0.455300E+03  0.504576E+01
  0.141551E+01  0.455031E+03  0.500164E+01
  0.141770E+01  0.454169E+03  0.505140E+01
  0.141990E+01  0.452203E+03  0.500948E+01
  0.142209E+01  0.450544E+03  0.502640E+01
  0.142428E+01  0.445914E+03  0.500000E+01
  0.142647E+01  0.441678E+03  0.498152E+01
  0.142866E+01  0.438744E+03  0.500132E+01
  0.143085E+01  0.435131E+03  0.497684E+01
  0.143304E+01  0.433208E+03  0.499012E+01
  0.143523E+01  0.433764E+03  0.499496E+01
  0.143742E+01  0.432508E+03  0.496132E+01
  0.143961E+01  0.427283E+03  0.499708E+01
  0.144180E+01  0.424383E+03  0.493328E+01
  0.144399E+01  0.426061E+03  0.497408E+01
  0.144618E+01  0.425089E+03  0.493428E+01
  0.144837E+01  0.421122E+03  0.496104E+01
  0.145056E+01  0.422044E+03  0.494568E+01
  0.145275E+01  0.422511E+03  0.492028E+01
  0.145494E+01  0.416314E+03  0.494888E+01
  0.145713E+01  0.415631E+03  0.491720E+01
  0.145932E+01  0.412661E+03  0.493384E+01
  0.146151E+01  0.408422E+03  0.491764E+01
  0.146370E+01  0.407697E+03  0.491192E+01
  0.146589E+01  0.407169E+03  0.491660E+01
  0.146808E+01  0.404892E+03  0.488308E+01
  0.147027E+01  0.402108E+03  0.490168E+01
  0.147246E+01  0.401236E+03  0.490236E+01
  0.147466E+01  0.397672E+03  0.489084E+01
  0.147685E+01  0.398819E+03  0.490540E+01
  0.147904E+01  0.396014E+03  0.485080E+01
  0.148123E+01  0.395956E+03  0.488492E+01
  0.148342E+01  0.392375E+03  0.485828E+01
  0.148561E+01  0.388658E+03  0.488864E+01
  0.148780E+01  0.388714E+03  0.486076E+01
  0.148999E+01  0.386844E+03  0.483020E+01
  0.149218E+01  0.383600E+03  0.485760E+01
  0.149437E+01  0.379844E+03  0.482996E+01
  0.149656E+01  0.382031E+03  0.483440E+01
  0.149875E+01  0.378914E+03  0.483552E+01
  0.150094E+01  0.373953E+03  0.481412E+01
  0.150313E+01  0.372897E+03  0.483748E+01
  0.150532E+01  0.372278E+03  0.480956E+01
  0.150751E+01  0.373136E+03  0.482752E+01
  0.150970E+01  0.368931E+03  0.479100E+01
  0.151189E+01  0.371761E+03  0.480504E+01
  0.151408E+01  0.369944E+03  0.481516E+01
  0.151627E+01  0.364214E+03  0.477152E+01
  0.151846E+01  0.363244E+03  0.481548E+01
  0.152065E+01  0.361578E+03  0.475660E+01
  0.152284E+01  0.359450E+03  0.479560E+01
  0.152503E+01  0.358056E+03  0.478744E+01
  0.152723E+01  0.351822E+03  0.474784E+01
  0.152942E+01  0.351064E+03  0.478136E+01
  0.153161E+01  0.351689E+03  0.474116E+01
  0.153380E+01  0.350711E+03  0.475384E+01
  0.153599E+01  0.353633E+03  0.474288E+01
  0.153818E+01  0.351747E+03  0.474696E+01
  0.154037E+01  0.346444E+03  0.476432E+01
  0.154256E+01  0.346128E+03  0.473372E+01
  0.154475E+01  0.345831E+03  0.474228E+01
  0.154694E+01  0.345075E+03  0.472216E+01
  0.154913E+01  0.342989E+03  0.472504E+01
  0.155132E+01  0.339900E+03  0.473104E+01
  0.155351E+01  0.337753E+03  0.471016E+01
  0.155570E+01  0.334394E+03  0.472004E+01
  0.155789E+01  0.332017E+03  0.470208E+01
  0.156008E+01  0.331797E+03  0.471164E+01
  0.156227E+01  0.331672E+03  0.469748E+01
  0.156446E+01  0.330964E+03  0.468976E+01
  0.156665E+01  0.327397E+03  0.470080E+01
  0.156884E+01  0.325697E+03  0.467860E+01
  0.157103E+01  0.324686E+03  0.469132E+01
  0.157322E+01  0.324033E+03  0.466640E+01
  0.157541E+01  0.321075E+03  0.467348E+01
  0.157760E+01  0.321681E+03  0.468124E+01
  0.157979E+01  0.316961E+03  0.465236E+01
  0.158199E+01  0.318386E+03  0.468224E+01
  0.158418E+01  0.315328E+03  0.462928E+01
  0.158637E+01  0.314042E+03  0.466844E+01
  0.158856E+01  0.312381E+03  0.465404E+01
  0.159075E+01  0.310897E+03  0.462600E+01
  0.159294E+01  0.312939E+03  0.467292E+01
  0.159513E+01  0.310061E+03  0.461780E+01
  0.159732E+01  0.308264E+03  0.465744E+01
  0.159951E+01  0.306508E+03  0.461020E+01
  0.160170E+01  0.304711E+03  0.462320E+01
  0.160389E+01  0.304014E+03  0.463440E+01
  0.160608E+01  0.299969E+03  0.461360E+01
  0.160827E+01  0.299450E+03  0.462292E+01
  0.161046E+01  0.299983E+03  0.459048E+01
  0.161265E+01  0.292708E+03  0.462232E+01
  0.161484E+01  0.293808E+03  0.461844E+01
  0.161703E+01  0.294686E+03  0.458892E+01
  0.161922E+01  0.292608E+03  0.461372E+01
  0.162141E+01  0.290644E+03  0.457208E+01
  0.162360E+01  0.288397E+03  0.460068E+01
  0.162579E+01  0.289150E+03  0.458864E+01
  0.162798E+01  0.287794E+03  0.456668E+01
  0.163017E+01  0.285606E+03  0.459616E+01
  0.163236E+01  0.284817E+03  0.455944E+01
  0.163456E+01  0.284928E+03  0.458480E+01
  0.163675E+01  0.283378E+03  0.454812E+01
  0.163894E+01  0.281067E+03  0.456012E+01
  0.164113E+01  0.282767E+03  0.455876E+01
  0.164332E+01  0.279703E+03  0.454296E+01
  0.164551E+01  0.278819E+03  0.455220E+01
  0.164770E+01  0.277089E+03  0.453444E+01
  0.164989E+01  0.275750E+03  0.455508E+01
  0.165208E+01  0.275217E+03  0.455072E+01
  0.165427E+01  0.274197E+03  0.452756E+01
  0.165646E+01  0.275056E+03  0.453392E+01
  0.165865E+01  0.269506E+03  0.451536E+01
  0.166084E+01  0.266128E+03  0.454036E+01
  0.166303E+01  0.266503E+03  0.450640E+01
  0.166522E+01  0.265950E+03  0.451548E+01
  0.166741E+01  0.265431E+03  0.452404E+01
  0.166960E+01  0.263094E+03  0.447972E+01
  0.167179E+01  0.262089E+03  0.452476E+01
  0.167398E+01  0.261669E+03  0.447700E+01
  0.167617E+01  0.260267E+03  0.450632E+01
  0.167836E+01  0.258719E+03  0.450124E+01
  0.168055E+01  0.259222E+03  0.448648E+01
  0.168274E+01  0.257911E+03  0.450576E+01
  0.168493E+01  0.255675E+03  0.445600E+01
  0.168712E+01  0.253736E+03  0.450052E+01
  0.168932E+01  0.252000E+03  0.447364E+01
  0.169151E+01  0.250406E+03  0.446584E+01
  0.169370E+01  0.250411E+03  0.448316E+01
  0.169589E+01  0.245761E+03  0.444136E+01
  0.169808E+01  0.247183E+03  0.448436E+01
  0.170027E+01  0.248300E+03  0.444040E+01
  0.170246E+01  0.247397E+03  0.446036E+01
  0.170465E+01  0.242811E+03  0.447116E+01
  0.170684E+01  0.241839E+03  0.444660E+01
  0.170903E+01  0.240633E+03  0.445604E+01
  0.171122E+01  0.239058E+03  0.440964E+01
  0.171341E+01  0.239231E+03  0.445136E+01
  0.171560E+01  0.240742E+03  0.443304E+01
  0.171779E+01  0.241253E+03  0.442724E+01
  0.171998E+01  0.236942E+03  0.444788E+01
  0.172217E+01  0.233103E+03  0.440216E+01
  0.172436E+01  0.231358E+03  0.443748E+01
  0.172655E+01  0.235247E+03  0.440948E+01
  0.172874E+01  0.232222E+03  0.440828E+01
  0.173093E+01  0.232011E+03  0.441476E+01
  0.173312E+01  0.229256E+03  0.440824E+01
  0.173531E+01  0.227156E+03  0.442340E+01
  0.173750E+01  0.228633E+03  0.438528E+01
  0.173969E+01  0.228961E+03  0.439016E+01
  0.174188E+01  0.226944E+03  0.440804E+01
  0.174408E+01  0.224894E+03  0.438428E+01
  0.174627E+01  0.224142E+03  0.441448E+01
  0.174846E+01  0.223411E+03  0.435028E+01
  0.175065E+01  0.223647E+03  0.438908E+01
  0.175284E+01  0.222681E+03  0.436816E+01
  0.175503E+01  0.222172E+03  0.438676E+01
  0.175722E+01  0.219264E+03  0.438056E+01
  0.175941E+01  0.217528E+03  0.436076E+01
  0.176160E+01  0.216506E+03  0.437032E+01
  0.176379E+01  0.214611E+03  0.435360E+01
  0.176598E+01  0.214014E+03  0.435912E+01
  0.176817E+01  0.213669E+03  0.436600E+01
  0.177036E+01  0.212789E+03  0.434716E+01
  0.177255E+01  0.212517E+03  0.437952E+01
  0.177474E+01  0.212053E+03  0.432772E+01
  0.177693E+01  0.211172E+03  0.434212E+01
  0.177912E+01  0.210617E+03  0.433632E+01
  0.178131E+01  0.209478E+03  0.432940E+01
  0.178350E+01  0.207072E+03  0.434880E+01
  0.178569E+01  0.205483E+03  0.431556E+01
  0.178788E+01  0.205967E+03  0.435316E+01
  0.179007E+01  0.205611E+03  0.431092E+01
  0.179226E+01  0.204633E+03  0.433324E+01
  0.179445E+01  0.203978E+03  0.431980E+01
  0.179665E+01  0.202492E+03  0.431332E+01
  0.179884E+01  0.201156E+03  0.433080E+01
  0.180103E+01  0.198986E+03  0.429860E+01
  0.180322E+01  0.199953E+03  0.431452E+01
  0.180541E+01  0.198961E+03  0.429940E+01
  0.180760E+01  0.198847E+03  0.430272E+01
  0.180979E+01  0.196608E+03  0.432504E+01
  0.181198E+01  0.193436E+03  0.426648E+01
  0.181417E+01  0.193028E+03  0.431048E+01
  0.181636E+01  0.194969E+03  0.427384E+01
  0.181855E+01  0.192325E+03  0.428784E+01
  0.182074E+01  0.192922E+03  0.429076E+01
  0.182293E+01  0.192558E+03  0.425984E+01
  0.182512E+01  0.190758E+03  0.429264E+01
  0.182731E+01  0.190369E+03  0.426188E+01
  0.182950E+01  0.188256E+03  0.426980E+01
  0.183169E+01  0.185047E+03  0.427616E+01
  0.183388E+01  0.186164E+03  0.423892E+01
  0.183607E+01  0.187958E+03  0.429288E+01
  0.183826E+01  0.187894E+03  0.423480E+01
  0.184045E+01  0.185858E+03  0.426784E+01
  0.184264E+01  0.185003E+03  0.425004E+01
  0.184483E+01  0.182317E+03  0.423668E+01
  0.184702E+01  0.181819E+03  0.426972E+01
  0.184921E+01  0.180236E+03  0.423344E+01
  0.185141E+01  0.181172E+03  0.424100E+01
  0.185360E+01  0.180550E+03  0.422360E+01
  0.185579E+01  0.179492E+03  0.424068E+01
  0.185798E+01  0.178569E+03  0.424352E+01
  0.186017E+01  0.178283E+03  0.421780E+01
  0.186236E+01  0.176281E+03  0.424784E+01
  0.186455E+01  0.174533E+03  0.421144E+01
  0.186674E+01  0.173644E+03  0.422912E+01
  0.186893E+01  0.171628E+03  0.422940E+01
  0.187112E+01  0.171658E+03  0.420388E+01
  0.187331E+01  0.171175E+03  0.421308E+01
  0.187550E+01  0.169158E+03  0.420888E+01
  0.187769E+01  0.167425E+03  0.422016E+01
  0.187988E+01  0.168542E+03  0.420112E+01
  0.188207E+01  0.167225E+03  0.420608E+01
  0.188426E+01  0.166681E+03  0.420428E+01
  0.188645E+01  0.168394E+03  0.418212E+01
  0.188864E+01  0.170136E+03  0.421108E+01
  0.189083E+01  0.168297E+03  0.418476E+01
  0.189302E+01  0.165575E+03  0.421080E+01
  0.189521E+01  0.162511E+03  0.418960E+01
  0.189740E+01  0.163003E+03  0.416676E+01
  0.189959E+01  0.162597E+03  0.421296E+01
  0.190178E+01  0.161506E+03  0.416104E+01
  0.190397E+01  0.159922E+03  0.419328E+01
  0.190617E+01  0.158950E+03  0.416256E+01
  0.190836E+01  0.158911E+03  0.416884E+01
  0.191055E+01  0.157831E+03  0.417944E+01
  0.191274E+01  0.155156E+03  0.416348E+01
  0.191493E+01  0.153100E+03  0.418700E+01
  0.191712E+01  0.155900E+03  0.414820E+01
  0.191931E+01  0.153206E+03  0.416452E+01
  0.192150E+01  0.152786E+03  0.417772E+01
  0.192369E+01  0.154264E+03  0.413536E+01
  0.192588E+01  0.155547E+03  0.417128E+01
  0.192807E+01  0.153131E+03  0.413124E+01
  0.193026E+01  0.152194E+03  0.416844E+01
  0.193245E+01  0.150272E+03  0.414268E+01
  0.193464E+01  0.150258E+03  0.413664E+01
  0.193683E+01  0.151889E+03  0.415092E+01
  0.193902E+01  0.150672E+03  0.413092E+01
  0.194121E+01  0.150794E+03  0.415116E+01
  0.194340E+01  0.150964E+03  0.412344E+01
  0.194559E+01  0.146264E+03  0.413144E+01
  0.194778E+01  0.143064E+03  0.413708E+01
  0.194997E+01  0.144803E+03  0.412280E+01
  0.195216E+01  0.144856E+03  0.413060E+01
  0.195435E+01  0.143592E+03  0.409668E+01
  0.195654E+01  0.143825E+03  0.412544E+01
  0.195874E+01  0.143625E+03  0.412784E+01
  0.196093E+01  0.142025E+03  0.409508E+01
  0.196312E+01  0.141989E+03  0.412804E+01
  0.196531E+01  0.139686E+03  0.408940E+01
  0.196750E+01  0.137947E+03  0.412048E+01
  0.196969E+01  0.139942E+03  0.409676E+01
  0.197188E+01  0.138367E+03  0.410044E+01
  0.197407E+01  0.138856E+03  0.410836E+01
  0.197626E+01  0.135453E+03  0.408096E+01
  0.197845E+01  0.135864E+03  0.409648E+01
  0.198064E+01  0.134903E+03  0.407696E+01
  0.198283E+01  0.134572E+03  0.409092E+01
  0.198502E+01  0.133119E+03  0.409032E+01
  0.198721E+01  0.133572E+03  0.407820E+01
  0.198940E+01  0.134753E+03  0.411072E+01
  0.199159E+01  0.134292E+03  0.409440E+01
  0.199378E+01  0.133872E+03  0.411832E+01
  0.199597E+01  0.131131E+03  0.411816E+01
  0.199816E+01  0.132519E+03  0.410416E+01
  0.200035E+01  0.132283E+03  0.411788E+01
  0.200254E+01  0.131808E+03  0.412120E+01
  0.200473E+01  0.129731E+03  0.414004E+01
  0.200692E+01  0.129203E+03  0.410104E+01
  0.200911E+01  0.129983E+03  0.411352E+01
  0.201130E+01  0.130150E+03  0.411952E+01
  0.201350E+01  0.128753E+03  0.410764E+01
  0.201569E+01  0.123942E+03  0.413156E+01
  0.201788E+01  0.126394E+03  0.408684E+01
  0.202007E+01  0.124722E+03  0.412268E+01
  0.202226E+01  0.124692E+03  0.410184E+01
  0.202445E+01  0.121369E+03  0.410200E+01
  0.202664E+01  0.122181E+03  0.411600E+01
  0.202883E+01  0.123594E+03  0.407000E+01
  0.203102E+01  0.124489E+03  0.413044E+01
  0.203321E+01  0.122069E+03  0.409224E+01
  0.203540E+01  0.120844E+03  0.409808E+01
  0.203759E+01  0.117408E+03  0.410840E+01
  0.203978E+01  0.118325E+03  0.407700E+01
  0.204197E+01  0.117844E+03  0.412348E+01
  0.204416E+01  0.118992E+03  0.406404E+01
  0.204635E+01  0.119897E+03  0.409108E+01
  0.204854E+01  0.116842E+03  0.409008E+01
  0.205073E+01  0.117944E+03  0.407068E+01
  0.205292E+01  0.117108E+03  0.410308E+01
  0.205511E+01  0.116042E+03  0.405316E+01
  0.205730E+01  0.117153E+03  0.410768E+01
  0.205949E+01  0.113236E+03  0.407396E+01
  0.206168E+01  0.114350E+03  0.406788E+01
  0.206387E+01  0.112156E+03  0.408288E+01
  0.206606E+01  0.113353E+03  0.404624E+01
  0.206826E+01  0.113706E+03  0.408524E+01
  0.207045E+01  0.113167E+03  0.407244E+01
  0.207264E+01  0.111675E+03  0.405144E+01
  0.207483E+01  0.110592E+03  0.407192E+01
  0.207702E+01  0.108147E+03  0.405512E+01
  0.207921E+01  0.108828E+03  0.408384E+01
  0.208140E+01  0.107361E+03  0.404464E+01
  0.208359E+01  0.108694E+03  0.405208E+01
  0.208578E+01  0.107111E+03  0.406152E+01
  0.208797E+01  0.106064E+03  0.404572E+01
  0.209016E+01  0.106611E+03  0.405408E+01
  0.209235E+01  0.106911E+03  0.403784E+01
  0.209454E+01  0.103339E+03  0.404708E+01
  0.209673E+01  0.105211E+03  0.404700E+01
  0.209892E+01  0.106025E+03  0.404136E+01
  0.210111E+01  0.103983E+03  0.404132E+01
  0.210330E+01  0.104247E+03  0.402140E+01
  0.210549E+01  0.104167E+03  0.404832E+01
  0.210768E+01  0.101272E+03  0.403112E+01
  0.210987E+01  0.999889E+02  0.402760E+01
  0.211206E+01  0.990667E+02  0.401956E+01
  0.211425E+01  0.997222E+02  0.401816E+01
  0.211644E+01  0.101117E+03  0.403708E+01
  0.211863E+01  0.996417E+02  0.398914E+01
  0.212083E+01  0.101203E+03  0.401984E+01
  0.212302E+01  0.100222E+03  0.400204E+01
  0.212521E+01  0.967778E+02  0.401692E+01
  0.212740E+01  0.968556E+02  0.399484E+01
  0.212959E+01  0.960417E+02  0.398664E+01
  0.213178E+01  0.957806E+02  0.400024E+01
  0.213397E+01  0.977000E+02  0.397744E+01
  0.213616E+01  0.960556E+02  0.399162E+01
  0.213835E+01  0.970944E+02  0.398046E+01
  0.214054E+01  0.970000E+02  0.396465E+01
  0.214273E+01  0.959333E+02  0.398737E+01
  0.214492E+01  0.931472E+02  0.395210E+01
  0.214711E+01  0.946694E+02  0.398063E+01
  0.214930E+01  0.929972E+02  0.395294E+01
  0.215149E+01  0.919028E+02  0.395707E+01
  0.215368E+01  0.887333E+02  0.395381E+01
  0.215587E+01  0.916028E+02  0.391555E+01
  0.215806E+01  0.917028E+02  0.395188E+01
  0.216025E+01  0.895667E+02  0.392637E+01
  0.216244E+01  0.902528E+02  0.394129E+01
  0.216463E+01  0.878361E+02  0.392520E+01
  0.216682E+01  0.895833E+02  0.391278E+01
  0.216901E+01  0.879722E+02  0.394436E+01
  0.217120E+01  0.868167E+02  0.390337E+01
  0.217339E+01  0.916333E+02  0.393951E+01
  0.217559E+01  0.883056E+02  0.391323E+01
  0.217778E+01  0.872694E+02  0.391166E+01
  0.217997E+01  0.875639E+02  0.392758E+01
  0.218216E+01  0.879361E+02  0.390109E+01
  0.218435E+01  0.860806E+02  0.392115E+01
  0.218654E+01  0.875778E+02  0.389723E+01
  0.218873E+01  0.860500E+02  0.390230E+01
  0.219092E+01  0.847472E+02  0.392681E+01
  0.219311E+01  0.832139E+02  0.387469E+01
  0.219530E+01  0.833583E+02  0.390938E+01
  0.219749E+01  0.829333E+02  0.388211E+01
  0.219968E+01  0.831111E+02  0.390743E+01
  0.220187E+01  0.816306E+02  0.389959E+01
  0.220406E+01  0.819528E+02  0.388086E+01
  0.220625E+01  0.817222E+02  0.390633E+01
  0.220844E+01  0.797778E+02  0.387207E+01
  0.221063E+01  0.778639E+02  0.389408E+01
  0.221282E+01  0.779917E+02  0.388772E+01
  0.221501E+01  0.794583E+02  0.387939E+01
  0.221720E+01  0.811833E+02  0.389152E+01
  0.221939E+01  0.801778E+02  0.387267E+01
  0.222158E+01  0.799222E+02  0.388587E+01
  0.222377E+01  0.813806E+02  0.386208E+01
  0.222596E+01  0.785861E+02  0.386268E+01
  0.222815E+01  0.776056E+02  0.388726E+01
  0.223035E+01  0.792583E+02  0.385284E+01
  0.223254E+01  0.779194E+02  0.388137E+01
  0.223473E+01  0.752333E+02  0.385698E+01
  0.223692E+01  0.763056E+02  0.386662E+01
  0.223911E+01  0.773944E+02  0.385982E+01
  0.224130E+01  0.761361E+02  0.385014E+01
  0.224349E+01  0.766278E+02  0.387090E+01
  0.224568E+01  0.746028E+02  0.384472E+01
  0.224787E+01  0.744333E+02  0.385984E+01
  0.225006E+01  0.728917E+02  0.385386E+01
  0.225225E+01  0.718167E+02  0.385201E+01
  0.225444E+01  0.754278E+02  0.385676E+01
  0.225663E+01  0.741028E+02  0.384679E+01
  0.225882E+01  0.713917E+02  0.384921E+01
  0.226101E+01  0.717111E+02  0.382448E+01
  0.226320E+01  0.701167E+02  0.385337E+01
  0.226539E+01  0.712750E+02  0.384815E+01
  0.226758E+01  0.697417E+02  0.382418E+01
  0.226977E+01  0.691667E+02  0.385596E+01
  0.227196E+01  0.676389E+02  0.381406E+01
  0.227415E+01  0.697250E+02  0.384912E+01
  0.227634E+01  0.703500E+02  0.382648E+01
  0.227853E+01  0.701333E+02  0.381674E+01
  0.228072E+01  0.681694E+02  0.383138E+01
  0.228292E+01  0.683500E+02  0.382108E+01
  0.228511E+01  0.672139E+02  0.384267E+01
  0.228730E+01  0.679417E+02  0.381676E+01
  0.228949E+01  0.661528E+02  0.382445E+01
  0.229168E+01  0.657444E+02  0.383188E+01
  0.229387E+01  0.669222E+02  0.380903E+01
  0.229606E+01  0.677556E+02  0.382448E+01
  0.229825E+01  0.657722E+02  0.379901E+01
  0.230044E+01  0.656111E+02  0.382017E+01
  0.230263E+01  0.676972E+02  0.381910E+01
  0.230482E+01  0.668361E+02  0.380220E+01
  0.230701E+01  0.649000E+02  0.382184E+01
  0.230920E+01  0.623861E+02  0.380911E+01
  0.231139E+01  0.641278E+02  0.382092E+01
  0.231358E+01  0.661194E+02  0.379197E+01
  0.231577E+01  0.648722E+02  0.380365E+01
  0.231796E+01  0.632889E+02  0.380413E+01
  0.232015E+01  0.644056E+02  0.379875E+01
  0.232234E+01  0.631639E+02  0.381052E+01
  0.232453E+01  0.630889E+02  0.378399E+01
  0.232672E+01  0.614194E+02  0.381322E+01
  0.232891E+01  0.602583E+02  0.379890E+01
  0.233110E+01  0.608806E+02  0.378212E+01
  0.233329E+01  0.618444E+02  0.378209E+01
  0.233548E+01  0.608472E+02  0.378770E+01
  0.233768E+01  0.591361E+02  0.380711E+01
  0.233987E+01  0.608139E+02  0.378106E+01
  0.234206E+01  0.608583E+02  0.378644E+01
  0.234425E+01  0.602139E+02  0.378936E+01
  0.234644E+01  0.602000E+02  0.377272E+01
  0.234863E+01  0.586750E+02  0.379520E+01
  0.235082E+01  0.598417E+02  0.376536E+01
  0.235301E+01  0.596028E+02  0.377844E+01
  0.235520E+01  0.580278E+02  0.378327E+01
  0.235739E+01  0.562056E+02  0.377278E+01
  0.235958E+01  0.559417E+02  0.378912E+01
  0.236177E+01  0.569417E+02  0.374590E+01
  0.236396E+01  0.554750E+02  0.378838E+01
  0.236615E+01  0.548333E+02  0.377699E+01
  0.236834E+01  0.566417E+02  0.376932E+01
  0.237053E+01  0.569417E+02  0.377559E+01
  0.237272E+01  0.572667E+02  0.374830E+01
  0.237491E+01  0.555278E+02  0.378197E+01
  0.237710E+01  0.553833E+02  0.376362E+01
  0.237929E+01  0.544556E+02  0.376358E+01
  0.238148E+01  0.564778E+02  0.377394E+01
  0.238367E+01  0.576722E+02  0.374306E+01
  0.238586E+01  0.551972E+02  0.377767E+01
  0.238805E+01  0.557389E+02  0.374391E+01
  0.239025E+01  0.550583E+02  0.376077E+01
  0.239244E+01  0.537361E+02  0.376016E+01
  0.239463E+01  0.535500E+02  0.375508E+01
  0.239682E+01  0.506972E+02  0.375655E+01
  0.239901E+01  0.502194E+02  0.372792E+01
  0.240120E+01  0.505917E+02  0.375728E+01
  0.240339E+01  0.516333E+02  0.374168E+01
  0.240558E+01  0.515056E+02  0.375134E+01
  0.240777E+01  0.488472E+02  0.374976E+01
  0.240996E+01  0.513528E+02  0.373342E+01
  0.241215E+01  0.515528E+02  0.376488E+01
  0.241434E+01  0.513083E+02  0.372875E+01
  0.241653E+01  0.499861E+02  0.373541E+01
  0.241872E+01  0.500333E+02  0.375505E+01
  0.242091E+01  0.531722E+02  0.373311E+01
  0.242310E+01  0.512889E+02  0.375364E+01
  0.242529E+01  0.499083E+02  0.371889E+01
  0.242748E+01  0.497611E+02  0.374130E+01
  0.242967E+01  0.490361E+02  0.373745E+01
  0.243186E+01  0.487778E+02  0.374234E+01
  0.243405E+01  0.516139E+02  0.373566E+01
  0.243624E+01  0.530944E+02  0.371885E+01
  0.243843E+01  0.503750E+02  0.373379E+01
  0.244062E+01  0.507111E+02  0.372268E+01
  0.244281E+01  0.477556E+02  0.372876E+01
  0.244501E+01  0.483556E+02  0.372888E+01
  0.244720E+01  0.491750E+02  0.371347E+01
  0.244939E+01  0.508639E+02  0.375617E+01
  0.245158E+01  0.480694E+02  0.371025E+01
  0.245377E+01  0.477389E+02  0.371678E+01
  0.245596E+01  0.468750E+02  0.371920E+01
  0.245815E+01  0.457611E+02  0.371600E+01
  0.246034E+01  0.471639E+02  0.373867E+01
  0.246253E+01  0.462222E+02  0.370031E+01
  0.246472E+01  0.462583E+02  0.372210E+01
  0.246691E+01  0.447972E+02  0.371205E+01
  0.246910E+01  0.447833E+02  0.372804E+01
  0.247129E+01  0.457833E+02  0.372421E+01
  0.247348E+01  0.477556E+02  0.369378E+01
  0.247567E+01  0.461972E+02  0.372856E+01
  0.247786E+01  0.452611E+02  0.370596E+01
  0.248005E+01  0.463194E+02  0.370784E+01
  0.248224E+01  0.435861E+02  0.370941E+01
  0.248443E+01  0.435056E+02  0.370181E+01
  0.248662E+01  0.445250E+02  0.372187E+01
  0.248881E+01  0.461944E+02  0.369270E+01
  0.249100E+01  0.428556E+02  0.371187E+01
  0.249319E+01  0.447472E+02  0.369968E+01
  0.249538E+01  0.442361E+02  0.370715E+01
  0.249757E+01  0.443722E+02  0.371808E+01
  0.249977E+01  0.444667E+02  0.369163E+01
  0.250196E+01  0.462583E+02  0.371836E+01
  0.250415E+01  0.451389E+02  0.368875E+01
  0.250634E+01  0.433917E+02  0.370583E+01
  0.250853E+01  0.443111E+02  0.369536E+01
  0.251072E+01  0.451861E+02  0.368900E+01
  0.251291E+01  0.448806E+02  0.371298E+01
  0.251510E+01  0.458333E+02  0.368937E+01
  0.251729E+01  0.429944E+02  0.369530E+01
  0.251948E+01  0.438361E+02  0.368098E+01
  0.252167E+01  0.424472E+02  0.369061E+01
  0.252386E+01  0.433111E+02  0.370770E+01
  0.252605E+01  0.447472E+02  0.367391E+01
  0.252824E+01  0.458750E+02  0.368380E+01
  0.253043E+01  0.440694E+02  0.367652E+01
  0.253262E+01  0.430056E+02  0.369150E+01
  0.253481E+01  0.451694E+02  0.369348E+01
  0.253700E+01  0.446250E+02  0.368125E+01
  0.253919E+01  0.432194E+02  0.369021E+01
  0.254138E+01  0.426944E+02  0.367451E+01
  0.254357E+01  0.431944E+02  0.369698E+01
  0.254576E+01  0.441278E+02  0.367735E+01
  0.254795E+01  0.433361E+02  0.367095E+01
  0.255014E+01  0.430139E+02  0.368325E+01
  0.255234E+01  0.418472E+02  0.367224E+01
  0.255453E+01  0.433000E+02  0.369330E+01
  0.255672E+01  0.449694E+02  0.366620E+01
  0.255891E+01  0.440250E+02  0.368544E+01
  0.256110E+01  0.410361E+02  0.367898E+01
  0.256329E+01  0.411167E+02  0.366010E+01
  0.256548E+01  0.417444E+02  0.368397E+01
  0.256767E+01  0.422722E+02  0.365973E+01
  0.256986E+01  0.416111E+02  0.368904E+01
  0.257205E+01  0.424667E+02  0.367274E+01
  0.257424E+01  0.435528E+02  0.365843E+01
  0.257643E+01  0.419639E+02  0.368381E+01
  0.257862E+01  0.417361E+02  0.364551E+01
  0.258081E+01  0.415056E+02  0.369224E+01
  0.258300E+01  0.405028E+02  0.365255E+01
  0.258519E+01  0.393444E+02  0.366591E+01
  0.258738E+01  0.417389E+02  0.367825E+01
  0.258957E+01  0.427167E+02  0.364480E+01
  0.259176E+01  0.421639E+02  0.367840E+01
  0.259395E+01  0.422278E+02  0.363987E+01
  0.259614E+01  0.418000E+02  0.367233E+01
  0.259833E+01  0.389167E+02  0.367234E+01
  0.260052E+01  0.382222E+02  0.364536E+01
  0.260271E+01  0.389167E+02  0.367693E+01
  0.260490E+01  0.401500E+02  0.364459E+01
  0.260710E+01  0.416083E+02  0.367291E+01
  0.260929E+01  0.396472E+02  0.367460E+01
  0.261148E+01  0.392722E+02  0.363823E+01
  0.261367E+01  0.389444E+02  0.367168E+01
  0.261586E+01  0.401917E+02  0.364094E+01
  0.261805E+01  0.408528E+02  0.366656E+01
  0.262024E+01  0.398889E+02  0.364821E+01
  0.262243E+01  0.379139E+02  0.364494E+01
  0.262462E+01  0.403472E+02  0.366627E+01
  0.262681E+01  0.393472E+02  0.364927E+01
  0.262900E+01  0.382417E+02  0.366471E+01
  0.263119E+01  0.390222E+02  0.363560E+01
  0.263338E+01  0.415556E+02  0.365248E+01
  0.263557E+01  0.399111E+02  0.365799E+01
  0.263776E+01  0.381083E+02  0.364239E+01
  0.263995E+01  0.405000E+02  0.365794E+01
  0.264214E+01  0.381028E+02  0.362532E+01
  0.264433E+01  0.387056E+02  0.365247E+01
  0.264652E+01  0.381639E+02  0.364524E+01
  0.264871E+01  0.387611E+02  0.364047E+01
  0.265090E+01  0.392611E+02  0.364625E+01
  0.265309E+01  0.393750E+02  0.364504E+01
  0.265528E+01  0.403944E+02  0.365242E+01
  0.265747E+01  0.396056E+02  0.362876E+01
  0.265966E+01  0.389083E+02  0.363531E+01
  0.266186E+01  0.376083E+02  0.364334E+01
  0.266405E+01  0.385306E+02  0.364580E+01
  0.266624E+01  0.392139E+02  0.364592E+01
  0.266843E+01  0.397250E+02  0.362071E+01
  0.267062E+01  0.365500E+02  0.364586E+01
  0.267281E+01  0.409278E+02  0.363720E+01
  0.267500E+01  0.426500E+02  0.362640E+01
  0.267719E+01  0.389611E+02  0.363852E+01
  0.267938E+01  0.388250E+02  0.362471E+01
  0.268157E+01  0.374694E+02  0.364690E+01
  0.268376E+01  0.385694E+02  0.362277E+01
  0.268595E+01  0.383722E+02  0.362982E+01
  0.268814E+01  0.403333E+02  0.363403E+01
  0.269033E+01  0.424556E+02  0.362312E+01
  0.269252E+01  0.397250E+02  0.365173E+01
  0.269471E+01  0.388278E+02  0.360514E+01
  0.269690E+01  0.400917E+02  0.363837E+01
  0.269909E+01  0.390694E+02  0.363255E+01
  0.270128E+01  0.383389E+02  0.362854E+01
  0.270347E+01  0.390278E+02  0.363884E+01
  0.270566E+01  0.382667E+02  0.360509E+01
  0.270785E+01  0.378611E+02  0.364093E+01
  0.271004E+01  0.396917E+02  0.361800E+01
  0.271223E+01  0.394806E+02  0.362686E+01
  0.271443E+01  0.385944E+02  0.362476E+01
  0.271662E+01  0.379083E+02  0.361558E+01
  0.271881E+01  0.402556E+02  0.364809E+01
  0.272100E+01  0.415472E+02  0.359696E+01
  0.272319E+01  0.400639E+02  0.361805E+01
  0.272538E+01  0.370194E+02  0.361532E+01
  0.272757E+01  0.370139E+02  0.361968E+01
  0.272976E+01  0.383389E+02  0.364865E+01
  0.273195E+01  0.368167E+02  0.359476E+01
  0.273414E+01  0.387667E+02  0.362488E+01
  0.273633E+01  0.414556E+02  0.361875E+01
  0.273852E+01  0.386278E+02  0.362480E+01
  0.274071E+01  0.403139E+02  0.362242E+01
  0.274290E+01  0.387750E+02  0.360533E+01
  0.274509E+01  0.385306E+02  0.362320E+01
  0.274728E+01  0.395333E+02  0.360975E+01
  0.274947E+01  0.382250E+02  0.361418E+01
  0.275166E+01  0.374222E+02  0.361826E+01
  0.275385E+01  0.388611E+02  0.360279E+01
  0.275604E+01  0.379500E+02  0.362535E+01
  0.275823E+01  0.396139E+02  0.359668E+01
  0.276042E+01  0.388583E+02  0.360700E+01
  0.276261E+01  0.374889E+02  0.361006E+01
  0.276480E+01  0.400722E+02  0.360149E+01
  0.276699E+01  0.375389E+02  0.362019E+01
  0.276919E+01  0.380611E+02  0.359615E+01
  0.277138E+01  0.371833E+02  0.361052E+01
  0.277357E+01  0.376917E+02  0.360224E+01
  0.277576E+01  0.398556E+02  0.361266E+01
  0.277795E+01  0.393667E+02  0.360294E+01
  0.278014E+01  0.384222E+02  0.358474E+01
  0.278233E+01  0.383528E+02  0.361798E+01
  0.278452E+01  0.359694E+02  0.359709E+01
  0.278671E+01  0.376028E+02  0.361106E+01
  0.278890E+01  0.377667E+02  0.360044E+01
  0.279109E+01  0.389500E+02  0.358962E+01
  0.279328E+01  0.382972E+02  0.361932E+01
  0.279547E+01  0.376861E+02  0.357965E+01
  0.279766E+01  0.373250E+02  0.360983E+01
  0.279985E+01  0.391139E+02  0.358890E+01
  0.280204E+01  0.402972E+02  0.359717E+01
  0.280423E+01  0.395583E+02  0.360674E+01
  0.280642E+01  0.380806E+02  0.357817E+01
  0.280861E+01  0.381444E+02  0.360627E+01
  0.281080E+01  0.367806E+02  0.358687E+01
  0.281299E+01  0.394694E+02  0.361530E+01
  0.281518E+01  0.401833E+02  0.359706E+01
  0.281737E+01  0.401778E+02  0.357612E+01
  0.281956E+01  0.401306E+02  0.361456E+01
  0.282175E+01  0.395972E+02  0.357606E+01
  0.282395E+01  0.378250E+02  0.360289E+01
  0.282614E+01  0.396389E+02  0.358211E+01
  0.282833E+01  0.390694E+02  0.358048E+01
  0.283052E+01  0.362250E+02  0.359765E+01
  0.283271E+01  0.354639E+02  0.357432E+01
  0.283490E+01  0.375417E+02  0.359291E+01
  0.283709E+01  0.396139E+02  0.357575E+01
  0.283928E+01  0.395583E+02  0.359200E+01
  0.284147E+01  0.385000E+02  0.359799E+01
  0.284366E+01  0.404278E+02  0.356616E+01
  0.284585E+01  0.392111E+02  0.360050E+01
  0.284804E+01  0.388861E+02  0.356876E+01
  0.285023E+01  0.388361E+02  0.359836E+01
  0.285242E+01  0.373222E+02  0.358672E+01
  0.285461E+01  0.384000E+02  0.357130E+01
  0.285680E+01  0.393278E+02  0.359379E+01
  0.285899E+01  0.392472E+02  0.357444E+01
  0.286118E+01  0.374000E+02  0.358762E+01
  0.286337E+01  0.378611E+02  0.357052E+01
  0.286556E+01  0.395028E+02  0.357650E+01
  0.286775E+01  0.392889E+02  0.358521E+01
  0.286994E+01  0.377361E+02  0.357350E+01
  0.287213E+01  0.367306E+02  0.357677E+01
  0.287432E+01  0.388167E+02  0.356460E+01
  0.287652E+01  0.373583E+02  0.358484E+01
  0.287871E+01  0.395861E+02  0.358146E+01
  0.288090E+01  0.385778E+02  0.356650E+01
  0.288309E+01  0.407111E+02  0.358108E+01
  0.288528E+01  0.390194E+02  0.356401E+01
  0.288747E+01  0.385806E+02  0.358816E+01
  0.288966E+01  0.387056E+02  0.356778E+01
  0.289185E+01  0.395528E+02  0.357190E+01
  0.289404E+01  0.401278E+02  0.358722E+01
  0.289623E+01  0.380333E+02  0.356298E+01
  0.289842E+01  0.410361E+02  0.358573E+01
  0.290061E+01  0.383639E+02  0.354603E+01
  0.290280E+01  0.385639E+02  0.357481E+01
  0.290499E+01  0.384861E+02  0.357671E+01
  0.290718E+01  0.386278E+02  0.355816E+01
  0.290937E+01  0.380611E+02  0.358683E+01
  0.291156E+01  0.391389E+02  0.354643E+01
  0.291375E+01  0.397111E+02  0.357877E+01
  0.291594E+01  0.385417E+02  0.357357E+01
  0.291813E+01  0.388917E+02  0.355556E+01
  0.292032E+01  0.378889E+02  0.357946E+01
  0.292251E+01  0.374639E+02  0.355145E+01
  0.292470E+01  0.395750E+02  0.358118E+01
  0.292689E+01  0.409917E+02  0.355173E+01
  0.292908E+01  0.392944E+02  0.356834E+01
  0.293128E+01  0.384944E+02  0.357640E+01
  0.293347E+01  0.408222E+02  0.355382E+01
  0.293566E+01  0.388583E+02  0.357285E+01
  0.293785E+01  0.383028E+02  0.355146E+01
  0.294004E+01  0.357111E+02  0.356521E+01
  0.294223E+01  0.387500E+02  0.357869E+01
  0.294442E+01  0.389472E+02  0.355054E+01
  0.294661E+01  0.395694E+02  0.358021E+01
  0.294880E+01  0.414278E+02  0.354610E+01
  0.295099E+01  0.414278E+02  0.357656E+01
  0.295318E+01  0.398583E+02  0.355533E+01
  0.295537E+01  0.393778E+02  0.355323E+01
  0.295756E+01  0.400306E+02  0.356458E+01
  0.295975E+01  0.394583E+02  0.355429E+01
  0.296194E+01  0.403472E+02  0.358216E+01
  0.296413E+01  0.389944E+02  0.354700E+01
  0.296632E+01  0.394694E+02  0.356030E+01
  0.296851E+01  0.398194E+02  0.357040E+01
  0.297070E+01  0.406944E+02  0.355586E+01
  0.297289E+01  0.384944E+02  0.357154E+01
  0.297508E+01  0.396472E+02  0.354582E+01
  0.297727E+01  0.380083E+02  0.357038E+01
  0.297946E+01  0.369222E+02  0.356538E+01
  0.298165E+01  0.384444E+02  0.355900E+01
  0.298385E+01  0.392972E+02  0.356128E+01
  0.298604E+01  0.395194E+02  0.354774E+01
  0.298823E+01  0.382528E+02  0.357805E+01
  0.299042E+01  0.380111E+02  0.354377E+01
  0.299261E+01  0.388444E+02  0.355224E+01
  0.299480E+01  0.390111E+02  0.355901E+01
  0.299699E+01  0.390028E+02  0.355040E+01
  0.299918E+01  0.377500E+02  0.357746E+01
  0.300137E+01  0.383083E+02  0.353858E+01
  0.300356E+01  0.391139E+02  0.355823E+01
  0.300575E+01  0.372639E+02  0.355643E+01
  0.300794E+01  0.378389E+02  0.354966E+01
  0.301013E+01  0.391611E+02  0.357214E+01
  0.301232E+01  0.389167E+02  0.353239E+01
  0.301451E+01  0.385472E+02  0.356849E+01
  0.301670E+01  0.386639E+02  0.355123E+01
  0.301889E+01  0.378833E+02  0.355768E+01
  0.302108E+01  0.387917E+02  0.355828E+01
  0.302327E+01  0.396000E+02  0.353998E+01
  0.302546E+01  0.402361E+02  0.357794E+01
  0.302765E+01  0.399083E+02  0.353660E+01
  0.302984E+01  0.409278E+02  0.355604E+01
  0.303203E+01  0.410472E+02  0.355113E+01
  0.303422E+01  0.405056E+02  0.354366E+01
  0.303641E+01  0.395500E+02  0.357293E+01
  0.303861E+01  0.373944E+02  0.351856E+01
  0.304080E+01  0.371667E+02  0.355539E+01
  0.304299E+01  0.372694E+02  0.355391E+01
  0.304518E+01  0.372472E+02  0.354992E+01
  0.304737E+01  0.376500E+02  0.355413E+01
  0.304956E+01  0.378917E+02  0.353279E+01
  0.305175E+01  0.389806E+02  0.356542E+01
  0.305394E+01  0.400361E+02  0.355604E+01
  0.305613E+01  0.412806E+02  0.355410E+01
  0.305832E+01  0.388306E+02  0.354373E+01
  0.306051E+01  0.403111E+02  0.353635E+01
  0.306270E+01  0.400056E+02  0.356017E+01
  0.306489E+01  0.378528E+02  0.353673E+01
  0.306708E+01  0.392389E+02  0.355173E+01
  0.306927E+01  0.392361E+02  0.355744E+01
  0.307146E+01  0.381806E+02  0.354772E+01
  0.307365E+01  0.379167E+02  0.356393E+01
  0.307584E+01  0.400056E+02  0.353242E+01
  0.307803E+01  0.399667E+02  0.355444E+01
  0.308022E+01  0.400806E+02  0.354108E+01
  0.308241E+01  0.392333E+02  0.355513E+01
  0.308460E+01  0.407389E+02  0.354661E+01
  0.308679E+01  0.392111E+02  0.352485E+01
  0.308898E+01  0.402083E+02  0.355282E+01
  0.309117E+01  0.398778E+02  0.353948E+01
  0.309337E+01  0.404806E+02  0.355569E+01
  0.309556E+01  0.399000E+02  0.353908E+01
  0.309775E+01  0.408361E+02  0.353896E+01
  0.309994E+01  0.395556E+02  0.356251E+01
  0.310213E+01  0.402778E+02  0.352261E+01
  0.310432E+01  0.394472E+02  0.354957E+01
  0.310651E+01  0.376139E+02  0.353721E+01
  0.310870E+01  0.385556E+02  0.354755E+01
  0.311089E+01  0.392417E+02  0.355216E+01
  0.311308E+01  0.386944E+02  0.352349E+01
  0.311527E+01  0.392194E+02  0.355244E+01
  0.311746E+01  0.381472E+02  0.352862E+01
  0.311965E+01  0.379694E+02  0.354952E+01
  0.312184E+01  0.382361E+02  0.354344E+01
  0.312403E+01  0.380250E+02  0.353216E+01
  0.312622E+01  0.410556E+02  0.355877E+01
  0.312841E+01  0.403167E+02  0.352809E+01
  0.313060E+01  0.407333E+02  0.354093E+01
  0.313279E+01  0.381250E+02  0.354032E+01
  0.313498E+01  0.390778E+02  0.352926E+01
  0.313717E+01  0.384139E+02  0.357066E+01
  0.313936E+01  0.370194E+02  0.352207E+01
  0.314155E+01  0.392250E+02  0.353529E+01
  0.314374E+01  0.395139E+02  0.352644E+01
  0.314594E+01  0.383972E+02  0.355283E+01
  0.314813E+01  0.383083E+02  0.354462E+01
  0.315032E+01  0.401444E+02  0.352066E+01
  0.315251E+01  0.397556E+02  0.355067E+01
  0.315470E+01  0.389444E+02  0.351677E+01
  0.315689E+01  0.388167E+02  0.354976E+01
  0.315908E+01  0.370000E+02  0.353518E+01
  0.316127E+01  0.389667E+02  0.352042E+01
  0.316346E+01  0.377222E+02  0.354470E+01
  0.316565E+01  0.359167E+02  0.352099E+01
  0.316784E+01  0.358611E+02  0.353239E+01
  0.317003E+01  0.379972E+02  0.352045E+01
  0.317222E+01  0.372389E+02  0.352886E+01
  0.317441E+01  0.370694E+02  0.354136E+01
  0.317660E+01  0.370944E+02  0.352363E+01
  0.317879E+01  0.387917E+02  0.353494E+01
  0.318098E+01  0.398250E+02  0.351375E+01
  0.318317E+01  0.382889E+02  0.353128E+01
  0.318536E+01  0.381444E+02  0.352863E+01
  0.318755E+01  0.371889E+02  0.351862E+01
  0.318974E+01  0.377361E+02  0.354366E+01
  0.319193E+01  0.349667E+02  0.351588E+01
  0.319412E+01  0.355472E+02  0.354762E+01
  0.319631E+01  0.381500E+02  0.351643E+01
  0.319850E+01  0.381583E+02  0.352076E+01
  0.320070E+01  0.383389E+02  0.353990E+01
  0.320289E+01  0.379139E+02  0.352536E+01
  0.320508E+01  0.377056E+02  0.353876E+01
  0.320727E+01  0.386750E+02  0.351179E+01
  0.320946E+01  0.371611E+02  0.352916E+01
  0.321165E+01  0.380222E+02  0.354290E+01
  0.321384E+01  0.381972E+02  0.351040E+01
  0.321603E+01  0.383028E+02  0.353812E+01
  0.321822E+01  0.393333E+02  0.351560E+01
  0.322041E+01  0.368833E+02  0.353518E+01
  0.322260E+01  0.364194E+02  0.351797E+01
  0.322479E+01  0.373139E+02  0.351492E+01
  0.322698E+01  0.350694E+02  0.354438E+01
  0.322917E+01  0.374944E+02  0.351623E+01
  0.323136E+01  0.376333E+02  0.354618E+01
  0.323355E+01  0.354694E+02  0.350912E+01
  0.323574E+01  0.369833E+02  0.352088E+01
  0.323793E+01  0.386361E+02  0.353601E+01
  0.324012E+01  0.391139E+02  0.352057E+01
  0.324231E+01  0.389139E+02  0.353496E+01
  0.324450E+01  0.362528E+02  0.350393E+01
  0.324669E+01  0.357889E+02  0.353253E+01
  0.324888E+01  0.353083E+02  0.353466E+01
  0.325107E+01  0.363028E+02  0.351276E+01
  0.325326E+01  0.368528E+02  0.353942E+01
  0.325546E+01  0.371417E+02  0.350362E+01
  0.325765E+01  0.366194E+02  0.354145E+01
  0.325984E+01  0.360111E+02  0.351374E+01
  0.326203E+01  0.365139E+02  0.351264E+01
  0.326422E+01  0.367278E+02  0.352924E+01
  0.326641E+01  0.355722E+02  0.351556E+01
  0.326860E+01  0.362111E+02  0.354544E+01
  0.327079E+01  0.388556E+02  0.350520E+01
  0.327298E+01  0.367722E+02  0.352799E+01
  0.327517E+01  0.350556E+02  0.352914E+01
  0.327736E+01  0.366889E+02  0.352236E+01
  0.327955E+01  0.361139E+02  0.353804E+01
  0.328174E+01  0.350861E+02  0.351293E+01
  0.328393E+01  0.369111E+02  0.353755E+01
  0.328612E+01  0.369778E+02  0.354497E+01
  0.328831E+01  0.373167E+02  0.351149E+01
  0.329050E+01  0.370556E+02  0.353207E+01
  0.329269E+01  0.375611E+02  0.351565E+01
  0.329488E+01  0.375222E+02  0.354580E+01
  0.329707E+01  0.369472E+02  0.352586E+01
  0.329926E+01  0.366333E+02  0.353556E+01
  0.330145E+01  0.353389E+02  0.353516E+01
  0.330364E+01  0.364833E+02  0.352088E+01
  0.330583E+01  0.345583E+02  0.354322E+01
  0.330803E+01  0.379139E+02  0.351246E+01
  0.331022E+01  0.358833E+02  0.353884E+01
  0.331241E+01  0.338583E+02  0.353121E+01
  0.331460E+01  0.346111E+02  0.353436E+01
  0.331679E+01  0.364389E+02  0.354036E+01
  0.331898E+01  0.357111E+02  0.351941E+01
  0.332117E+01  0.365528E+02  0.354556E+01
  0.332336E+01  0.352306E+02  0.353185E+01
  0.332555E+01  0.359306E+02  0.353600E+01
  0.332774E+01  0.361944E+02  0.352632E+01
  0.332993E+01  0.362667E+02  0.352344E+01
  0.333212E+01  0.374444E+02  0.355090E+01
  0.333431E+01  0.354611E+02  0.352172E+01
  0.333650E+01  0.354500E+02  0.353990E+01
  0.333869E+01  0.364556E+02  0.354343E+01
  0.334088E+01  0.389694E+02  0.353902E+01
  0.334307E+01  0.384333E+02  0.355037E+01
  0.334526E+01  0.384722E+02  0.351310E+01
  0.334745E+01  0.368444E+02  0.353858E+01
  0.334964E+01  0.346333E+02  0.354855E+01
  0.335183E+01  0.348528E+02  0.353446E+01
  0.335402E+01  0.351556E+02  0.354952E+01
  0.335621E+01  0.340944E+02  0.351211E+01
  0.335840E+01  0.351806E+02  0.354628E+01
  0.336059E+01  0.357000E+02  0.354090E+01
  0.336279E+01  0.371722E+02  0.353151E+01
  0.336498E+01  0.349250E+02  0.354860E+01
  0.336717E+01  0.344917E+02  0.352313E+01
  0.336936E+01  0.353556E+02  0.355950E+01
  0.337155E+01  0.335500E+02  0.353151E+01
  0.337374E+01  0.343972E+02  0.353701E+01
  0.337593E+01  0.359167E+02  0.356124E+01
  0.337812E+01  0.358528E+02  0.352859E+01
  0.338031E+01  0.351583E+02  0.356156E+01
  0.338250E+01  0.350722E+02  0.352551E+01
  0.338469E+01  0.328361E+02  0.354890E+01
  0.338688E+01  0.344944E+02  0.355438E+01
  0.338907E+01  0.330333E+02  0.354029E+01
  0.339126E+01  0.352722E+02  0.355476E+01
  0.339345E+01  0.330139E+02  0.353102E+01
  0.339564E+01  0.328806E+02  0.354716E+01
  0.339783E+01  0.307278E+02  0.354348E+01
  0.340002E+01  0.328444E+02  0.353628E+01
  0.340221E+01  0.342472E+02  0.354794E+01
  0.340440E+01  0.363500E+02  0.354965E+01
  0.340659E+01  0.347472E+02  0.355654E+01
  0.340878E+01  0.318639E+02  0.354276E+01
  0.341097E+01  0.341778E+02  0.354105E+01
  0.341316E+01  0.331139E+02  0.355560E+01
  0.341535E+01  0.345444E+02  0.354155E+01
  0.341755E+01  0.356500E+02  0.356097E+01
  0.341974E+01  0.350306E+02  0.353421E+01
  0.342193E+01  0.351278E+02  0.355277E+01
  0.342412E+01  0.343750E+02  0.355748E+01
  0.342631E+01  0.357389E+02  0.355233E+01
  0.342850E+01  0.339306E+02  0.355392E+01
  0.343069E+01  0.321556E+02  0.354482E+01
  0.343288E+01  0.345611E+02  0.355296E+01
  0.343507E+01  0.335750E+02  0.355713E+01
  0.343726E+01  0.341889E+02  0.353303E+01
  0.343945E+01  0.338389E+02  0.355444E+01
  0.344164E+01  0.322694E+02  0.354217E+01
  0.344383E+01  0.322056E+02  0.356972E+01
  0.344602E+01  0.324056E+02  0.355438E+01
  0.344821E+01  0.316472E+02  0.355010E+01
  0.345040E+01  0.308528E+02  0.355618E+01
  0.345259E+01  0.327167E+02  0.354799E+01
  0.345478E+01  0.341111E+02  0.356538E+01
  0.345697E+01  0.329611E+02  0.354804E+01
  0.345916E+01  0.327694E+02  0.355965E+01
  0.346135E+01  0.333444E+02  0.355336E+01
  0.346354E+01  0.326639E+02  0.355104E+01
  0.346573E+01  0.327611E+02  0.355509E+01
  0.346792E+01  0.325278E+02  0.353993E+01
  0.347012E+01  0.336278E+02  0.357467E+01
  0.347231E+01  0.355722E+02  0.355322E+01
  0.347450E+01  0.336028E+02  0.356129E+01
  0.347669E+01  0.323444E+02  0.355123E+01
  0.347888E+01  0.308472E+02  0.355973E+01
  0.348107E+01  0.330139E+02  0.357349E+01
  0.348326E+01  0.328083E+02  0.355156E+01
  0.348545E+01  0.324667E+02  0.356229E+01
  0.348764E+01  0.350167E+02  0.355287E+01
  0.348983E+01  0.354861E+02  0.357335E+01
  0.349202E+01  0.334944E+02  0.356056E+01
  0.349421E+01  0.331167E+02  0.354542E+01
  0.349640E+01  0.337056E+02  0.357918E+01
  0.349859E+01  0.330417E+02  0.356177E+01
  0.350078E+01  0.311083E+02  0.357613E+01
  0.350297E+01  0.315389E+02  0.355181E+01
  0.350516E+01  0.315250E+02  0.355071E+01
  0.350735E+01  0.306861E+02  0.357256E+01
  0.350954E+01  0.305333E+02  0.356122E+01
  0.351173E+01  0.302167E+02  0.356140E+01
  0.351392E+01  0.304694E+02  0.356816E+01
  0.351611E+01  0.325917E+02  0.357625E+01
  0.351830E+01  0.327083E+02  0.358847E+01
  0.352049E+01  0.309750E+02  0.356431E+01
  0.352268E+01  0.315333E+02  0.356285E+01
  0.352488E+01  0.306000E+02  0.357355E+01
  0.352707E+01  0.310139E+02  0.357971E+01
  0.352926E+01  0.322250E+02  0.357926E+01
  0.353145E+01  0.286472E+02  0.356100E+01
  0.353364E+01  0.314083E+02  0.357625E+01
  0.353583E+01  0.311333E+02  0.358195E+01
  0.353802E+01  0.308250E+02  0.358016E+01
  0.354021E+01  0.316278E+02  0.356813E+01
  0.354240E+01  0.318972E+02  0.357114E+01
  0.354459E+01  0.293694E+02  0.357818E+01
  0.354678E+01  0.292500E+02  0.358626E+01
  0.354897E+01  0.303889E+02  0.356678E+01
  0.355116E+01  0.319194E+02  0.358462E+01
  0.355335E+01  0.318000E+02  0.358635E+01
  0.355554E+01  0.297889E+02  0.358409E+01
  0.355773E+01  0.289139E+02  0.358140E+01
  0.355992E+01  0.307083E+02  0.356971E+01
  0.356211E+01  0.307111E+02  0.358334E+01
  0.356430E+01  0.317750E+02  0.359368E+01
  0.356649E+01  0.300722E+02  0.358560E+01
  0.356868E+01  0.273639E+02  0.357866E+01
  0.357087E+01  0.298028E+02  0.359420E+01
  0.357306E+01  0.297222E+02  0.357836E+01
  0.357525E+01  0.300528E+02  0.359271E+01
  0.357744E+01  0.283889E+02  0.357667E+01
  0.357964E+01  0.305556E+02  0.358823E+01
  0.358183E+01  0.302528E+02  0.360424E+01
  0.358402E+01  0.307611E+02  0.359617E+01
  0.358621E+01  0.315944E+02  0.358444E+01
  0.358840E+01  0.318056E+02  0.358700E+01
  0.359059E+01  0.321722E+02  0.360140E+01
  0.359278E+01  0.310306E+02  0.359721E+01
  0.359497E+01  0.292278E+02  0.358002E+01
  0.359716E+01  0.281333E+02  0.358797E+01
  0.359935E+01  0.296194E+02  0.360076E+01
  0.360154E+01  0.281000E+02  0.360317E+01
  0.360373E+01  0.289806E+02  0.360191E+01
  0.360592E+01  0.294917E+02  0.358804E+01
  0.360811E+01  0.287306E+02  0.360388E+01
  0.361030E+01  0.304722E+02  0.359954E+01
  0.361249E+01  0.313083E+02  0.359660E+01
  0.361468E+01  0.300889E+02  0.358810E+01
  0.361687E+01  0.315139E+02  0.359260E+01
  0.361906E+01  0.317639E+02  0.360909E+01
  0.362125E+01  0.297333E+02  0.360698E+01
  0.362344E+01  0.281389E+02  0.359856E+01
  0.362563E+01  0.293889E+02  0.360558E+01
  0.362782E+01  0.276639E+02  0.360318E+01
  0.363001E+01  0.283833E+02  0.361402E+01
  0.363221E+01  0.297556E+02  0.359673E+01
  0.363440E+01  0.295583E+02  0.360486E+01
  0.363659E+01  0.314028E+02  0.361434E+01
  0.363878E+01  0.302583E+02  0.361160E+01
  0.364097E+01  0.298639E+02  0.360272E+01
  0.364316E+01  0.302583E+02  0.359924E+01
  0.364535E+01  0.293250E+02  0.360972E+01
  0.364754E+01  0.286389E+02  0.361968E+01
  0.364973E+01  0.290611E+02  0.361552E+01
  0.365192E+01  0.276306E+02  0.360268E+01
  0.365411E+01  0.272333E+02  0.361057E+01
  0.365630E+01  0.270722E+02  0.362115E+01
  0.365849E+01  0.288722E+02  0.361721E+01
  0.366068E+01  0.285167E+02  0.361080E+01
  0.366287E+01  0.285028E+02  0.361967E+01
  0.366506E+01  0.291972E+02  0.361375E+01
  0.366725E+01  0.295500E+02  0.362130E+01
  0.366944E+01  0.273194E+02  0.361518E+01
  0.367163E+01  0.272028E+02  0.362022E+01
  0.367382E+01  0.274472E+02  0.362710E+01
  0.367601E+01  0.268194E+02  0.363338E+01
  0.367820E+01  0.279750E+02  0.362278E+01
  0.368039E+01  0.263000E+02  0.361568E+01
  0.368258E+01  0.271889E+02  0.362606E+01
  0.368477E+01  0.284972E+02  0.362750E+01
  0.368697E+01  0.269556E+02  0.363002E+01
  0.368916E+01  0.273167E+02  0.361884E+01
  0.369135E+01  0.291611E+02  0.363672E+01
  0.369354E+01  0.284444E+02  0.363896E+01
  0.369573E+01  0.296750E+02  0.363700E+01
  0.369792E+01  0.289694E+02  0.361950E+01
  0.370011E+01  0.254139E+02  0.364011E+01
  0.370230E+01  0.261500E+02  0.363882E+01
  0.370449E+01  0.265972E+02  0.363775E+01
  0.370668E+01  0.254778E+02  0.363314E+01
  0.370887E+01  0.268750E+02  0.362718E+01
  0.371106E+01  0.263806E+02  0.364260E+01
  0.371325E+01  0.285361E+02  0.364861E+01
  0.371544E+01  0.277028E+02  0.364340E+01
  0.371763E+01  0.283583E+02  0.364213E+01
  0.371982E+01  0.284944E+02  0.363767E+01
  0.372201E+01  0.272389E+02  0.364943E+01
  0.372420E+01  0.279417E+02  0.363928E+01
  0.372639E+01  0.283222E+02  0.363432E+01
  0.372858E+01  0.273194E+02  0.365953E+01
  0.373077E+01  0.265444E+02  0.365515E+01
  0.373296E+01  0.260833E+02  0.364798E+01
  0.373515E+01  0.262222E+02  0.363598E+01
  0.373734E+01  0.292694E+02  0.365103E+01
  0.373954E+01  0.264639E+02  0.365737E+01
  0.374173E+01  0.261778E+02  0.366290E+01
  0.374392E+01  0.264167E+02  0.364932E+01
  0.374611E+01  0.275194E+02  0.365640E+01
  0.374830E+01  0.281750E+02  0.366357E+01
  0.375049E+01  0.275111E+02  0.366719E+01
  0.375268E+01  0.270278E+02  0.365138E+01
  0.375487E+01  0.270833E+02  0.365206E+01
  0.375706E+01  0.258750E+02  0.367301E+01
  0.375925E+01  0.244583E+02  0.367863E+01
  0.376144E+01  0.258611E+02  0.366012E+01
  0.376363E+01  0.261889E+02  0.365814E+01
  0.376582E+01  0.269444E+02  0.367901E+01
  0.376801E+01  0.272167E+02  0.368396E+01
  0.377020E+01  0.255250E+02  0.367852E+01
  0.377239E+01  0.260750E+02  0.366416E+01
  0.377458E+01  0.236972E+02  0.367478E+01
  0.377677E+01  0.255861E+02  0.368097E+01
  0.377896E+01  0.254056E+02  0.368251E+01
  0.378115E+01  0.265444E+02  0.367650E+01
  0.378334E+01  0.276583E+02  0.367953E+01
  0.378553E+01  0.265694E+02  0.369207E+01
  0.378772E+01  0.253417E+02  0.368745E+01
  0.378991E+01  0.265333E+02  0.366795E+01
  0.379210E+01  0.244333E+02  0.367454E+01
  0.379430E+01  0.254972E+02  0.368388E+01
  0.379649E+01  0.252750E+02  0.370800E+01
  0.379868E+01  0.264833E+02  0.369630E+01
  0.380087E+01  0.256250E+02  0.367350E+01
  0.380306E+01  0.252806E+02  0.369394E+01
  0.380525E+01  0.245583E+02  0.369742E+01
  0.380744E+01  0.243556E+02  0.369454E+01
  0.380963E+01  0.231778E+02  0.368169E+01
  0.381182E+01  0.235361E+02  0.370010E+01
  0.381401E+01  0.245389E+02  0.371199E+01
  0.381620E+01  0.239528E+02  0.369247E+01
  0.381839E+01  0.245139E+02  0.370077E+01
  0.382058E+01  0.238917E+02  0.369794E+01
  0.382277E+01  0.232917E+02  0.370396E+01
  0.382496E+01  0.243139E+02  0.372348E+01
  0.382715E+01  0.229750E+02  0.369492E+01
  0.382934E+01  0.241389E+02  0.370408E+01
  0.383153E+01  0.222250E+02  0.371766E+01
  0.383372E+01  0.232694E+02  0.372554E+01
  0.383591E+01  0.248417E+02  0.371109E+01
  0.383810E+01  0.245694E+02  0.370682E+01
  0.384029E+01  0.235333E+02  0.372065E+01
  0.384248E+01  0.232333E+02  0.373279E+01
  0.384467E+01  0.216750E+02  0.371812E+01
  0.384686E+01  0.221611E+02  0.371444E+01
  0.384906E+01  0.223000E+02  0.372365E+01
  0.385125E+01  0.213500E+02  0.373040E+01
  0.385344E+01  0.246417E+02  0.373174E+01
  0.385563E+01  0.237778E+02  0.371847E+01
  0.385782E+01  0.244722E+02  0.372123E+01
  0.386001E+01  0.218917E+02  0.373709E+01
  0.386220E+01  0.229694E+02  0.373527E+01
  0.386439E+01  0.236306E+02  0.373442E+01
  0.386658E+01  0.229028E+02  0.372800E+01
  0.386877E+01  0.235056E+02  0.374437E+01
  0.387096E+01  0.239250E+02  0.374512E+01
  0.387315E+01  0.225528E+02  0.374579E+01
  0.387534E+01  0.210500E+02  0.372931E+01
  0.387753E+01  0.242028E+02  0.374490E+01
  0.387972E+01  0.248444E+02  0.375385E+01
  0.388191E+01  0.228722E+02  0.373524E+01
  0.388410E+01  0.221500E+02  0.373180E+01
  0.388629E+01  0.237444E+02  0.374411E+01
  0.388848E+01  0.246500E+02  0.376160E+01
  0.389067E+01  0.247917E+02  0.375752E+01
  0.389286E+01  0.241639E+02  0.375520E+01
  0.389505E+01  0.232333E+02  0.375160E+01
  0.389724E+01  0.221250E+02  0.375896E+01
  0.389943E+01  0.217972E+02  0.376659E+01
  0.390163E+01  0.210667E+02  0.375931E+01
  0.390382E+01  0.228861E+02  0.375693E+01
  0.390601E+01  0.213194E+02  0.377768E+01
  0.390820E+01  0.213361E+02  0.378398E+01
  0.391039E+01  0.238861E+02  0.376373E+01
  0.391258E+01  0.231278E+02  0.376572E+01
  0.391477E+01  0.224944E+02  0.378670E+01
  0.391696E+01  0.200417E+02  0.378420E+01
  0.391915E+01  0.227028E+02  0.377536E+01
  0.392134E+01  0.238778E+02  0.378038E+01
  0.392353E+01  0.229056E+02  0.378503E+01
  0.392572E+01  0.228333E+02  0.378616E+01
  0.392791E+01  0.237778E+02  0.379309E+01
  0.393010E+01  0.241972E+02  0.379158E+01
  0.393229E+01  0.225444E+02  0.379095E+01
  0.393448E+01  0.220056E+02  0.380530E+01
  0.393667E+01  0.221278E+02  0.379474E+01
  0.393886E+01  0.219722E+02  0.379379E+01
  0.394105E+01  0.230417E+02  0.379905E+01
  0.394324E+01  0.211417E+02  0.381212E+01
  0.394543E+01  0.231917E+02  0.382398E+01
  0.394762E+01  0.231889E+02  0.379801E+01
  0.394981E+01  0.219028E+02  0.379726E+01
  0.395200E+01  0.229417E+02  0.380152E+01
  0.395419E+01  0.211222E+02  0.382472E+01
  0.395639E+01  0.202306E+02  0.380967E+01
  0.395858E+01  0.197528E+02  0.381689E+01
  0.396077E+01  0.213528E+02  0.383170E+01
  0.396296E+01  0.203417E+02  0.383442E+01
  0.396515E+01  0.207500E+02  0.381839E+01
  0.396734E+01  0.231222E+02  0.382420E+01
  0.396953E+01  0.240917E+02  0.383108E+01
  0.397172E+01  0.223333E+02  0.383521E+01
  0.397391E+01  0.222889E+02  0.384713E+01
  0.397610E+01  0.232361E+02  0.383292E+01
  0.397829E+01  0.220889E+02  0.384201E+01
  0.398048E+01  0.236278E+02  0.385780E+01
  0.398267E+01  0.210944E+02  0.385373E+01
  0.398486E+01  0.209028E+02  0.383195E+01
  0.398705E+01  0.235278E+02  0.384598E+01
  0.398924E+01  0.225972E+02  0.385429E+01
  0.399143E+01  0.197472E+02  0.386002E+01
  0.399362E+01  0.209222E+02  0.385985E+01
  0.399581E+01  0.219889E+02  0.385128E+01
  0.399800E+01  0.227028E+02  0.387421E+01
  0.400019E+01  0.217028E+02  0.388138E+01
  0.400238E+01  0.223583E+02  0.387212E+01
  0.400457E+01  0.205972E+02  0.386020E+01
  0.400676E+01  0.224556E+02  0.388123E+01
  0.400895E+01  0.229278E+02  0.387967E+01
  0.401115E+01  0.224194E+02  0.388117E+01
  0.401334E+01  0.214222E+02  0.387557E+01
  0.401553E+01  0.199278E+02  0.387619E+01
  0.401772E+01  0.191556E+02  0.390641E+01
  0.401991E+01  0.226972E+02  0.389140E+01
  0.402210E+01  0.223000E+02  0.387027E+01
  0.402429E+01  0.235417E+02  0.389636E+01
  0.402648E+01  0.217250E+02  0.391189E+01
  0.402867E+01  0.200972E+02  0.391588E+01
  0.403086E+01  0.191194E+02  0.389525E+01
  0.403305E+01  0.179028E+02  0.388616E+01
  0.403524E+01  0.213306E+02  0.391538E+01
  0.403743E+01  0.214000E+02  0.391247E+01
  0.403962E+01  0.196333E+02  0.391099E+01
  0.404181E+01  0.183000E+02  0.390941E+01
  0.404400E+01  0.185306E+02  0.392122E+01
  0.404619E+01  0.205556E+02  0.392010E+01
  0.404838E+01  0.192139E+02  0.392995E+01
  0.405057E+01  0.174083E+02  0.392152E+01
  0.405276E+01  0.192056E+02  0.392790E+01
  0.405495E+01  0.212389E+02  0.393211E+01
  0.405714E+01  0.215694E+02  0.392498E+01
  0.405933E+01  0.201917E+02  0.392678E+01
  0.406152E+01  0.194472E+02  0.393068E+01
  0.406372E+01  0.222806E+02  0.394149E+01
  0.406591E+01  0.224500E+02  0.394364E+01
  0.406810E+01  0.192000E+02  0.394735E+01
  0.407029E+01  0.194306E+02  0.393401E+01
  0.407248E+01  0.173472E+02  0.394566E+01
  0.407467E+01  0.182639E+02  0.395394E+01
  0.407686E+01  0.184722E+02  0.396184E+01
  0.407905E+01  0.186111E+02  0.395269E+01
  0.408124E+01  0.187694E+02  0.396996E+01
  0.408343E+01  0.169833E+02  0.396117E+01
  0.408562E+01  0.201111E+02  0.397634E+01
  0.408781E+01  0.190611E+02  0.395464E+01
  0.409000E+01  0.211167E+02  0.396199E+01
  0.409219E+01  0.195417E+02  0.398089E+01
  0.409438E+01  0.214167E+02  0.397718E+01
  0.409657E+01  0.190194E+02  0.396464E+01
  0.409876E+01  0.195778E+02  0.397216E+01
  0.410095E+01  0.199972E+02  0.397958E+01
  0.410314E+01  0.194833E+02  0.398993E+01
  0.410533E+01  0.202944E+02  0.399976E+01
  0.410752E+01  0.215778E+02  0.398870E+01
  0.410971E+01  0.199722E+02  0.400452E+01
  0.411190E+01  0.205972E+02  0.399482E+01
  0.411409E+01  0.204139E+02  0.400752E+01
  0.411628E+01  0.182611E+02  0.399953E+01
  0.411848E+01  0.191778E+02  0.401024E+01
  0.412067E+01  0.171722E+02  0.402600E+01
  0.412286E+01  0.169417E+02  0.402960E+01
  0.412505E+01  0.186139E+02  0.399938E+01
  0.412724E+01  0.205139E+02  0.402328E+01
  0.412943E+01  0.203278E+02  0.403096E+01
  0.413162E+01  0.205083E+02  0.404292E+01
  0.413381E+01  0.226333E+02  0.402916E+01
  0.413600E+01  0.199056E+02  0.405236E+01
  0.413819E+01  0.209167E+02  0.405776E+01
  0.414038E+01  0.190778E+02  0.405192E+01
  0.414257E+01  0.186194E+02  0.406784E+01
  0.414476E+01  0.186667E+02  0.406476E+01
  0.414695E+01  0.193833E+02  0.408736E+01
  0.414914E+01  0.194306E+02  0.410132E+01
  0.415133E+01  0.204917E+02  0.410300E+01
  0.415352E+01  0.205250E+02  0.408360E+01
  0.415571E+01  0.176917E+02  0.412464E+01
  0.415790E+01  0.174778E+02  0.413200E+01
  0.416009E+01  0.161194E+02  0.413784E+01
  0.416228E+01  0.176611E+02  0.413696E+01
  0.416447E+01  0.203139E+02  0.412592E+01
  0.416666E+01  0.215833E+02  0.414740E+01
  0.416885E+01  0.192139E+02  0.414648E+01
  0.417104E+01  0.193528E+02  0.414880E+01
  0.417324E+01  0.183611E+02  0.417024E+01
  0.417543E+01  0.189056E+02  0.417584E+01
  0.417762E+01  0.202194E+02  0.417540E+01
  0.417981E+01  0.205833E+02  0.416944E+01
  0.418200E+01  0.200250E+02  0.416384E+01
  0.418419E+01  0.196000E+02  0.418480E+01
  0.418638E+01  0.185667E+02  0.419848E+01
  0.418857E+01  0.182972E+02  0.420360E+01
  0.419076E+01  0.187333E+02  0.422056E+01
  0.419295E+01  0.189389E+02  0.420200E+01
  0.419514E+01  0.194694E+02  0.422488E+01
  0.419733E+01  0.205528E+02  0.421652E+01
  0.419952E+01  0.185944E+02  0.422656E+01
  0.420171E+01  0.187556E+02  0.424828E+01
  0.420390E+01  0.179250E+02  0.424456E+01
  0.420609E+01  0.181639E+02  0.424552E+01
  0.420828E+01  0.193583E+02  0.425088E+01
  0.421047E+01  0.182389E+02  0.425420E+01
  0.421266E+01  0.194833E+02  0.426812E+01
  0.421485E+01  0.207167E+02  0.427964E+01
  0.421704E+01  0.212667E+02  0.428072E+01
  0.421923E+01  0.197694E+02  0.428704E+01
  0.422142E+01  0.201556E+02  0.428412E+01
  0.422361E+01  0.219889E+02  0.430780E+01
  0.422581E+01  0.222583E+02  0.430300E+01
  0.422800E+01  0.177861E+02  0.431336E+01
  0.423019E+01  0.175472E+02  0.432332E+01
  0.423238E+01  0.185417E+02  0.431240E+01
  0.423457E+01  0.169000E+02  0.432760E+01
  0.423676E+01  0.194306E+02  0.434652E+01
  0.423895E+01  0.194972E+02  0.434448E+01
  0.424114E+01  0.203278E+02  0.435684E+01
  0.424333E+01  0.203833E+02  0.436904E+01
  0.424552E+01  0.184583E+02  0.437184E+01
  0.424771E+01  0.170750E+02  0.437400E+01
  0.424990E+01  0.185667E+02  0.437816E+01
  0.425209E+01  0.173806E+02  0.438856E+01
  0.425428E+01  0.168694E+02  0.439588E+01
  0.425647E+01  0.181056E+02  0.440060E+01
  0.425866E+01  0.173972E+02  0.441692E+01
  0.426085E+01  0.167111E+02  0.442356E+01
  0.426304E+01  0.157972E+02  0.443272E+01
  0.426523E+01  0.175639E+02  0.444652E+01
  0.426742E+01  0.190361E+02  0.443664E+01
  0.426961E+01  0.170417E+02  0.446508E+01
  0.427180E+01  0.186861E+02  0.446368E+01
  0.427399E+01  0.202139E+02  0.446468E+01
  0.427618E+01  0.208139E+02  0.447664E+01
  0.427837E+01  0.167194E+02  0.448740E+01
  0.428057E+01  0.201750E+02  0.449812E+01
  0.428276E+01  0.192333E+02  0.450948E+01
  0.428495E+01  0.182028E+02  0.451428E+01
  0.428714E+01  0.192361E+02  0.452424E+01
  0.428933E+01  0.171806E+02  0.450828E+01
  0.429152E+01  0.173806E+02  0.452916E+01
  0.429371E+01  0.174972E+02  0.454604E+01
  0.429590E+01  0.183278E+02  0.455368E+01
  0.429809E+01  0.165500E+02  0.457504E+01
  0.430028E+01  0.175889E+02  0.457112E+01
  0.430247E+01  0.184333E+02  0.456464E+01
  0.430466E+01  0.197556E+02  0.459652E+01
  0.430685E+01  0.194667E+02  0.459048E+01
  0.430904E+01  0.193111E+02  0.460236E+01
  0.431123E+01  0.173194E+02  0.461876E+01
  0.431342E+01  0.190333E+02  0.462652E+01
  0.431561E+01  0.202611E+02  0.464484E+01
  0.431780E+01  0.227611E+02  0.465704E+01
  0.431999E+01  0.216222E+02  0.465828E+01
  0.432218E+01  0.176111E+02  0.466992E+01
  0.432437E+01  0.201139E+02  0.467516E+01
  0.432656E+01  0.202306E+02  0.469616E+01
  0.432875E+01  0.168389E+02  0.470596E+01
  0.433094E+01  0.181194E+02  0.470700E+01
  0.433314E+01  0.144056E+02  0.472868E+01
  0.433533E+01  0.136000E+02  0.474052E+01
  0.433752E+01  0.163306E+02  0.475040E+01
  0.433971E+01  0.181111E+02  0.475388E+01
  0.434190E+01  0.190722E+02  0.477060E+01
  0.434409E+01  0.191528E+02  0.478044E+01
  0.434628E+01  0.188528E+02  0.478948E+01
  0.434847E+01  0.183861E+02  0.483792E+01
  0.435066E+01  0.188278E+02  0.483944E+01
  0.435285E+01  0.206528E+02  0.487612E+01
  0.435504E+01  0.208222E+02  0.487324E+01
  0.435723E+01  0.188750E+02  0.486264E+01
  0.435942E+01  0.170944E+02  0.488832E+01
  0.436161E+01  0.165167E+02  0.489784E+01
  0.436380E+01  0.178972E+02  0.491756E+01
  0.436599E+01  0.198194E+02  0.494756E+01
  0.436818E+01  0.191528E+02  0.496164E+01
  0.437037E+01  0.178528E+02  0.498300E+01
  0.437256E+01  0.147722E+02  0.498716E+01
  0.437475E+01  0.158972E+02  0.499968E+01
  0.437694E+01  0.183528E+02  0.501288E+01
  0.437913E+01  0.179806E+02  0.502336E+01
  0.438132E+01  0.187111E+02  0.504012E+01
  0.438351E+01  0.178000E+02  0.505688E+01
  0.438570E+01  0.185667E+02  0.506620E+01
  0.438790E+01  0.171278E+02  0.509024E+01
  0.439009E+01  0.180750E+02  0.511956E+01
  0.439228E+01  0.163750E+02  0.513068E+01
  0.439447E+01  0.177028E+02  0.516080E+01
  0.439666E+01  0.180111E+02  0.517424E+01
  0.439885E+01  0.153306E+02  0.519516E+01
  0.440104E+01  0.163194E+02  0.522652E+01
  0.440323E+01  0.188250E+02  0.526620E+01
  0.440542E+01  0.164444E+02  0.526376E+01
  0.440761E+01  0.184611E+02  0.528880E+01
  0.440980E+01  0.177750E+02  0.531312E+01
  0.441199E+01  0.159667E+02  0.533656E+01
  0.441418E+01  0.150750E+02  0.533332E+01
  0.441637E+01  0.170111E+02  0.539376E+01
  0.441856E+01  0.173667E+02  0.539736E+01
  0.442075E+01  0.158278E+02  0.543100E+01
  0.442294E+01  0.171833E+02  0.545752E+01
  0.442513E+01  0.191611E+02  0.547920E+01
  0.442732E+01  0.195667E+02  0.548732E+01
  0.442951E+01  0.189806E+02  0.553612E+01
  0.443170E+01  0.177528E+02  0.558020E+01
  0.443389E+01  0.168167E+02  0.563564E+01
  0.443608E+01  0.168389E+02  0.567756E+01
  0.443827E+01  0.178556E+02  0.575748E+01
  0.444046E+01  0.172778E+02  0.580188E+01
  0.444266E+01  0.173222E+02  0.586940E+01
  0.444485E+01  0.188917E+02  0.592448E+01
  0.444700E+01  0.160083E+02  0.599098E+01
