# Normalized, subtracted SANS data
# Sample: GluA2 in the activated state, pH 5.5 (AMPA bound)
# Buffer: D20 based buffer, 20 mM Tris/DCl, 100 mM NaCl, 0.5 mM dDDM, pH 7.5.
# Merged dataset of 3 settings.
# q [1/aa]      I [1/cm]      dI [1/cm]      dq [1/aa]
6.912660e-03 5.402988e-02 2.597531e-03 2.161517e-03
7.776719e-03 5.479473e-02 2.037359e-03 2.166804e-03
8.640770e-03 4.796408e-02 1.701425e-03 2.172698e-03
9.504811e-03 4.590170e-02 1.534036e-03 2.179193e-03
1.036884e-02 4.218941e-02 1.404341e-03 2.186284e-03
1.123286e-02 3.983877e-02 1.303146e-03 2.193966e-03
1.209687e-02 3.907703e-02 1.228191e-03 2.202232e-03
1.270417e-02 3.614363e-02 8.115597e-04 4.309185e-03
1.296087e-02 3.610369e-02 1.165872e-03 2.211076e-03
1.382485e-02 3.929997e-02 1.129986e-03 2.220491e-03
1.451888e-02 3.295967e-02 5.928922e-04 4.319498e-03
1.468882e-02 3.325871e-02 1.079753e-03 2.230470e-03
1.555277e-02 3.249503e-02 1.043485e-03 2.241004e-03
1.633352e-02 2.981354e-02 5.053546e-04 4.331156e-03
1.641670e-02 2.922890e-02 9.855068e-04 2.252086e-03
1.728062e-02 2.747157e-02 9.524858e-04 2.263708e-03
1.814452e-02 2.591624e-02 9.125734e-04 2.275862e-03
1.814808e-02 2.762100e-02 4.556285e-04 4.344148e-03
1.900840e-02 2.361012e-02 8.866523e-04 2.288540e-03
1.987226e-02 2.345392e-02 8.745051e-04 2.301731e-03
1.996256e-02 2.412233e-02 4.262416e-04 4.358461e-03
2.073610e-02 2.300358e-02 8.439472e-04 2.315428e-03
2.159991e-02 2.247474e-02 8.132102e-04 2.329622e-03
2.177695e-02 2.155245e-02 4.041448e-04 4.374083e-03
2.246371e-02 1.961786e-02 7.798658e-04 2.344304e-03
2.332748e-02 1.931137e-02 7.752186e-04 2.359464e-03
2.359124e-02 1.951668e-02 3.822317e-04 4.390999e-03
2.419122e-02 1.807980e-02 7.838623e-04 2.375093e-03
2.505494e-02 1.714323e-02 8.104186e-04 2.391181e-03
2.540541e-02 1.624132e-02 3.641808e-04 4.409194e-03
2.591863e-02 1.707022e-02 7.860648e-04 2.407721e-03
2.678230e-02 1.592539e-02 7.445454e-04 2.424702e-03
2.721947e-02 1.486955e-02 3.514601e-04 4.428652e-03
2.764593e-02 1.488987e-02 7.127717e-04 2.442115e-03
2.850954e-02 1.204696e-02 6.936793e-04 2.459950e-03
2.903339e-02 1.375586e-02 3.328842e-04 4.449355e-03
2.937312e-02 1.312148e-02 6.800845e-04 2.478199e-03
3.023666e-02 1.348971e-02 6.605429e-04 2.496853e-03
3.084718e-02 1.236551e-02 3.234076e-04 4.471287e-03
3.110018e-02 1.252101e-02 6.536530e-04 2.515902e-03
3.196366e-02 1.104941e-02 6.433461e-04 2.535338e-03
3.266083e-02 9.863855e-03 3.128166e-04 4.494428e-03
3.447432e-02 9.221376e-03 3.043294e-04 4.518761e-03
3.628766e-02 8.011953e-03 2.937439e-04 4.544264e-03
3.810082e-02 7.668945e-03 2.809025e-04 4.570919e-03
3.991380e-02 6.494112e-03 2.744817e-04 4.598704e-03
4.067248e-02 5.277234e-03 2.175168e-04 5.422155e-03
4.172660e-02 5.856109e-03 2.696561e-04 4.627599e-03
4.353920e-02 5.312822e-03 2.589117e-04 4.657583e-03
4.535159e-02 4.920750e-03 2.521169e-04 4.688633e-03
4.647725e-02 4.587288e-03 1.520550e-04 5.503771e-03
4.716378e-02 4.714951e-03 2.467553e-04 4.720729e-03
4.897574e-02 4.393601e-03 2.475310e-04 4.753849e-03
5.078748e-02 3.938372e-03 2.527815e-04 4.787971e-03
5.227979e-02 3.605331e-03 1.271198e-04 5.594784e-03
5.259897e-02 3.645092e-03 2.551331e-04 4.823072e-03
5.441022e-02 4.055168e-03 2.450862e-04 4.859132e-03
5.622122e-02 3.776397e-03 2.337651e-04 4.896128e-03
5.803195e-02 3.042588e-03 2.269391e-04 4.934038e-03
5.807981e-02 3.084237e-03 1.138473e-04 5.694727e-03
5.984242e-02 2.915520e-03 2.250449e-04 4.972841e-03
6.165260e-02 2.787660e-03 2.197844e-04 5.012516e-03
6.346249e-02 2.828096e-03 2.153268e-04 5.053041e-03
6.387705e-02 2.700155e-03 1.063511e-04 5.803122e-03
6.527209e-02 2.798181e-03 2.110883e-04 5.094395e-03
6.708138e-02 3.075151e-03 2.073819e-04 5.136557e-03
6.967123e-02 2.345155e-03 1.015542e-04 5.919484e-03
7.546208e-02 1.752468e-03 9.726615e-05 6.043333e-03
8.124931e-02 1.485204e-03 9.431140e-05 6.174194e-03
8.703266e-02 1.297421e-03 8.969104e-05 6.311610e-03
9.281186e-02 1.086510e-03 8.479034e-05 6.455136e-03
9.858664e-02 1.097269e-03 8.122765e-05 6.604348e-03
1.043567e-01 1.079137e-03 7.968974e-05 6.758844e-03
1.101218e-01 9.832544e-04 7.764546e-05 6.918241e-03
1.158817e-01 7.954353e-04 7.488262e-05 7.082181e-03
1.216361e-01 8.295105e-04 7.355119e-05 7.250326e-03
1.273847e-01 8.689232e-04 7.135899e-05 7.422361e-03
1.331274e-01 5.768900e-04 6.930188e-05 7.597991e-03
1.388637e-01 6.492555e-04 6.711754e-05 7.776942e-03
1.445935e-01 7.648342e-04 6.531798e-05 7.958958e-03
1.503165e-01 8.660706e-04 6.417024e-05 8.143802e-03
1.560324e-01 7.553684e-04 6.376449e-05 8.331254e-03
1.617410e-01 6.419571e-04 6.560178e-05 8.521108e-03
1.674421e-01 6.578862e-04 6.686681e-05 8.713174e-03
1.731354e-01 5.595333e-04 6.494439e-05 8.907277e-03
1.788206e-01 7.203501e-04 6.194164e-05 9.103252e-03
1.844975e-01 5.724715e-04 5.929345e-05 9.300947e-03
1.901659e-01 5.247954e-04 5.832678e-05 9.500220e-03
1.958254e-01 5.695435e-04 5.772838e-05 9.700941e-03
2.014760e-01 6.973504e-04 5.712386e-05 9.902987e-03
2.071173e-01 6.526721e-04 5.607526e-05 1.010624e-02
2.127490e-01 6.762160e-04 5.515026e-05 1.031061e-02
