# [2]
# Sample c= 6.0 mg/ml
# Intensity scaled by concentration
# Buffer subtracted data file:
# Protein DatFile = /data/visitor/mx1888/bm29/20170421/Map2c/1d/map2c_046_ave.dat
# Buffer DatFile = /data/visitor/mx1888/bm29/20170421/Map2c/ednaSub/map2c_046_ave_averbuffer.dat
# 
# AutoRg: Rg   =   7.8971 +/- 0.65 ( 8.2%)
# AutoRg: I(0) =   50.37 +/- 0.2025
# AutoRg: Points   11 to 26 ( 16 total)
# AutoRg: Quality: 79.2%
# 
# 
# Sample Information:
# Storage Temperature (degrees C): 20.0
# Measurement Temperature (degrees C): 19.96
# Concentration: 6.0
# Code: null
3.082862000000000102e-02   1.574844e+01   2.324828e+00
3.557148999999999728e-02   4.925519e+01   1.374330e+00
4.031434999999999880e-02   5.447496e+01   9.041025e-01
4.505722000000000199e-02   5.368281e+01   5.848404e-01
4.980007999999999657e-02   5.288678e+01   4.595767e-01
5.454294999999999977e-02   5.143554e+01   3.897683e-01
5.928581000000000129e-02   4.970308e+01   3.384483e-01
6.402868000000000448e-02   4.907172e+01   3.037149e-01
6.877154000000000600e-02   4.754897e+01   2.758135e-01
7.351441000000000225e-02   4.630754e+01   2.536958e-01
7.825727999999999851e-02   4.480007e+01   2.339972e-01
8.300014000000000003e-02   4.362556e+01   2.185720e-01
8.774300999999999628e-02   4.318200e+01   2.068173e-01
9.248586999999999780e-02   4.231373e+01   1.963050e-01
9.722873999999999406e-02   4.133823e+01   1.860207e-01
1.019715999999999956e-01   4.044186e+01   1.774168e-01
1.067145000000000038e-01   3.975835e+01   1.706210e-01
1.114572999999999953e-01   3.867565e+01   1.635540e-01
1.162002000000000035e-01   3.807087e+01   1.576614e-01
1.209430999999999978e-01   3.710386e+01   1.518247e-01
1.256858999999999893e-01   3.597891e+01   1.462077e-01
1.304288000000000114e-01   3.503955e+01   1.412793e-01
1.351717000000000057e-01   3.445309e+01   1.370065e-01
1.399144999999999972e-01   3.353016e+01   1.325624e-01
1.446573999999999915e-01   3.279612e+01   1.285130e-01
1.494003000000000136e-01   3.190075e+01   1.245967e-01
1.541431000000000051e-01   3.114113e+01   1.212621e-01
1.588859999999999995e-01   3.045606e+01   1.179229e-01
1.636287999999999909e-01   2.962520e+01   1.146192e-01
1.683717000000000130e-01   2.908004e+01   1.118133e-01
1.731146000000000074e-01   2.828329e+01   1.087890e-01
1.778573999999999988e-01   2.752704e+01   1.059300e-01
1.826002999999999932e-01   2.683422e+01   1.032506e-01
1.873431999999999875e-01   2.615856e+01   1.006696e-01
1.920860000000000067e-01   2.553498e+01   9.836879e-02
1.968289000000000011e-01   2.489394e+01   9.602805e-02
2.015717999999999954e-01   2.418901e+01   9.365157e-02
2.063145999999999869e-01   2.355292e+01   9.144792e-02
2.110575000000000090e-01   2.295710e+01   8.931745e-02
2.158004000000000033e-01   2.243543e+01   8.748556e-02
2.205431999999999948e-01   2.174135e+01   8.540387e-02
2.252860999999999891e-01   2.111606e+01   8.344850e-02
2.300290000000000112e-01   2.071761e+01   8.185276e-02
2.347718000000000027e-01   2.022141e+01   8.021738e-02
2.395146999999999970e-01   1.961014e+01   7.840018e-02
2.442575999999999914e-01   1.914167e+01   7.686476e-02
2.490004000000000106e-01   1.867922e+01   7.543551e-02
2.537433000000000050e-01   1.830961e+01   7.403532e-02
2.584861999999999993e-01   1.790635e+01   7.269841e-02
2.632289999999999908e-01   1.743251e+01   7.129768e-02
2.679718999999999851e-01   1.699504e+01   6.998240e-02
2.727146999999999766e-01   1.651909e+01   6.857856e-02
2.774576000000000264e-01   1.617507e+01   6.748878e-02
2.822005000000000208e-01   1.571780e+01   6.619339e-02
2.869433000000000122e-01   1.542788e+01   6.518012e-02
2.916862000000000066e-01   1.500787e+01   6.395382e-02
2.964291000000000009e-01   1.467260e+01   6.293607e-02
3.011718999999999924e-01   1.426592e+01   6.178695e-02
3.059147999999999867e-01   1.393250e+01   6.080247e-02
3.106576999999999811e-01   1.369432e+01   5.989992e-02
3.154004999999999725e-01   1.331741e+01   5.886833e-02
3.201434000000000224e-01   1.291177e+01   5.778214e-02
3.248863000000000167e-01   1.265138e+01   5.697926e-02
3.296291000000000082e-01   1.238423e+01   5.616314e-02
3.343720000000000026e-01   1.214821e+01   5.536647e-02
3.391148999999999969e-01   1.192661e+01   5.524607e-02
3.438576999999999884e-01   1.177958e+01   5.571341e-02
3.486005999999999827e-01   1.139050e+01   5.646053e-02
3.533434999999999770e-01   1.124060e+01   5.725730e-02
3.580863000000000240e-01   1.093567e+01   5.745495e-02
3.628292000000000184e-01   1.071125e+01   5.755438e-02
3.675720000000000098e-01   1.042061e+01   5.754110e-02
3.723149000000000042e-01   1.020717e+01   5.764873e-02
3.770577999999999985e-01   1.011410e+01   5.783439e-02
3.818005999999999900e-01   9.787161e+00   5.755532e-02
3.865434999999999843e-01   9.605289e+00   5.750056e-02
3.912863999999999787e-01   9.386334e+00   5.732182e-02
3.960292000000000256e-01   9.170109e+00   5.710014e-02
4.007721000000000200e-01   9.165485e+00   5.742161e-02
4.055150000000000143e-01   9.042823e+00   5.918546e-02
4.102578000000000058e-01   8.718955e+00   6.001747e-02
4.150007000000000001e-01   8.565796e+00   6.098968e-02
4.197435999999999945e-01   8.287360e+00   6.134920e-02
4.244863999999999860e-01   8.169179e+00   6.203335e-02
4.292292999999999803e-01   8.071196e+00   6.272040e-02
4.339721999999999746e-01   7.889859e+00   6.333865e-02
4.387150000000000216e-01   7.699728e+00   6.384420e-02
4.434579000000000160e-01   7.571763e+00   6.453734e-02
4.482008000000000103e-01   7.415898e+00   6.512547e-02
4.529436000000000018e-01   7.281177e+00   6.581604e-02
4.576864999999999961e-01   7.132934e+00   6.618633e-02
4.624293999999999905e-01   7.062945e+00   6.651760e-02
4.671721999999999819e-01   6.969085e+00   6.600293e-02
4.719150999999999763e-01   6.819610e+00   6.324850e-02
4.766579000000000232e-01   6.783926e+00   6.190089e-02
4.814008000000000176e-01   6.634110e+00   6.073166e-02
4.861437000000000119e-01   6.537041e+00   5.979262e-02
4.908865000000000034e-01   6.468889e+00   5.914958e-02
4.956293999999999977e-01   6.280765e+00   5.833335e-02
5.003722999999999921e-01   6.175179e+00   5.766895e-02
5.051151000000000391e-01   6.106787e+00   5.715641e-02
5.098580000000000334e-01   5.936981e+00   5.650688e-02
5.146009000000000277e-01   5.890151e+00   5.605665e-02
5.193436999999999637e-01   5.729916e+00   5.546332e-02
5.240865999999999580e-01   5.628320e+00   5.494091e-02
5.288294999999999524e-01   5.460229e+00   5.427344e-02
5.335722999999999994e-01   5.483081e+00   5.399536e-02
5.383151999999999937e-01   5.455369e+00   5.360015e-02
5.430580999999999881e-01   5.357299e+00   5.293256e-02
5.478009000000000350e-01   5.208059e+00   5.225038e-02
5.525438000000000294e-01   5.156989e+00   5.185942e-02
5.572867000000000237e-01   5.032935e+00   5.118489e-02
5.620294999999999597e-01   5.041815e+00   5.093846e-02
5.667723999999999540e-01   4.920106e+00   5.030792e-02
5.715152000000000010e-01   4.811932e+00   4.972970e-02
5.762580999999999953e-01   4.685732e+00   4.918482e-02
5.810009999999999897e-01   4.654796e+00   4.883222e-02
5.857438000000000367e-01   4.627553e+00   4.864325e-02
5.904867000000000310e-01   4.514505e+00   4.828867e-02
5.952296000000000253e-01   4.394840e+00   4.790629e-02
5.999723999999999613e-01   4.327251e+00   4.770656e-02
6.047152999999999556e-01   4.358644e+00   4.766344e-02
6.094581999999999500e-01   4.286390e+00   4.730063e-02
6.142009999999999970e-01   4.193291e+00   4.692577e-02
6.189438999999999913e-01   4.071488e+00   4.652554e-02
6.236867999999999856e-01   4.025062e+00   4.635767e-02
6.284296000000000326e-01   4.033483e+00   4.624511e-02
6.331725000000000270e-01   3.982187e+00   4.597963e-02
6.379154000000000213e-01   3.950605e+00   4.578115e-02
6.426581999999999573e-01   3.885285e+00   4.552671e-02
6.474010999999999516e-01   3.790061e+00   4.524303e-02
6.521439999999999459e-01   3.785805e+00   4.515640e-02
6.568867999999999929e-01   3.711705e+00   4.484298e-02
6.616296999999999873e-01   3.637024e+00   4.462595e-02
6.663725999999999816e-01   3.613105e+00   4.441817e-02
6.711154000000000286e-01   3.558296e+00   4.420346e-02
6.758583000000000229e-01   3.495115e+00   4.402820e-02
6.806010999999999589e-01   3.424899e+00   4.374114e-02
6.853439999999999532e-01   3.333815e+00   4.341186e-02
6.900868999999999476e-01   3.322159e+00   4.334966e-02
6.948296999999999946e-01   3.296293e+00   4.317424e-02
6.995725999999999889e-01   3.269964e+00   4.297551e-02
7.043154999999999832e-01   3.261653e+00   4.288023e-02
7.090583000000000302e-01   3.225192e+00   4.276439e-02
7.138012000000000246e-01   3.181205e+00   4.249706e-02
7.185441000000000189e-01   3.116558e+00   4.228543e-02
7.232868999999999549e-01   3.061296e+00   4.205690e-02
7.280297999999999492e-01   3.048678e+00   4.189987e-02
7.327727000000000546e-01   3.030428e+00   4.180746e-02
7.375154999999999905e-01   2.995770e+00   4.163984e-02
7.422583999999999849e-01   2.968924e+00   4.149804e-02
7.470012999999999792e-01   2.936164e+00   4.127908e-02
7.517441000000000262e-01   2.861671e+00   4.102811e-02
7.564870000000000205e-01   2.854457e+00   4.089528e-02
7.612299000000000149e-01   2.842353e+00   4.080537e-02
7.659726999999999508e-01   2.784408e+00   4.063269e-02
7.707155999999999452e-01   2.730635e+00   4.038709e-02
7.754585000000000505e-01   2.755830e+00   4.040849e-02
7.802012999999999865e-01   2.678119e+00   4.022079e-02
7.849441999999999808e-01   2.657804e+00   4.004397e-02
7.896870000000000278e-01   2.578716e+00   3.972726e-02
7.944299000000000222e-01   2.629017e+00   3.975378e-02
7.991728000000000165e-01   2.550797e+00   3.951446e-02
8.039155999999999525e-01   2.485629e+00   3.931116e-02
8.086584999999999468e-01   2.473090e+00   3.921020e-02
8.134014000000000522e-01   2.458889e+00   3.908608e-02
8.181441999999999881e-01   2.459105e+00   3.904536e-02
8.228870999999999825e-01   2.398181e+00   3.874159e-02
8.276299999999999768e-01   2.406269e+00   3.870696e-02
8.323728000000000238e-01   2.335609e+00   3.841962e-02
8.371157000000000181e-01   2.354608e+00   3.844806e-02
8.418586000000000125e-01   2.355518e+00   3.835257e-02
8.466013999999999484e-01   2.333435e+00   3.825369e-02
8.513443000000000538e-01   2.277196e+00   3.807977e-02
8.560872000000000481e-01   2.234205e+00   3.790627e-02
8.608299999999999841e-01   2.224969e+00   3.782070e-02
8.655728999999999784e-01   2.158364e+00   3.754305e-02
8.703157999999999728e-01   2.119069e+00   3.738853e-02
8.750586000000000197e-01   2.152793e+00   3.738779e-02
8.798015000000000141e-01   2.123236e+00   3.719846e-02
8.845442999999999500e-01   2.142585e+00   3.720791e-02
8.892872000000000554e-01   2.102448e+00   3.704102e-02
8.940301000000000498e-01   2.076656e+00   3.696873e-02
8.987728999999999857e-01   2.049692e+00   3.683282e-02
9.035157999999999801e-01   2.090235e+00   3.685975e-02
9.082586999999999744e-01   2.064835e+00   3.665432e-02
9.130015000000000214e-01   2.008430e+00   3.652754e-02
9.177444000000000157e-01   2.015399e+00   3.648769e-02
9.224873000000000101e-01   1.943396e+00   3.622676e-02
9.272300999999999460e-01   1.946269e+00   3.617892e-02
9.319730000000000514e-01   1.954454e+00   3.611457e-02
9.367159000000000457e-01   1.929163e+00   3.595912e-02
9.414586999999999817e-01   1.892862e+00   3.586762e-02
9.462015999999999760e-01   1.843560e+00   3.567145e-02
9.509444999999999704e-01   1.885102e+00   3.571676e-02
9.556873000000000173e-01   1.904286e+00   3.562947e-02
9.604302000000000117e-01   1.868419e+00   3.544036e-02
9.651731000000000060e-01   1.819500e+00   3.532058e-02
9.699159000000000530e-01   1.789597e+00   3.519565e-02
9.746588000000000473e-01   1.734340e+00   3.504480e-02
9.794017000000000417e-01   1.794312e+00   3.508197e-02
9.841444999999999776e-01   1.752400e+00   3.492813e-02
9.888873999999999720e-01   1.691870e+00   3.475558e-02
9.936302000000000190e-01   1.723103e+00   3.471627e-02
9.983731000000000133e-01   1.650523e+00   3.452169e-02
1.003115999999999897e+00   1.704084e+00   3.453840e-02
1.007859000000000060e+00   1.660917e+00   3.447510e-02
1.012602000000000002e+00   1.614896e+00   3.428420e-02
1.017344999999999944e+00   1.657707e+00   3.426424e-02
1.022086999999999968e+00   1.682388e+00   3.421181e-02
1.026829999999999909e+00   1.639635e+00   3.411667e-02
1.031573000000000073e+00   1.588046e+00   3.399598e-02
1.036316000000000015e+00   1.546478e+00   3.381985e-02
1.041058999999999957e+00   1.611030e+00   3.389231e-02
1.045801999999999898e+00   1.631052e+00   3.386562e-02
1.050545000000000062e+00   1.567837e+00   3.366593e-02
1.055287000000000086e+00   1.575141e+00   3.361490e-02
1.060030000000000028e+00   1.508609e+00   3.343220e-02
1.064772999999999969e+00   1.518016e+00   3.340396e-02
1.069515999999999911e+00   1.472200e+00   3.328078e-02
1.074259000000000075e+00   1.465375e+00   3.319487e-02
1.079002000000000017e+00   1.517396e+00   3.318395e-02
1.083744999999999958e+00   1.472301e+00   3.305414e-02
1.088487999999999900e+00   1.477521e+00   3.308554e-02
1.093229999999999924e+00   1.419311e+00   3.289073e-02
1.097973000000000088e+00   1.434874e+00   3.285172e-02
1.102716000000000030e+00   1.450360e+00   3.283203e-02
1.107458999999999971e+00   1.392303e+00   3.264938e-02
1.112201999999999913e+00   1.345259e+00   3.247027e-02
1.116945000000000077e+00   1.373617e+00   3.254568e-02
1.121688000000000018e+00   1.408244e+00   3.248603e-02
1.126430000000000042e+00   1.454210e+00   3.252826e-02
1.131172999999999984e+00   1.411562e+00   3.241168e-02
1.135915999999999926e+00   1.335869e+00   3.218603e-02
1.140659000000000090e+00   1.303913e+00   3.207047e-02
1.145402000000000031e+00   1.308630e+00   3.205304e-02
1.150144999999999973e+00   1.326356e+00   3.199986e-02
1.154887999999999915e+00   1.325307e+00   3.197629e-02
1.159631000000000078e+00   1.347687e+00   3.197619e-02
1.164373000000000102e+00   1.299421e+00   3.179492e-02
1.169116000000000044e+00   1.330995e+00   3.181505e-02
1.173858999999999986e+00   1.343791e+00   3.179156e-02
1.178601999999999927e+00   1.266289e+00   3.163539e-02
1.183345000000000091e+00   1.287223e+00   3.162829e-02
1.188088000000000033e+00   1.290406e+00   3.158149e-02
1.192830999999999975e+00   1.246045e+00   3.139440e-02
1.197572999999999999e+00   1.244359e+00   3.134465e-02
1.202315999999999940e+00   1.207370e+00   3.125334e-02
1.207059000000000104e+00   1.234022e+00   3.136963e-02
1.211802000000000046e+00   1.276355e+00   3.250926e-02
1.216544999999999987e+00   1.224347e+00   3.302249e-02
1.221287999999999929e+00   1.189383e+00   3.343107e-02
1.226031000000000093e+00   1.207426e+00   3.386687e-02
1.230774000000000035e+00   1.164485e+00   3.418031e-02
1.235516000000000059e+00   1.134126e+00   3.445978e-02
1.240259000000000000e+00   1.113003e+00   3.469739e-02
1.245001999999999942e+00   1.148871e+00   3.506137e-02
1.249745000000000106e+00   1.161846e+00   3.540830e-02
1.254488000000000048e+00   1.154728e+00   3.562629e-02
1.259230999999999989e+00   1.156306e+00   3.577366e-02
1.263973999999999931e+00   1.150873e+00   3.584480e-02
1.268715999999999955e+00   1.105351e+00   3.583786e-02
1.273458999999999897e+00   1.090687e+00   3.533603e-02
1.278202000000000060e+00   1.098784e+00   3.411635e-02
1.282945000000000002e+00   1.116122e+00   3.341769e-02
1.287687999999999944e+00   1.089383e+00   3.288983e-02
1.292431000000000108e+00   1.060343e+00   3.241190e-02
1.297174000000000049e+00   1.087331e+00   3.214810e-02
1.301916000000000073e+00   1.108722e+00   3.188163e-02
1.306659000000000015e+00   1.100910e+00   3.162590e-02
1.311401999999999957e+00   1.000476e+00   3.117136e-02
1.316144999999999898e+00   1.013762e+00   3.102504e-02
1.320888000000000062e+00   1.030358e+00   3.089856e-02
1.325631000000000004e+00   1.035184e+00   3.081324e-02
1.330373999999999945e+00   1.082168e+00   3.080697e-02
1.335117000000000109e+00   9.963464e-01   3.057829e-02
1.339858999999999911e+00   1.022454e+00   3.056985e-02
1.344602000000000075e+00   1.056131e+00   3.054638e-02
1.349345000000000017e+00   1.017773e+00   3.037097e-02
1.354087999999999958e+00   1.031831e+00   3.036221e-02
1.358830999999999900e+00   1.026210e+00   3.031865e-02
1.363574000000000064e+00   9.775664e-01   3.015323e-02
1.368317000000000005e+00   9.695558e-01   3.004078e-02
1.373059000000000029e+00   1.000927e+00   3.002992e-02
1.377801999999999971e+00   1.011112e+00   3.000375e-02
1.382544999999999913e+00   9.782759e-01   2.989290e-02
1.387288000000000077e+00   9.866995e-01   2.987348e-02
1.392031000000000018e+00   9.710995e-01   2.974387e-02
1.396773999999999960e+00   9.662141e-01   2.971076e-02
1.401516999999999902e+00   9.799764e-01   2.966462e-02
1.406260000000000066e+00   9.969846e-01   2.961648e-02
1.411002000000000089e+00   9.410323e-01   2.945007e-02
1.415745000000000031e+00   9.131185e-01   2.939736e-02
1.420487999999999973e+00   9.415734e-01   2.939409e-02
1.425230999999999915e+00   8.753773e-01   2.926376e-02
1.429974000000000078e+00   8.988951e-01   2.920237e-02
1.434717000000000020e+00   9.656110e-01   2.927029e-02
1.439459999999999962e+00   9.073047e-01   2.914349e-02
1.444201999999999986e+00   9.229001e-01   2.915677e-02
1.448944999999999927e+00   9.000391e-01   2.901361e-02
1.453688000000000091e+00   8.609443e-01   2.889224e-02
1.458431000000000033e+00   9.081735e-01   2.891541e-02
1.463173999999999975e+00   9.134638e-01   2.887841e-02
1.467916999999999916e+00   8.877251e-01   2.879046e-02
1.472660000000000080e+00   8.846326e-01   2.871082e-02
1.477402000000000104e+00   9.046216e-01   2.872264e-02
1.482145000000000046e+00   8.069464e-01   2.849208e-02
1.486887999999999987e+00   8.467300e-01   2.856455e-02
1.491630999999999929e+00   8.460326e-01   2.849035e-02
1.496374000000000093e+00   8.132247e-01   2.842963e-02
1.501117000000000035e+00   8.357414e-01   2.848929e-02
1.505859999999999976e+00   8.395454e-01   2.901527e-02
1.510602999999999918e+00   8.161042e-01   2.970596e-02
1.515344999999999942e+00   8.773765e-01   3.032805e-02
1.520088000000000106e+00   8.489211e-01   3.062690e-02
1.524831000000000047e+00   8.672153e-01   3.104066e-02
1.529573999999999989e+00   8.883537e-01   3.133036e-02
1.534316999999999931e+00   8.667849e-01   3.050587e-02
1.539060000000000095e+00   8.111563e-01   2.990527e-02
1.543803000000000036e+00   8.376295e-01   2.957552e-02
1.548545000000000060e+00   7.985756e-01   2.915643e-02
1.553288000000000002e+00   8.102931e-01   2.896408e-02
1.558030999999999944e+00   8.059164e-01   2.866748e-02
1.562774000000000107e+00   8.322020e-01   2.842346e-02
1.567517000000000049e+00   7.867747e-01   2.810991e-02
1.572259999999999991e+00   7.898878e-01   2.791444e-02
1.577002999999999933e+00   8.309621e-01   2.788537e-02
1.581746000000000096e+00   7.963665e-01   2.778587e-02
1.586487999999999898e+00   8.058991e-01   2.777697e-02
1.591231000000000062e+00   7.490397e-01   2.769210e-02
1.595974000000000004e+00   8.030989e-01   2.780581e-02
1.600716999999999945e+00   7.796659e-01   2.778754e-02
1.605460000000000109e+00   7.493942e-01   2.773037e-02
1.610203000000000051e+00   7.638599e-01   2.770402e-02
1.614945999999999993e+00   6.964652e-01   2.754425e-02
1.619688000000000017e+00   7.443976e-01   2.751418e-02
1.624430999999999958e+00   7.567032e-01   2.755206e-02
1.629173999999999900e+00   7.509874e-01   2.749170e-02
1.633917000000000064e+00   7.546185e-01   2.743926e-02
1.638660000000000005e+00   7.393872e-01   2.733903e-02
1.643402999999999947e+00   7.274726e-01   2.732550e-02
1.648146000000000111e+00   7.483910e-01   2.733094e-02
1.652889000000000053e+00   7.444695e-01   2.723358e-02
1.657631000000000077e+00   7.094245e-01   2.715601e-02
1.662374000000000018e+00   7.368603e-01   2.712683e-02
1.667116999999999960e+00   7.060489e-01   2.704051e-02
1.671859999999999902e+00   7.356634e-01   2.707491e-02
1.676603000000000065e+00   6.645390e-01   2.689995e-02
1.681346000000000007e+00   7.049941e-01   2.693684e-02
1.686088999999999949e+00   7.172263e-01   2.692146e-02
1.690830999999999973e+00   6.966243e-01   2.685124e-02
1.695573999999999915e+00   6.869824e-01   2.679399e-02
1.700317000000000078e+00   7.368232e-01   2.683455e-02
1.705060000000000020e+00   7.307451e-01   2.674758e-02
1.709802999999999962e+00   7.116585e-01   2.669690e-02
1.714545999999999903e+00   6.598132e-01   2.664309e-02
1.719289000000000067e+00   6.862474e-01   2.664047e-02
1.724031000000000091e+00   6.978422e-01   2.661103e-02
1.728774000000000033e+00   7.190845e-01   2.658301e-02
1.733516999999999975e+00   7.072160e-01   2.651863e-02
1.738259999999999916e+00   6.912858e-01   2.644015e-02
1.743003000000000080e+00   6.915165e-01   2.641765e-02
1.747746000000000022e+00   6.359122e-01   2.626398e-02
1.752488999999999963e+00   6.454122e-01   2.626983e-02
1.757231999999999905e+00   6.331282e-01   2.620658e-02
1.761973999999999929e+00   6.582589e-01   2.625694e-02
1.766717000000000093e+00   6.399067e-01   2.612278e-02
1.771460000000000035e+00   6.544462e-01   2.613579e-02
1.776202999999999976e+00   6.500894e-01   2.614861e-02
1.780945999999999918e+00   6.593127e-01   2.609007e-02
1.785689000000000082e+00   6.289514e-01   2.599027e-02
1.790432000000000023e+00   6.622873e-01   2.601434e-02
1.795174000000000047e+00   6.464443e-01   2.592662e-02
1.799916999999999989e+00   6.313853e-01   2.587507e-02
1.804659999999999931e+00   6.093639e-01   2.583582e-02
1.809403000000000095e+00   6.524037e-01   2.586642e-02
1.814146000000000036e+00   6.335360e-01   2.583261e-02
1.818888999999999978e+00   6.378867e-01   2.577616e-02
1.823631999999999920e+00   6.534817e-01   2.579831e-02
1.828375000000000083e+00   6.288540e-01   2.567204e-02
1.833117000000000107e+00   6.229134e-01   2.566336e-02
1.837860000000000049e+00   6.050038e-01   2.560041e-02
1.842602999999999991e+00   6.381438e-01   2.561553e-02
1.847345999999999933e+00   6.236065e-01   2.551454e-02
1.852089000000000096e+00   6.251912e-01   2.555662e-02
1.856832000000000038e+00   6.443899e-01   2.554063e-02
1.861574999999999980e+00   6.190746e-01   2.547459e-02
1.866317000000000004e+00   6.317780e-01   2.544491e-02
1.871059999999999945e+00   6.218778e-01   2.537415e-02
1.875803000000000109e+00   5.934145e-01   2.531328e-02
1.880546000000000051e+00   6.010721e-01   2.528679e-02
1.885288999999999993e+00   5.797396e-01   2.523105e-02
1.890031999999999934e+00   6.085694e-01   2.524908e-02
1.894775000000000098e+00   6.253246e-01   2.521361e-02
1.899516999999999900e+00   6.011078e-01   2.514353e-02
1.904260000000000064e+00   5.764697e-01   2.509169e-02
1.909003000000000005e+00   5.400519e-01   2.499552e-02
1.913745999999999947e+00   6.016470e-01   2.507242e-02
1.918489000000000111e+00   6.208480e-01   2.504966e-02
1.923232000000000053e+00   5.630939e-01   2.498237e-02
1.927974999999999994e+00   5.841231e-01   2.498432e-02
1.932717999999999936e+00   5.343182e-01   2.481940e-02
1.937459999999999960e+00   5.509336e-01   2.477671e-02
1.942202999999999902e+00   5.872828e-01   2.480130e-02
1.946946000000000065e+00   5.756822e-01   2.472255e-02
1.951689000000000007e+00   5.872253e-01   2.463636e-02
1.956431999999999949e+00   5.708089e-01   2.458159e-02
1.961174999999999891e+00   5.658767e-01   2.456323e-02
1.965918000000000054e+00   5.884902e-01   2.453687e-02
1.970660000000000078e+00   5.758648e-01   2.449446e-02
1.975403000000000020e+00   5.629066e-01   2.451101e-02
1.980145999999999962e+00   5.659390e-01   2.455312e-02
1.984888999999999903e+00   5.349940e-01   2.447673e-02
1.989632000000000067e+00   5.686202e-01   2.452135e-02
1.994375000000000009e+00   5.630467e-01   2.453901e-02
1.999117999999999951e+00   5.559052e-01   2.446884e-02
2.003861000000000114e+00   5.567271e-01   2.443380e-02
2.008602999999999916e+00   5.753338e-01   2.448311e-02
2.013345999999999858e+00   5.344961e-01   2.467040e-02
2.018088999999999800e+00   5.579969e-01   2.533247e-02
2.022832000000000185e+00   5.220393e-01   2.566343e-02
2.027575000000000127e+00   5.272344e-01   2.602960e-02
2.032318000000000069e+00   5.385352e-01   2.629474e-02
2.037061000000000011e+00   5.167782e-01   2.649183e-02
2.041802999999999813e+00   5.294189e-01   2.669865e-02
2.046546000000000198e+00   5.189931e-01   2.685588e-02
2.051289000000000140e+00   5.262811e-01   2.693924e-02
2.056032000000000082e+00   5.188276e-01   2.695728e-02
2.060775000000000023e+00   5.192428e-01   2.701698e-02
2.065517999999999965e+00   4.910284e-01   2.699473e-02
2.070260999999999907e+00   5.228996e-01   2.711875e-02
2.075003000000000153e+00   5.418735e-01   2.724824e-02
2.079746000000000095e+00   5.133890e-01   2.666677e-02
2.084489000000000036e+00   5.443846e-01   2.603942e-02
2.089231999999999978e+00   5.378192e-01   2.559096e-02
2.093974999999999920e+00   4.937893e-01   2.520530e-02
2.098717999999999861e+00   4.971033e-01   2.501290e-02
2.103460999999999803e+00   4.898953e-01   2.482114e-02
2.108204000000000189e+00   4.963209e-01   2.464700e-02
2.112945999999999991e+00   4.926200e-01   2.455814e-02
2.117688999999999933e+00   5.071805e-01   2.452221e-02
2.122431999999999874e+00   5.140516e-01   2.450471e-02
2.127174999999999816e+00   5.097827e-01   2.441503e-02
2.131918000000000202e+00   4.835135e-01   2.438388e-02
2.136661000000000143e+00   4.821757e-01   2.432154e-02
2.141404000000000085e+00   4.873089e-01   2.424286e-02
2.146145999999999887e+00   4.942342e-01   2.419795e-02
2.150888999999999829e+00   5.051118e-01   2.415539e-02
2.155632000000000215e+00   4.870088e-01   2.410492e-02
2.160375000000000156e+00   5.016746e-01   2.410154e-02
2.165118000000000098e+00   4.903247e-01   2.402390e-02
2.169861000000000040e+00   5.114436e-01   2.401681e-02
2.174603999999999981e+00   5.173944e-01   2.398590e-02
2.179346999999999923e+00   4.610544e-01   2.386424e-02
2.184089000000000169e+00   5.087067e-01   2.393385e-02
2.188832000000000111e+00   4.878308e-01   2.386667e-02
2.193575000000000053e+00   4.680545e-01   2.375197e-02
2.198317999999999994e+00   4.877158e-01   2.377193e-02
2.203060999999999936e+00   4.843623e-01   2.374408e-02
2.207803999999999878e+00   4.531273e-01   2.367983e-02
2.212546999999999819e+00   4.785819e-01   2.365980e-02
2.217289000000000065e+00   4.509541e-01   2.358506e-02
2.222032000000000007e+00   4.701663e-01   2.361571e-02
2.226774999999999949e+00   4.689388e-01   2.356783e-02
2.231517999999999891e+00   4.287305e-01   2.345999e-02
2.236260999999999832e+00   4.724897e-01   2.351045e-02
2.241004000000000218e+00   4.798649e-01   2.349313e-02
2.245747000000000160e+00   4.708208e-01   2.342090e-02
2.250490000000000101e+00   4.541056e-01   2.335696e-02
2.255231999999999903e+00   4.651596e-01   2.335349e-02
2.259974999999999845e+00   4.747073e-01   2.334083e-02
2.264717999999999787e+00   4.606007e-01   2.326723e-02
2.269461000000000173e+00   4.396434e-01   2.323506e-02
2.274204000000000114e+00   4.888962e-01   2.329424e-02
2.278947000000000056e+00   4.816850e-01   2.326033e-02
2.283689999999999998e+00   4.766044e-01   2.319931e-02
2.288431999999999800e+00   4.292514e-01   2.310852e-02
2.293175000000000185e+00   4.502532e-01   2.312340e-02
2.297918000000000127e+00   4.618851e-01   2.309041e-02
2.302661000000000069e+00   4.509501e-01   2.304728e-02
2.307404000000000011e+00   4.582563e-01   2.304301e-02
2.312146999999999952e+00   4.379347e-01   2.298435e-02
2.316889999999999894e+00   4.456629e-01   2.298620e-02
2.321632000000000140e+00   4.841924e-01   2.297563e-02
2.326375000000000082e+00   4.685454e-01   2.296222e-02
2.331118000000000023e+00   4.726935e-01   2.290844e-02
2.335860999999999965e+00   4.786030e-01   2.290127e-02
2.340603999999999907e+00   4.528090e-01   2.282471e-02
2.345346999999999849e+00   4.320682e-01   2.278100e-02
2.350089999999999790e+00   4.331241e-01   2.277796e-02
2.354833000000000176e+00   4.324753e-01   2.272863e-02
2.359574999999999978e+00   4.392063e-01   2.273118e-02
2.364317999999999920e+00   4.352039e-01   2.268191e-02
2.369060999999999861e+00   4.312761e-01   2.264182e-02
2.373803999999999803e+00   3.986305e-01   2.258408e-02
2.378547000000000189e+00   4.173338e-01   2.258562e-02
2.383290000000000131e+00   4.126123e-01   2.255792e-02
2.388033000000000072e+00   4.367091e-01   2.255034e-02
2.392774999999999874e+00   4.006706e-01   2.247969e-02
2.397517999999999816e+00   4.219035e-01   2.247260e-02
2.402261000000000202e+00   4.267589e-01   2.248950e-02
2.407004000000000143e+00   4.041152e-01   2.241156e-02
2.411747000000000085e+00   4.028715e-01   2.240430e-02
2.416490000000000027e+00   4.219512e-01   2.237275e-02
2.421232999999999969e+00   4.104095e-01   2.238495e-02
2.425975999999999910e+00   4.311958e-01   2.235355e-02
2.430718000000000156e+00   4.642387e-01   2.237894e-02
2.435461000000000098e+00   4.313983e-01   2.230838e-02
2.440204000000000040e+00   4.337766e-01   2.228689e-02
2.444946999999999981e+00   4.107212e-01   2.223854e-02
2.449689999999999923e+00   4.036797e-01   2.220190e-02
2.454432999999999865e+00   4.223332e-01   2.220318e-02
2.459175999999999807e+00   3.850304e-01   2.211379e-02
2.463918000000000053e+00   3.683140e-01   2.206757e-02
2.468660999999999994e+00   3.849625e-01   2.206513e-02
2.473403999999999936e+00   3.695403e-01   2.205412e-02
2.478146999999999878e+00   4.047706e-01   2.203407e-02
2.482889999999999819e+00   4.326511e-01   2.206555e-02
2.487633000000000205e+00   4.171779e-01   2.204000e-02
2.492376000000000147e+00   3.807253e-01   2.196407e-02
2.497117999999999949e+00   3.692789e-01   2.189061e-02
2.501860999999999891e+00   3.629480e-01   2.187587e-02
2.506603999999999832e+00   3.872610e-01   2.189384e-02
2.511347000000000218e+00   3.571087e-01   2.185634e-02
2.516090000000000160e+00   3.932174e-01   2.184717e-02
2.520833000000000101e+00   3.859423e-01   2.180105e-02
2.525576000000000043e+00   3.726080e-01   2.171132e-02
2.530318999999999985e+00   3.915314e-01   2.168838e-02
2.535060999999999787e+00   3.717724e-01   2.165300e-02
2.539804000000000173e+00   3.805130e-01   2.163485e-02
2.544547000000000114e+00   4.033865e-01   2.165442e-02
2.549290000000000056e+00   3.886848e-01   2.159591e-02
2.554032999999999998e+00   3.561541e-01   2.156459e-02
2.558775999999999939e+00   3.901614e-01   2.157077e-02
2.563518999999999881e+00   3.910629e-01   2.156841e-02
2.568261000000000127e+00   3.642263e-01   2.151572e-02
2.573004000000000069e+00   3.964411e-01   2.156837e-02
2.577747000000000011e+00   3.672802e-01   2.150032e-02
2.582489999999999952e+00   3.685865e-01   2.150111e-02
2.587232999999999894e+00   3.621408e-01   2.150002e-02
2.591975999999999836e+00   3.705291e-01   2.148305e-02
2.596719000000000221e+00   3.752715e-01   2.148016e-02
2.601462000000000163e+00   3.804989e-01   2.145052e-02
2.606203999999999965e+00   3.654957e-01   2.141329e-02
2.610946999999999907e+00   3.882698e-01   2.142459e-02
2.615689999999999849e+00   3.774419e-01   2.136923e-02
2.620432999999999790e+00   3.754942e-01   2.135326e-02
2.625176000000000176e+00   3.446225e-01   2.130843e-02
2.629919000000000118e+00   3.607458e-01   2.131599e-02
2.634662000000000059e+00   3.587755e-01   2.127682e-02
2.639403999999999861e+00   3.874570e-01   2.131697e-02
2.644146999999999803e+00   3.490293e-01   2.122839e-02
2.648890000000000189e+00   3.766227e-01   2.124367e-02
2.653633000000000131e+00   3.310094e-01   2.116845e-02
2.658376000000000072e+00   3.394234e-01   2.116567e-02
2.663119000000000014e+00   3.747597e-01   2.121278e-02
2.667861999999999956e+00   3.780559e-01   2.119130e-02
2.672604999999999897e+00   3.442401e-01   2.110634e-02
2.677347000000000143e+00   3.405782e-01   2.108993e-02
2.682090000000000085e+00   3.399842e-01   2.106478e-02
2.686833000000000027e+00   3.531239e-01   2.107234e-02
2.691575999999999969e+00   3.458087e-01   2.105001e-02
2.696318999999999910e+00   3.501103e-01   2.103130e-02
2.701061999999999852e+00   3.597617e-01   2.101575e-02
2.705804999999999794e+00   3.551530e-01   2.098744e-02
2.710547000000000040e+00   3.424637e-01   2.095209e-02
2.715289999999999981e+00   3.701274e-01   2.097601e-02
2.720032999999999923e+00   3.761648e-01   2.094642e-02
2.724775999999999865e+00   3.638066e-01   2.092678e-02
2.729518999999999807e+00   3.565726e-01   2.087663e-02
2.734262000000000192e+00   3.702325e-01   2.090463e-02
2.739005000000000134e+00   3.751173e-01   2.089407e-02
2.743746999999999936e+00   3.708293e-01   2.087534e-02
2.748489999999999878e+00   3.440137e-01   2.080246e-02
2.753232999999999819e+00   3.354485e-01   2.078957e-02
2.757976000000000205e+00   3.692625e-01   2.081293e-02
2.762719000000000147e+00   3.410841e-01   2.074916e-02
2.767462000000000089e+00   3.375721e-01   2.073801e-02
2.772205000000000030e+00   3.439288e-01   2.072773e-02
2.776947999999999972e+00   3.354948e-01   2.068220e-02
2.781690000000000218e+00   3.398955e-01   2.067537e-02
2.786433000000000160e+00   3.264929e-01   2.064126e-02
2.791176000000000101e+00   3.249044e-01   2.061230e-02
2.795919000000000043e+00   3.443370e-01   2.061563e-02
2.800661999999999985e+00   3.331348e-01   2.060381e-02
2.805404999999999927e+00   3.393900e-01   2.060679e-02
2.810147999999999868e+00   3.459257e-01   2.060836e-02
2.814890000000000114e+00   3.433531e-01   2.061545e-02
2.819633000000000056e+00   3.263709e-01   2.097268e-02
2.824375999999999998e+00   3.441415e-01   2.140655e-02
2.829118999999999939e+00   3.656635e-01   2.169775e-02
2.833861999999999881e+00   3.578164e-01   2.192765e-02
2.838604999999999823e+00   3.569920e-01   2.209904e-02
2.843348000000000209e+00   3.350379e-01   2.214765e-02
2.848091000000000150e+00   3.271437e-01   2.219432e-02
2.852832999999999952e+00   3.527992e-01   2.228978e-02
2.857575999999999894e+00   3.220028e-01   2.230076e-02
2.862318999999999836e+00   3.320433e-01   2.235761e-02
2.867062000000000221e+00   3.158069e-01   2.240775e-02
2.871805000000000163e+00   3.153119e-01   2.246807e-02
2.876548000000000105e+00   3.168803e-01   2.249350e-02
2.881291000000000047e+00   3.368360e-01   2.250791e-02
2.886032999999999848e+00   3.305235e-01   2.188935e-02
2.890775999999999790e+00   3.121962e-01   2.146237e-02
2.895519000000000176e+00   3.299621e-01   2.125570e-02
2.900262000000000118e+00   3.338822e-01   2.108913e-02
2.905005000000000059e+00   3.131828e-01   2.094228e-02
2.909748000000000001e+00   3.257726e-01   2.087659e-02
2.914490999999999943e+00   3.384853e-01   2.084136e-02
2.919233000000000189e+00   3.048601e-01   2.076528e-02
2.923976000000000131e+00   3.410101e-01   2.078758e-02
2.928719000000000072e+00   3.193284e-01   2.068898e-02
2.933462000000000014e+00   3.278679e-01   2.066352e-02
2.938204999999999956e+00   3.104948e-01   2.058955e-02
2.942947999999999897e+00   3.135078e-01   2.057911e-02
2.947690999999999839e+00   3.034238e-01   2.053178e-02
2.952433999999999781e+00   2.982147e-01   2.048889e-02
2.957176000000000027e+00   3.156369e-01   2.052063e-02
2.961918999999999969e+00   2.957970e-01   2.047128e-02
2.966661999999999910e+00   3.353430e-01   2.043893e-02
2.971404999999999852e+00   3.294782e-01   2.042254e-02
2.976147999999999794e+00   3.249307e-01   2.040218e-02
2.980891000000000179e+00   2.972847e-01   2.034634e-02
2.985634000000000121e+00   2.978195e-01   2.028732e-02
2.990375999999999923e+00   3.218058e-01   2.032360e-02
2.995118999999999865e+00   3.064885e-01   2.028627e-02
2.999861999999999806e+00   3.090263e-01   2.026059e-02
3.004605000000000192e+00   2.963510e-01   2.022958e-02
3.009348000000000134e+00   3.365183e-01   2.026293e-02
3.014091000000000076e+00   3.417418e-01   2.024244e-02
3.018834000000000017e+00   2.687869e-01   2.012878e-02
3.023576999999999959e+00   2.982933e-01   2.013062e-02
3.028319000000000205e+00   2.671319e-01   2.004941e-02
3.033062000000000147e+00   3.112628e-01   2.009698e-02
3.037805000000000089e+00   3.090405e-01   2.007368e-02
3.042548000000000030e+00   3.145087e-01   2.006071e-02
3.047290999999999972e+00   3.277975e-01   2.006347e-02
3.052033999999999914e+00   3.011116e-01   2.000622e-02
3.056776999999999855e+00   2.858001e-01   1.996885e-02
3.061519000000000101e+00   3.162181e-01   1.998644e-02
3.066262000000000043e+00   3.110312e-01   1.995531e-02
3.071004999999999985e+00   2.950871e-01   1.993431e-02
3.075747999999999927e+00   2.809823e-01   1.987618e-02
3.080490999999999868e+00   3.193714e-01   1.989723e-02
3.085233999999999810e+00   3.078551e-01   1.988048e-02
3.089977000000000196e+00   3.056212e-01   1.984169e-02
3.094720000000000137e+00   2.883830e-01   1.983242e-02
3.099461999999999939e+00   3.086556e-01   1.979851e-02
3.104204999999999881e+00   2.914087e-01   1.976236e-02
3.108947999999999823e+00   2.978573e-01   1.975647e-02
3.113691000000000209e+00   3.085658e-01   1.976055e-02
3.118434000000000150e+00   3.039983e-01   1.971522e-02
3.123177000000000092e+00   2.970597e-01   1.970369e-02
3.127920000000000034e+00   2.898372e-01   1.967322e-02
3.132661999999999836e+00   2.874861e-01   1.965578e-02
3.137405000000000221e+00   2.912224e-01   1.964726e-02
3.142148000000000163e+00   3.031351e-01   1.963553e-02
3.146891000000000105e+00   2.874644e-01   1.961171e-02
3.151634000000000047e+00   2.628867e-01   1.954871e-02
3.156376999999999988e+00   2.938521e-01   1.959349e-02
3.161119999999999930e+00   2.888290e-01   1.957142e-02
3.165862000000000176e+00   2.907437e-01   1.954767e-02
3.170605000000000118e+00   2.992808e-01   1.953337e-02
3.175348000000000059e+00   3.124100e-01   1.954347e-02
3.180091000000000001e+00   2.836235e-01   1.948074e-02
3.184833999999999943e+00   3.008488e-01   1.950353e-02
3.189576999999999884e+00   2.968145e-01   1.947916e-02
3.194319999999999826e+00   2.943499e-01   1.945391e-02
3.199063000000000212e+00   2.968275e-01   1.941174e-02
3.203805000000000014e+00   3.092941e-01   1.939390e-02
3.208547999999999956e+00   2.761644e-01   1.931663e-02
3.213290999999999897e+00   2.883211e-01   1.931895e-02
3.218033999999999839e+00   3.072478e-01   1.933871e-02
3.222776999999999781e+00   2.457128e-01   1.922640e-02
3.227520000000000167e+00   2.768422e-01   1.923661e-02
3.232263000000000108e+00   2.848075e-01   1.925668e-02
3.237004999999999910e+00   2.761146e-01   1.920697e-02
3.241747999999999852e+00   2.861941e-01   1.921555e-02
3.246490999999999794e+00   2.906230e-01   1.922149e-02
3.251234000000000179e+00   2.601586e-01   1.916464e-02
3.255977000000000121e+00   2.708436e-01   1.919723e-02
3.260720000000000063e+00   2.868705e-01   1.919026e-02
3.265463000000000005e+00   3.109579e-01   1.923373e-02
3.270205999999999946e+00   3.071628e-01   1.921844e-02
3.274948000000000192e+00   2.969549e-01   1.917889e-02
3.279691000000000134e+00   2.830132e-01   1.914097e-02
3.284434000000000076e+00   2.797365e-01   1.913184e-02
3.289177000000000017e+00   2.559632e-01   1.907520e-02
3.293919999999999959e+00   2.757320e-01   1.908964e-02
3.298662999999999901e+00   2.752678e-01   1.905960e-02
3.303405999999999842e+00   2.616438e-01   1.903554e-02
3.308148000000000089e+00   2.821412e-01   1.903332e-02
3.312891000000000030e+00   2.883586e-01   1.904417e-02
3.317633999999999972e+00   2.886139e-01   1.902863e-02
3.322376999999999914e+00   2.829145e-01   1.901748e-02
3.327119999999999855e+00   2.652613e-01   1.895852e-02
3.331862999999999797e+00   2.448487e-01   1.893476e-02
3.336606000000000183e+00   2.684968e-01   1.894859e-02
3.341347999999999985e+00   2.718651e-01   1.894175e-02
3.346090999999999926e+00   2.689667e-01   1.892561e-02
3.350833999999999868e+00   2.605541e-01   1.890112e-02
3.355576999999999810e+00   2.987065e-01   1.892576e-02
3.360320000000000196e+00   2.764391e-01   1.886047e-02
3.365063000000000137e+00   2.596455e-01   1.884264e-02
3.369806000000000079e+00   2.698582e-01   1.884960e-02
3.374549000000000021e+00   2.864511e-01   1.887694e-02
3.379290999999999823e+00   2.756473e-01   1.906714e-02
3.384034000000000209e+00   2.416941e-01   1.945505e-02
3.388777000000000150e+00   2.807086e-01   1.974594e-02
3.393520000000000092e+00   2.888284e-01   1.996513e-02
3.398263000000000034e+00   2.412420e-01   2.001342e-02
3.403005999999999975e+00   2.751871e-01   2.008678e-02
3.407748999999999917e+00   2.724137e-01   2.007836e-02
3.412491000000000163e+00   2.850287e-01   2.011633e-02
3.417234000000000105e+00   2.715313e-01   2.016686e-02
3.421977000000000046e+00   2.722911e-01   2.019275e-02
3.426719999999999988e+00   2.274372e-01   2.017270e-02
3.431462999999999930e+00   2.477745e-01   2.022617e-02
3.436205999999999872e+00   2.979526e-01   2.033428e-02
3.440948999999999813e+00   2.568399e-01   2.032411e-02
3.445692000000000199e+00   2.227277e-01   2.033158e-02
3.450434000000000001e+00   2.489912e-01   2.038203e-02
3.455176999999999943e+00   2.882714e-01   2.049206e-02
3.459919999999999884e+00   2.537492e-01   2.045551e-02
3.464662999999999826e+00   2.844649e-01   2.052414e-02
3.469406000000000212e+00   2.620996e-01   2.052945e-02
3.474149000000000154e+00   2.459290e-01   2.055356e-02
3.478892000000000095e+00   2.454192e-01   2.055481e-02
3.483633999999999897e+00   2.593628e-01   2.060173e-02
3.488376999999999839e+00   2.846645e-01   2.069089e-02
3.493119999999999781e+00   2.683517e-01   2.067664e-02
3.497863000000000167e+00   2.615621e-01   2.065977e-02
3.502606000000000108e+00   2.451346e-01   2.065627e-02
3.507349000000000050e+00   2.291869e-01   2.066676e-02
3.512091999999999992e+00   2.581671e-01   2.075115e-02
3.516833999999999794e+00   2.792147e-01   2.081012e-02
3.521577000000000179e+00   2.978775e-01   2.086082e-02
3.526320000000000121e+00   2.497867e-01   2.080887e-02
3.531063000000000063e+00   2.565355e-01   2.082945e-02
3.535806000000000004e+00   2.505638e-01   2.083652e-02
3.540548999999999946e+00   2.486695e-01   2.084522e-02
3.545291999999999888e+00   2.325724e-01   2.083399e-02
3.550034999999999830e+00   2.576325e-01   2.090600e-02
3.554777000000000076e+00   2.462452e-01   2.092424e-02
3.559520000000000017e+00   2.674086e-01   2.094149e-02
3.564262999999999959e+00   2.691086e-01   2.096958e-02
3.569005999999999901e+00   2.345497e-01   2.097621e-02
3.573748999999999842e+00   2.456357e-01   2.100714e-02
3.578491999999999784e+00   2.529396e-01   2.100162e-02
3.583235000000000170e+00   2.378874e-01   2.097052e-02
3.587976999999999972e+00   2.358406e-01   2.099920e-02
3.592719999999999914e+00   2.454450e-01   2.101190e-02
3.597462999999999855e+00   2.536890e-01   2.097284e-02
3.602205999999999797e+00   2.336579e-01   2.092543e-02
3.606949000000000183e+00   2.461421e-01   2.094695e-02
3.611692000000000125e+00   2.333397e-01   2.093340e-02
3.616435000000000066e+00   2.466769e-01   2.098667e-02
3.621178000000000008e+00   2.225300e-01   2.126572e-02
3.625919999999999810e+00   2.067901e-01   2.194284e-02
3.630663000000000196e+00   2.454228e-01   2.240614e-02
3.635406000000000137e+00   2.337539e-01   2.272770e-02
3.640149000000000079e+00   2.574579e-01   2.298980e-02
3.644892000000000021e+00   2.370310e-01   2.309174e-02
3.649634999999999962e+00   2.409124e-01   2.327223e-02
3.654377999999999904e+00   2.589202e-01   2.340406e-02
3.659120000000000150e+00   2.586242e-01   2.351296e-02
3.663863000000000092e+00   2.182883e-01   2.357210e-02
3.668606000000000034e+00   2.826246e-01   2.377194e-02
3.673348999999999975e+00   2.705928e-01   2.392780e-02
3.678091999999999917e+00   2.513177e-01   2.399223e-02
3.682834999999999859e+00   2.726626e-01   2.413221e-02
3.687577999999999800e+00   2.458507e-01   2.420997e-02
3.692321000000000186e+00   2.171904e-01   2.425546e-02
3.697062999999999988e+00   2.234595e-01   2.438610e-02
3.701805999999999930e+00   2.547359e-01   2.452500e-02
3.706548999999999872e+00   2.577613e-01   2.469638e-02
3.711291999999999813e+00   2.336696e-01   2.471465e-02
3.716035000000000199e+00   2.315609e-01   2.478566e-02
3.720778000000000141e+00   2.415199e-01   2.493054e-02
3.725521000000000083e+00   2.557890e-01   2.504445e-02
3.730262999999999884e+00   2.721845e-01   2.517750e-02
3.735005999999999826e+00   2.453886e-01   2.522883e-02
3.739749000000000212e+00   2.378273e-01   2.532039e-02
3.744492000000000154e+00   2.428603e-01   2.547658e-02
3.749235000000000095e+00   2.322797e-01   2.550703e-02
3.753978000000000037e+00   2.327074e-01   2.559122e-02
3.758720999999999979e+00   3.066264e-01   2.581977e-02
3.763462999999999781e+00   2.046538e-01   2.572178e-02
3.768206000000000166e+00   2.310902e-01   2.587917e-02
3.772949000000000108e+00   2.665251e-01   2.605380e-02
3.777692000000000050e+00   2.320907e-01   2.612848e-02
3.782434999999999992e+00   2.354740e-01   2.621206e-02
3.787177999999999933e+00   2.183021e-01   2.628254e-02
3.791920999999999875e+00   2.487192e-01   2.642134e-02
3.796663999999999817e+00   2.800006e-01   2.654462e-02
3.801406000000000063e+00   2.849708e-01   2.664998e-02
3.806149000000000004e+00   2.362805e-01   2.662493e-02
3.810891999999999946e+00   2.459745e-01   2.677021e-02
3.815634999999999888e+00   2.591044e-01   2.689672e-02
3.820377999999999830e+00   2.439222e-01   2.690616e-02
3.825121000000000215e+00   2.102660e-01   2.694889e-02
3.829864000000000157e+00   2.513260e-01   2.721305e-02
3.834605999999999959e+00   2.373700e-01   2.727376e-02
3.839348999999999901e+00   2.402832e-01   2.734125e-02
3.844091999999999842e+00   2.244708e-01   2.744197e-02
3.848834999999999784e+00   2.403732e-01   2.751545e-02
3.853578000000000170e+00   2.085116e-01   2.758483e-02
3.858321000000000112e+00   2.050937e-01   2.765376e-02
3.863064000000000053e+00   2.091556e-01   2.770125e-02
3.867806999999999995e+00   2.462044e-01   2.793235e-02
3.872548999999999797e+00   2.107169e-01   2.792886e-02
3.877292000000000183e+00   2.317377e-01   2.809729e-02
3.882035000000000124e+00   2.231365e-01   2.815344e-02
3.886778000000000066e+00   2.360270e-01   2.830892e-02
3.891521000000000008e+00   2.554050e-01   2.843945e-02
3.896263999999999950e+00   2.256714e-01   2.841832e-02
3.901006999999999891e+00   2.438863e-01   2.854430e-02
3.905749000000000137e+00   2.192944e-01   2.866657e-02
3.910492000000000079e+00   2.411379e-01   2.874057e-02
3.915235000000000021e+00   2.180389e-01   2.883650e-02
3.919977999999999962e+00   2.551145e-01   2.900641e-02
3.924720999999999904e+00   2.010212e-01   2.892637e-02
3.929463999999999846e+00   2.065315e-01   2.897726e-02
3.934206999999999788e+00   1.756567e-01   2.891453e-02
3.938949000000000034e+00   1.985859e-01   2.895594e-02
3.943691999999999975e+00   2.168702e-01   2.904446e-02
3.948434999999999917e+00   1.898415e-01   2.904738e-02
3.953177999999999859e+00   1.971142e-01   2.910958e-02
3.957920999999999800e+00   2.556434e-01   2.930169e-02
3.962664000000000186e+00   2.737773e-01   2.926295e-02
3.967407000000000128e+00   2.453446e-01   2.927653e-02
3.972150000000000070e+00   2.657476e-01   2.943699e-02
3.976891999999999872e+00   2.176924e-01   2.944726e-02
3.981634999999999813e+00   1.769785e-01   2.946945e-02
3.986378000000000199e+00   2.243915e-01   2.963672e-02
3.991121000000000141e+00   2.384086e-01   2.980262e-02
3.995864000000000082e+00   2.376979e-01   2.983922e-02
4.000606999999999580e+00   2.107827e-01   2.991559e-02
4.005349999999999966e+00   2.293484e-01   3.007649e-02
4.010092000000000212e+00   2.594517e-01   3.023043e-02
4.014834999999999710e+00   2.477696e-01   3.034551e-02
4.019578000000000095e+00   2.255018e-01   3.036141e-02
4.024320999999999593e+00   2.284829e-01   3.056201e-02
4.029063999999999979e+00   1.954123e-01   3.054258e-02
4.033807000000000365e+00   2.430894e-01   3.076294e-02
4.038549999999999862e+00   2.112495e-01   3.073140e-02
4.043293000000000248e+00   2.594235e-01   3.097464e-02
4.048034999999999606e+00   1.830117e-01   3.098086e-02
4.052777999999999992e+00   2.000135e-01   3.107018e-02
4.057521000000000377e+00   2.196604e-01   3.117202e-02
4.062263999999999875e+00   2.204332e-01   3.131390e-02
4.067007000000000261e+00   2.193458e-01   3.146557e-02
4.071749999999999758e+00   2.113590e-01   3.158091e-02
4.076493000000000144e+00   1.781425e-01   3.157180e-02
4.081235000000000390e+00   1.951046e-01   3.171609e-02
4.085977999999999888e+00   1.938421e-01   3.186094e-02
4.090721000000000274e+00   1.786259e-01   3.199745e-02
4.095463999999999771e+00   2.036261e-01   3.208272e-02
4.100207000000000157e+00   2.029975e-01   3.212833e-02
4.104949999999999655e+00   1.883436e-01   3.224765e-02
4.109693000000000040e+00   2.725857e-01   3.256295e-02
4.114436000000000426e+00   2.586652e-01   3.266604e-02
4.119177999999999784e+00   1.963317e-01   3.260940e-02
4.123921000000000170e+00   2.084234e-01   3.284191e-02
4.128663999999999668e+00   2.399468e-01   3.297547e-02
4.133407000000000053e+00   2.499219e-01   3.306445e-02
4.138150000000000439e+00   1.699782e-01   3.301603e-02
4.142892999999999937e+00   1.820972e-01   3.316416e-02
4.147636000000000323e+00   2.015017e-01   3.344704e-02
4.152377999999999680e+00   2.004105e-01   3.355188e-02
4.157121000000000066e+00   2.118125e-01   3.368183e-02
4.161863999999999564e+00   1.949707e-01   3.375356e-02
4.166606999999999950e+00   1.920105e-01   3.389341e-02
4.171350000000000335e+00   1.585322e-01   3.394876e-02
4.176092999999999833e+00   1.838101e-01   3.405532e-02
4.180836000000000219e+00   2.378280e-01   3.436571e-02
4.185577999999999577e+00   2.546973e-01   3.456101e-02
4.190320999999999962e+00   2.390722e-01   3.454951e-02
4.195064000000000348e+00   1.856594e-01   3.460364e-02
4.199806999999999846e+00   1.891435e-01   3.475403e-02
4.204550000000000232e+00   1.998203e-01   3.488615e-02
4.209292999999999729e+00   2.347917e-01   3.512557e-02
4.214036000000000115e+00   2.065393e-01   3.517569e-02
4.218778999999999613e+00   2.406526e-01   3.543301e-02
4.223520999999999859e+00   2.067741e-01   3.550091e-02
4.228264000000000244e+00   2.116925e-01   3.571827e-02
4.233006999999999742e+00   2.269837e-01   3.590889e-02
4.237750000000000128e+00   2.046812e-01   3.593604e-02
4.242492999999999626e+00   1.871568e-01   3.603408e-02
4.247236000000000011e+00   2.627365e-01   3.631311e-02
4.251979000000000397e+00   2.341774e-01   3.640459e-02
4.256720999999999755e+00   1.555591e-01   3.649427e-02
4.261464000000000141e+00   2.242143e-01   3.677208e-02
4.266206999999999638e+00   2.232273e-01   3.696063e-02
4.270950000000000024e+00   1.381427e-01   3.681665e-02
4.275693000000000410e+00   2.174516e-01   3.722892e-02
4.280435999999999908e+00   2.154618e-01   3.727951e-02
4.285179000000000293e+00   1.812254e-01   3.739680e-02
4.289921999999999791e+00   2.777867e-01   3.786401e-02
4.294664000000000037e+00   1.716863e-01   3.776097e-02
4.299407000000000423e+00   2.439540e-01   3.807224e-02
4.304149999999999920e+00   2.560431e-01   3.825125e-02
4.308893000000000306e+00   1.684095e-01   3.826895e-02
4.313635999999999804e+00   1.178913e-01   3.822813e-02
4.318379000000000190e+00   2.415015e-01   3.872987e-02
4.323121999999999687e+00   1.376373e-01   3.857862e-02
4.327863999999999933e+00   1.703205e-01   3.881166e-02
4.332607000000000319e+00   2.260144e-01   3.918201e-02
4.337349999999999817e+00   2.331450e-01   3.939036e-02
4.342093000000000202e+00   2.043394e-01   3.955093e-02
4.346835999999999700e+00   1.905467e-01   3.960044e-02
4.351579000000000086e+00   2.282273e-01   3.990793e-02
4.356321999999999584e+00   2.072941e-01   4.014771e-02
4.361063999999999830e+00   1.742117e-01   4.020795e-02
4.365807000000000215e+00   2.691688e-01   4.064407e-02
4.370549999999999713e+00   1.317764e-01   4.048038e-02
4.375293000000000099e+00   1.918749e-01   4.087233e-02
4.380035999999999596e+00   2.957182e-01   4.132156e-02
4.384778999999999982e+00   2.520043e-01   4.136253e-02
4.389522000000000368e+00   2.048673e-01   4.147587e-02
4.394264999999999866e+00   1.929033e-01   4.165872e-02
4.399007000000000112e+00   1.738116e-01   4.164571e-02
4.403749999999999609e+00   1.278653e-01   4.147695e-02
4.408492999999999995e+00   2.242271e-01   4.190609e-02
4.413236000000000381e+00   1.924089e-01   4.179879e-02
4.417978999999999878e+00   2.022263e-01   4.179983e-02
4.422722000000000264e+00   1.522192e-01   4.177363e-02
4.427464999999999762e+00   1.690618e-01   4.177170e-02
4.432207000000000008e+00   2.347986e-01   4.205778e-02
4.436950000000000394e+00   2.340852e-01   4.203848e-02
4.441692999999999891e+00   2.062067e-01   4.225752e-02
4.446436000000000277e+00   1.695002e-01   4.226006e-02
4.451178999999999775e+00   1.942181e-01   4.254517e-02
4.455922000000000160e+00   1.860344e-01   4.284489e-02
4.460664999999999658e+00   2.265970e-01   4.320959e-02
4.465408000000000044e+00   1.669304e-01   4.318776e-02
4.470150000000000290e+00   2.521212e-01   4.360135e-02
4.474892999999999788e+00   1.334845e-01   4.352341e-02
4.479636000000000173e+00   1.484893e-01   4.380679e-02
4.484378999999999671e+00   1.708682e-01   4.417609e-02
4.489122000000000057e+00   2.232427e-01   4.455578e-02
4.493865000000000443e+00   2.096941e-01   4.461344e-02
4.498607999999999940e+00   2.117117e-01   4.499729e-02
4.503350000000000186e+00   1.759413e-01   4.511460e-02
4.508092999999999684e+00   1.771077e-01   4.530082e-02
4.512836000000000070e+00   2.088416e-01   4.573300e-02
4.517578999999999567e+00   2.351771e-01   4.614817e-02
4.522321999999999953e+00   2.184855e-01   4.634734e-02
4.527065000000000339e+00   2.377962e-01   4.676873e-02
4.531807999999999836e+00   2.015729e-01   4.657812e-02
4.536551000000000222e+00   2.668918e-01   4.737091e-02
4.541292999999999580e+00   2.054589e-01   4.739004e-02
4.546035999999999966e+00   1.819361e-01   4.770798e-02
4.550779000000000352e+00   2.460475e-01   4.819397e-02
4.555521999999999849e+00   1.807229e-01   4.818343e-02
4.560265000000000235e+00   1.905791e-01   4.850485e-02
4.565007999999999733e+00   2.061200e-01   4.895072e-02
4.569751000000000118e+00   2.527113e-01   4.940445e-02
4.574493000000000364e+00   1.754849e-01   4.934482e-02
4.579235999999999862e+00   1.606242e-01   4.991722e-02
4.583979000000000248e+00   1.155295e-01   5.015176e-02
4.588721999999999746e+00   1.986664e-01   5.058535e-02
4.593465000000000131e+00   1.600005e-01   5.091331e-02
4.598207999999999629e+00   1.246967e-01   5.123410e-02
4.602951000000000015e+00   2.684913e-01   5.214498e-02
4.607693000000000261e+00   2.410452e-01   5.230522e-02
4.612435999999999758e+00   2.207046e-01   5.268245e-02
4.617179000000000144e+00   2.386620e-01   5.284075e-02
4.621921999999999642e+00   1.809891e-01   5.315975e-02
4.626665000000000028e+00   2.208784e-01   5.380133e-02
4.631408000000000413e+00   2.426911e-01   5.427550e-02
4.636150999999999911e+00   1.501447e-01   5.451275e-02
4.640894000000000297e+00   1.900446e-01   5.497263e-02
4.645635999999999655e+00   1.959938e-01   5.549792e-02
4.650379000000000040e+00   1.639568e-01   5.584906e-02
4.655122000000000426e+00   1.514559e-01   5.606693e-02
4.659864999999999924e+00   1.880359e-01   5.687595e-02
4.664608000000000310e+00   1.690813e-01   5.725639e-02
4.669350999999999807e+00   1.230921e-01   5.778089e-02
4.674094000000000193e+00   1.643553e-01   5.823984e-02
4.678836000000000439e+00   2.441045e-01   5.921349e-02
4.683578999999999937e+00   1.970938e-01   5.937306e-02
4.688322000000000322e+00   2.023133e-01   5.994583e-02
4.693064999999999820e+00   2.137966e-01   6.057227e-02
4.697808000000000206e+00   1.776706e-01   6.107466e-02
4.702550999999999704e+00   1.861604e-01   6.172344e-02
4.707294000000000089e+00   1.945768e-01   6.252299e-02
4.712036999999999587e+00   9.191160e-02   6.280976e-02
4.716778999999999833e+00   9.857628e-02   6.318752e-02
4.721522000000000219e+00   2.272154e-01   6.474932e-02
4.726264999999999716e+00   2.973484e-01   6.567112e-02
4.731008000000000102e+00   2.636925e-01   6.620104e-02
4.735750999999999600e+00   3.043270e-01   6.727235e-02
4.740493999999999986e+00   2.242709e-01   6.762319e-02
4.745237000000000371e+00   1.677148e-01   6.815004e-02
4.749978999999999729e+00   1.770217e-01   6.884166e-02
4.754722000000000115e+00   1.592978e-01   6.992011e-02
4.759464999999999613e+00   1.599617e-01   7.061793e-02
4.764207999999999998e+00   2.476241e-01   7.158098e-02
4.768951000000000384e+00   1.833796e-01   7.303752e-02
4.773693999999999882e+00   8.171004e-02   7.332029e-02
4.778437000000000268e+00   3.028429e-01   7.512514e-02
4.783178999999999625e+00   1.892242e-01   7.584105e-02
4.787922000000000011e+00   1.073126e-01   7.635121e-02
4.792665000000000397e+00   2.433649e-01   7.825063e-02
4.797407999999999895e+00   3.016006e-01   8.022129e-02
4.802151000000000280e+00   1.348393e-01   8.061773e-02
4.806893999999999778e+00   1.914838e-01   8.228300e-02
4.811637000000000164e+00   1.716047e-01   8.363462e-02
4.816379999999999661e+00   7.727813e-02   8.446471e-02
4.821121999999999908e+00   5.210249e-02   8.660081e-02
4.825865000000000293e+00   2.036230e-01   8.907159e-02
4.830607999999999791e+00   3.395355e-02   8.916884e-02
4.835351000000000177e+00   1.932580e-01   9.290577e-02
4.840093999999999674e+00   3.981616e-01   9.576023e-02
4.844837000000000060e+00   2.788054e-01   9.696658e-02
4.849579999999999558e+00   2.615970e-01   9.910024e-02
4.854321999999999804e+00   1.819551e-01   1.007993e-01
4.859065000000000190e+00   5.445435e-02   1.033388e-01
4.863807999999999687e+00  -2.782471e-02   1.060433e-01
4.868551000000000073e+00   2.525629e-01   1.113820e-01
4.873293999999999571e+00   2.099501e-01   1.147227e-01
4.878036999999999956e+00   1.900928e-01   1.177822e-01
4.882780000000000342e+00   3.023071e-01   1.235422e-01
4.887522999999999840e+00   3.072423e-01   1.272932e-01
4.892265000000000086e+00   1.575432e-01   1.325062e-01
4.897007999999999583e+00   1.911469e-01   1.395354e-01
4.901750999999999969e+00   2.582206e-01   1.460295e-01
4.906494000000000355e+00   1.632812e-01   1.556215e-01
4.911236999999999853e+00   6.416710e-02   1.641123e-01
4.915980000000000238e+00   2.871843e-01   1.798954e-01
4.920722999999999736e+00   2.364161e-01   1.966763e-01
4.925464999999999982e+00   4.671992e-01   2.197815e-01
4.930208000000000368e+00   2.150166e-01   2.423955e-01
4.934950999999999866e+00   4.589877e-01   2.898470e-01
4.939694000000000251e+00   3.877576e-01   3.621981e-01
4.944436999999999749e+00   1.894922e-01   3.630998e-01