   9.53272656E-02   26.3607655      0.392426938    
  0.104896247       25.9734745      0.243183061    
  0.115832992       26.0223255      0.180293083    
  0.126768991       25.7696762      0.140818641    
  0.137704998       25.8873005      0.116421305    
  0.148640990       25.9610748      0.100433148    
  0.159576997       26.2290249       8.85068774E-02
  0.170513511       26.4300499       8.06062147E-02
  0.181449994       26.6035748       7.48186186E-02
  0.192386001       26.9714489       7.06492290E-02
  0.203321993       27.3202496       6.80077374E-02
  0.214258000       27.6960506       6.62627220E-02
  0.225194007       28.1234493       6.48156404E-02
  0.236130744       28.7711487       6.47287071E-02
  0.247067004       29.0177994       6.41080290E-02
  0.258002996       29.4579010       6.38253391E-02
  0.268939018       29.8806019       6.38826266E-02
  0.279875010       30.2061253       6.35570288E-02
  0.290811002       30.5550747       6.35626167E-02
  0.301748008       30.9089737       6.36559650E-02
  0.312684000       31.2379246       6.37022480E-02
  0.323620021       31.5234756       6.38445467E-02
  0.334556013       31.7140255       6.38815537E-02
  0.345492005       31.9645500       6.41464666E-02
  0.356428236       32.2454758       6.44532591E-02
  0.367365003       32.3651733       6.46504089E-02
  0.378300965       32.4835510       6.46489486E-02
  0.389236987       32.4542236       6.45486191E-02
  0.400173008       32.5458984       6.46313578E-02
  0.411109000       32.3751755       6.41852692E-02
  0.422045499       32.1229515       6.36445731E-02
  0.432981998       31.9148521       6.32259920E-02
  0.443917990       31.5815506       6.24522492E-02
  0.454854012       31.1549263       6.16433583E-02
  0.465790033       30.7520504       6.08833022E-02
  0.476725996       30.3336983       5.99866174E-02
  0.487662733       29.7659760       5.89595959E-02
  0.498598993       29.1114254       5.76666556E-02
  0.509534955       28.6423492       5.67819960E-02
  0.520470977       28.1632004       5.59629239E-02
  0.531406999       27.5746498       5.47870584E-02
  0.542343259       26.9279499       5.36475293E-02
  0.553279996       26.0258255       5.19723557E-02
  0.564215958       25.3131752       5.05812801E-02
  0.575151980       24.5299244       4.91519868E-02
  0.586088002       23.8746986       4.79551628E-02
  0.597024024       23.0248756       4.64073867E-02
  0.607960522       22.2801247       4.50086780E-02
  0.618897021       21.5190239       4.36658263E-02
  0.629833043       20.6742744       4.20737751E-02
  0.640769005       19.8418503       4.05357853E-02
  0.651704967       19.0815506       3.91758122E-02
  0.662640989       18.3541508       3.77821885E-02
  0.673577785       17.5923996       3.64033468E-02
  0.684513986       16.8889999       3.51742506E-02
  0.695449948       16.1559505       3.37535478E-02
  0.706385970       15.4424753       3.24876346E-02
  0.717321992       14.8269005       3.13658118E-02
  0.728257954       14.1309748       3.00494134E-02
  0.739194989       13.4707251       2.88245305E-02
  0.750130951       12.8535252       2.76790056E-02
  0.761066973       12.2981253       2.66764872E-02
  0.772002995       11.7585754       2.57050507E-02
  0.782939017       11.2010002       2.46552322E-02
  0.793875277       10.7080250       2.37893388E-02
  0.804812014       10.1885452       2.29879171E-02
  0.815748036       9.66906261       2.21114457E-02
  0.826684058       9.15247250       2.12175157E-02
  0.837620020       8.74735260       2.05794293E-02
  0.848555982       8.29111290       1.97528973E-02
  0.859492540       7.91769266       1.91326346E-02
  0.870428979       7.50097513       1.84167996E-02
  0.881364942       7.14263248       1.78153832E-02
  0.892300963       6.77531004       1.71710588E-02
  0.903236985       6.43460989       1.65515672E-02
  0.914173007       6.11231232       1.60190072E-02
  0.925109982       5.82245255       1.55065162E-02
  0.936046004       5.54668760       1.50519935E-02
  0.946981966       5.27756786       1.45531818E-02
  0.957917988       5.01110983       1.41137661E-02
  0.968854010       4.76814270       1.36653520E-02
  0.979790270       4.53746033       1.32920211E-02
  0.990727007       4.32162237       1.29176034E-02
   1.00166297       4.08580256       1.24570541E-02
   1.01259995       3.91856766       1.22119728E-02
   1.02353501       3.74077988       1.18710520E-02
   1.03446996       3.55268502       1.15941484E-02
   1.04540753       3.39995503       1.12847053E-02
   1.05634260       3.23334503       1.09950639E-02
   1.06727993       3.07649755       1.07100364E-02
   1.07821488       2.94840002       1.04382550E-02
   1.08915257       2.84260750       1.02797328E-02
   1.10008991       2.71152759       1.00660855E-02
   1.11102498       2.58131742       9.81190708E-03
   1.12196004       2.48340487       9.65394173E-03
   1.13289762       2.38454747       9.44023114E-03
   1.14383245       2.28804255       9.27755050E-03
   1.15476990       2.19807243       9.13152285E-03
   1.16570497       2.12390256       8.98646470E-03
   1.17663991       2.02408767       8.80777836E-03
   1.18757749       1.97355497       8.69757310E-03
   1.19851506       1.89981759       8.57801642E-03
   1.20945001       1.82986498       8.44239537E-03
   1.22038746       1.77531993       8.33387114E-03
   1.23200750       1.73726749       8.77204631E-03
   1.24499249       1.68297255       9.48164705E-03
   1.25592995       1.64819503       9.84774623E-03
   1.26686502       1.58908749       9.31661017E-03
   1.27779996       1.53250504       8.50681216E-03
   1.28873754       1.47987747       8.19821842E-03
   1.29967260       1.43392503       7.93250091E-03
   1.31060994       1.40400493       7.81188486E-03
   1.32154489       1.36566746       7.70399626E-03
   1.33248258       1.32629752       7.62062753E-03
   1.34341991       1.30776250       7.56431837E-03
   1.35435498       1.27440250       7.51833431E-03
   1.36529005       1.23993003       7.42286444E-03
   1.37622762       1.22394753       7.36503908E-03
   1.38716245       1.19167995       7.30577251E-03
   1.39809990       1.18941259       7.29305763E-03
   1.40903497       1.14440751       7.21584680E-03
   1.41996992       1.13214993       7.19217770E-03
   1.43090749       1.11247754       7.12476438E-03
   1.44184256       1.08968997       7.06417859E-03
   1.45278013       1.06883252       7.03969691E-03
   1.46371746       1.05583251       6.99755177E-03
   1.47465253       1.03429246       6.86226925E-03
   1.48558998       1.01572001       6.79428782E-03
   1.49652493      0.995354772       6.74661063E-03
   1.50746000      0.970302999       6.71688234E-03
   1.51839757      0.963185489       6.68262271E-03
   1.52933252      0.951382458       6.66317157E-03
   1.54026997      0.927377939       6.60388079E-03
   1.55120492      0.911099970       6.59993570E-03
   1.56213999      0.901354790       6.58545317E-03
   1.57307744      0.875224292       6.51371246E-03
   1.58401501      0.869217992       6.48189662E-03
   1.59495008      0.844007254       6.41414570E-03
   1.60588741      0.830167532       6.40570279E-03
   1.61682248      0.819395006       6.39417907E-03
   1.62775993      0.801504970       6.34028250E-03
   1.63869500      0.796351969       6.32086955E-03
   1.64962995      0.773647010       6.27407338E-03
   1.66056752      0.774214983       6.29013823E-03
   1.67150259      0.743385494       6.21927995E-03
   1.68243992      0.737915277       6.22509001E-03
   1.69337511      0.718955457       6.17200788E-03
   1.70431256      0.707382739       6.15463080E-03
   1.71525002      0.695809782       6.10770425E-03
   1.72618496      0.681995988       6.09371997E-03
   1.73712003      0.663887024       6.05788734E-03
   1.74805760      0.658182740       6.02085935E-03
   1.75899243      0.646422744       5.97985694E-03
   1.76992989      0.630683243       5.98935457E-03
   1.78086495      0.614235520       5.92675665E-03
   1.79179990      0.609429479       5.92746818E-03
   1.80273747      0.609684467       5.94300125E-03
   1.81367254      0.588329494       5.89473080E-03
   1.82461011      0.578566968       5.88830467E-03
   1.83554745      0.565358758       5.84366266E-03
   1.84648252      0.546858549       5.79683855E-03
   1.85741997      0.549485266       5.79431886E-03
   1.86835492      0.533476472       5.77107258E-03
   1.87928998      0.528358221       5.74398460E-03
   1.89022756      0.518093288       5.71318390E-03
   1.90116251      0.512568951       5.69472462E-03
   1.91209996      0.492932498       5.67327254E-03
   1.92303491      0.486026466       5.63594326E-03
   1.93396997      0.489682257       5.64078288E-03
   1.94490743      0.475404263       5.60209760E-03
   1.95584500      0.459500998       5.58306184E-03
   1.96678007      0.453625500       5.58605557E-03
   1.97771752      0.452902257       5.57935517E-03
   1.98865247      0.445072740       5.55279944E-03
   1.99958992      0.443520755       5.52665163E-03
   2.01052499      0.433196008       5.51076280E-03
   2.02146006      0.419485480       5.50468406E-03
   2.03239751      0.414143264       5.48085198E-03
   2.04333258      0.412551731       5.47260558E-03
   2.05427027      0.401003242       5.43096149E-03
   2.06520510      0.395419508       5.44861797E-03
   2.07614017      0.384677738       5.40779252E-03
   2.08708000      0.389374763       5.42171299E-03
   2.09801483      0.373364508       5.38129406E-03
   2.10895014      0.364531487       5.36749838E-03
   2.11988759      0.373762995       5.36516029E-03
   2.13082242      0.360894501       5.34917135E-03
   2.14175987      0.355662763       5.32929692E-03
   2.15269494      0.348576993       5.30846464E-03
   2.16363001      0.347769022       5.28364163E-03
   2.17456746      0.343778491       5.27417753E-03
   2.18550253      0.332324982       5.26849879E-03
   2.19644022      0.320309490       5.23495954E-03
   2.20737767      0.318753511       5.22927521E-03
   2.21831250      0.315297008       5.21096541E-03
   2.22924995      0.307145238       5.20464359E-03
   2.24018502      0.314749479       5.22098877E-03
   2.25112009      0.302892268       5.16228285E-03
   2.26205754      0.306760758       5.17220749E-03
   2.27299237      0.287209243       5.14516281E-03
   2.28393006      0.285431743       5.12310676E-03
   2.29486513      0.283490777       5.12637291E-03
   2.30579996      0.280972749       5.11348573E-03
   2.31673741      0.270893484       5.07821050E-03
   2.32767487      0.264693260       5.04362863E-03
   2.33861017      0.256617755       5.06337918E-03
   2.34954762      0.270017236       5.08622965E-03
   2.36048245      0.255518019       5.06167207E-03
   2.37141991      0.259509742       5.03726304E-03
   2.38235497      0.241557255       5.01819933E-03
   2.39329004      0.240754768       5.01333596E-03
   2.40422750      0.239549756       5.01224026E-03
   2.41516256      0.244646251       4.99860942E-03
   2.42610025      0.239188746       4.96715168E-03
   2.43703508      0.238327503       4.95054899E-03
   2.44797015      0.236978263       4.97530214E-03
   2.45890999      0.229150504       4.95588640E-03
   2.46984506      0.227032244       4.94108442E-03
   2.48078012      0.219265744       4.92413901E-03
   2.49171758      0.224368498       4.92759002E-03
   2.50265241      0.218330249       4.91255010E-03
   2.51358986      0.212774992       4.90425434E-03
   2.52452517      0.216680005       4.89957910E-03
   2.53546000      0.218872502       4.90418263E-03
   2.54639745      0.207630247       4.89914929E-03
   2.55733252      0.209387243       4.86362446E-03
   2.56827021      0.200677499       4.85933479E-03
   2.57920504      0.198009014       4.99095349E-03
   2.59014249      0.201447755       6.06888626E-03
   2.60107994      0.210503995       6.97944639E-03
   2.61201501      0.196922004       7.27305980E-03
   2.62295008      0.195301011       5.78449713E-03
   2.63388753      0.205453247       5.43044368E-03
   2.64482236      0.194248766       5.32835070E-03
   2.65576005      0.202025250       5.28385630E-03
   2.66669512      0.195950001       5.23739262E-03
   2.67762995      0.195087999       5.21512330E-03
   2.68856740      0.194226250       5.17481333E-03
   2.69950485      0.193108499       5.16593689E-03
   2.71044016      0.191315487       5.08914283E-03
   2.72137761      0.190173253       4.96565457E-03
   2.73231244      0.193049759       4.94156685E-03
   2.74324989      0.184011251       4.89269244E-03
   2.75418496      0.186755002       4.92547220E-03
   2.76512003      0.190055490       4.92068240E-03
   2.77605748      0.195216998       4.87834774E-03
   2.78699255      0.190054253       4.89978073E-03
   2.79793024      0.190142751       4.91615757E-03
   2.80886507      0.195794746       4.90545761E-03
   2.81980014      0.191278249       4.89309989E-03
   2.83073974      0.192087248       4.89087170E-03
   2.84167480      0.186629489       4.87559289E-03
   2.85261011      0.194657490       4.88601113E-03
   2.86354756      0.185120493       4.88770986E-03
   2.87448239      0.194411993       4.87453165E-03
   2.88541985      0.193468496       4.89279861E-03
   2.89635515      0.195938244       4.86682216E-03
   2.90728998      0.199807733       4.87533351E-03
   2.91822743      0.192603245       4.85207047E-03
   2.92916250      0.200040236       4.87211999E-03
   2.94010019      0.188553259       4.83186170E-03
   2.95103502      0.201168507       4.88093449E-03
   2.96197248      0.188272998       4.84195352E-03
   2.97290993      0.194759995       4.87209810E-03
   2.98384500      0.196276993       4.86506941E-03
   2.99478006      0.198464513       4.84439731E-03
   3.00571752      0.203950763       4.85051516E-03
   3.01665258      0.192333490       4.81348485E-03
   3.02759004      0.194167510       4.83540678E-03
   3.03852510      0.194569498       4.82466398E-03
   3.04945993      0.203024507       4.84355353E-03
   3.06039739      0.188051999       4.83502401E-03
   3.07133245      0.192737997       4.81068436E-03
   3.08227015      0.191449240       4.80070710E-03
   3.09320760      0.193089247       4.81753144E-03
   3.10414243      0.196276754       4.81457822E-03
   3.11507988      0.190954506       4.81208228E-03
   3.12601495      0.192467511       4.80048591E-03
   3.13695002      0.187486261       4.78919130E-03
   3.14788747      0.184316248       4.79514385E-03
   3.15882254      0.193155751       4.77761403E-03
   3.16976023      0.188296005       4.79177665E-03
   3.18069506      0.192182764       4.78631910E-03
   3.19163013      0.193072006       4.78490489E-03
   3.20256996      0.185904995       4.77811648E-03
   3.21350479      0.192736745       4.76450520E-03
   3.22444010      0.184402496       4.75876220E-03
   3.23537755      0.187098503       4.76824306E-03
   3.24631238      0.183494985       4.75811632E-03
   3.25725007      0.185118258       4.74211341E-03
   3.26818514      0.185695753       4.74517141E-03
   3.27911997      0.188305497       4.75226529E-03
   3.29005742      0.181728259       4.73529100E-03
   3.30099249      0.178573236       4.73757228E-03
   3.31193018      0.175690249       4.74176463E-03
   3.32286501      0.181575000       4.73619159E-03
   3.33380246      0.171629503       4.73526819E-03
   3.34473991      0.185024008       4.73388378E-03
   3.35567498      0.178950503       4.72623948E-03
   3.36661005      0.169681251       4.70339693E-03
   3.37754750      0.173743486       4.69606929E-03
   3.38848257      0.167167008       4.69491305E-03
   3.39942026      0.178200006       4.72801132E-03
   3.41035509      0.171635985       4.71038138E-03
   3.42129016      0.165552258       4.69140848E-03
   3.43222737      0.167264760       4.68536420E-03
   3.44316244      0.167437762       4.68222238E-03
   3.45410013      0.169988751       4.68260702E-03
   3.46503758      0.155967996       4.68840403E-03
   3.47597241      0.156521752       4.66594892E-03
   3.48690987      0.164377496       4.67793131E-03
   3.49784493      0.167786494       4.68187686E-03
   3.50878000      0.161315501       4.67092358E-03
   3.51971745      0.151482254       4.65085823E-03
   3.53065252      0.152889758       4.65429667E-03
   3.54159021      0.162021995       4.66739107E-03
   3.55252504      0.155400753       4.65766247E-03
   3.56346011      0.157632992       4.66912147E-03
   3.57439995      0.159811750       4.64365026E-03
   3.58533502      0.164496005       4.65894165E-03
   3.59627008      0.153340250       4.64574946E-03
   3.60720754      0.151465997       4.62568225E-03
   3.61814237      0.153706506       4.64037154E-03
   3.62908006      0.153257251       4.64692852E-03
   3.64001513      0.152206495       4.63515893E-03
   3.65094995      0.158398241       4.64622816E-03
   3.66188741      0.151369005       4.65963408E-03
   3.67282248      0.151717246       4.62604081E-03
   3.68376017      0.142911255       4.63822717E-03
   3.69469500      0.147995502       4.65957168E-03
   3.70563245      0.146832243       4.64435155E-03
   3.71656990      0.153229743       4.64199949E-03
   3.72750497      0.154021010       4.67225816E-03
   3.73844004      0.154559255       4.63110255E-03
   3.74937749      0.138954252       4.60788095E-03
   3.76031256      0.142107502       4.62215021E-03
   3.77125025      0.146287501       4.63247905E-03
   3.78218508      0.148600504       4.63322131E-03
   3.79312015      0.151905239       4.63703973E-03
   3.80405736      0.154406250       4.63778805E-03
   3.81499243      0.153787494       4.62646829E-03
   3.82593012      0.145765752       4.61866707E-03
   3.83686757      0.143485248       4.63677198E-03
   3.84780240      0.143320993       4.60532540E-03
   3.85873985      0.152042747       4.64264723E-03
   3.86967516      0.154627994       4.62124357E-03
   3.88060999      0.150353000       4.64140251E-03
   3.89154744      0.149983257       4.64875251E-03
   3.90248251      0.148822010       4.61624004E-03
   3.91342020      0.145858496       4.63660900E-03
   3.92435503      0.150672510       4.62147174E-03
   3.93529010      0.151230007       5.09759551E-03
   3.94622755      0.156314507       6.50594430E-03
   3.95716500      0.155072004       7.57978298E-03
   3.96810007      0.148439497       5.61070628E-03
   3.97903752      0.158278495       5.17760031E-03
   3.98997235      0.152974010       5.08990092E-03
   4.00091028      0.149625748       5.04658697E-03
   4.01184464      0.156310752       4.96204337E-03
   4.02277994      0.151727751       4.83092712E-03
   4.03371716      0.153246254       4.70748963E-03
   4.04465246      0.160728246       4.67001274E-03
   4.05559015      0.151638001       4.64939466E-03
   4.06652498      0.147591248       4.63814335E-03
   4.07746220      0.154104754       4.65110317E-03
   4.08839989      0.158134490       4.66705719E-03
   4.09933472      0.152006000       4.66554007E-03
   4.11027002      0.159623742       4.65270225E-03
   4.12120724      0.161793500       4.63558780E-03
   4.13214254      0.160322994       4.64842189E-03
   4.14307976      0.165657505       4.65965504E-03
   4.15401459      0.163103253       4.65302682E-03
   4.16495037      0.161646754       4.63502854E-03
   4.17588711      0.160667509       4.65634605E-03
   4.18682241      0.163973257       4.66899155E-03
   4.19776011      0.151872247       4.66036843E-03
   4.20869732      0.160034999       4.64455830E-03
   4.21963263      0.155100495       4.64648195E-03
   4.23056984      0.151793495       4.64647170E-03
   4.24150467      0.160523757       4.65420354E-03
   4.25243998      0.157969996       4.63961018E-03
   4.26337719      0.165595502       4.66807652E-03
   4.27431250      0.163217008       4.65459237E-03
   4.28525019      0.159968257       4.62966971E-03
   4.29618502      0.164471999       4.63235006E-03
   4.30712032      0.160528243       4.63513145E-03
   4.31805706      0.167629004       4.64898441E-03
   4.32899475      0.153904498       4.63486603E-03
   4.33993006      0.152655751       4.62730834E-03
   4.35086727      0.165536255       4.63031512E-03
   4.36180258      0.160097748       4.63908026E-03
   4.37273979      0.169529513       4.63685580E-03
   4.38367462      0.160590753       4.64364700E-03
   4.39460993      0.160772234       4.62646363E-03
   4.40554714      0.164608002       4.64138994E-03
   4.41648245      0.164188236       4.64153988E-03
   4.42742014      0.163414255       4.63149138E-03
   4.43835497      0.166873753       4.62610880E-03
   4.44929028      0.165356502       4.64792363E-03
   4.46022987      0.160382494       4.59990697E-03
   4.47116470      0.158596992       4.61345911E-03
   4.48210001      0.169849247       4.63080825E-03
   4.49303722      0.171496749       4.64288285E-03
   4.50397253      0.171429247       4.63951984E-03
   4.51490974      0.165529996       4.64458298E-03
   4.52584505      0.167914242       4.64506447E-03
   4.53678036      0.163443744       4.64311941E-03
   4.54771709      0.169253990       4.63837991E-03
   4.55865240      0.170758754       4.63952683E-03
   4.56959009      0.167921990       4.61686030E-03
   4.58052731      0.164179996       4.63981042E-03
   4.59146261      0.162023753       4.64761537E-03
   4.60239983      0.165923506       4.64749057E-03
   4.61333466      0.160647988       4.62510390E-03
   4.62426996      0.160579249       4.61803284E-03
   4.63520718      0.167351007       4.63576987E-03
   4.64614248      0.164639756       4.62328130E-03
   4.65708017      0.163069248       4.61750384E-03
   4.66801500      0.159426242       4.60239174E-03
   4.67895031      0.154827997       4.60029067E-03
   4.68988752      0.164102003       4.63672588E-03
   4.70082474      0.166723743       4.64138202E-03
   4.71176004      0.166702241       4.65710694E-03
   4.72269726      0.166726738       4.66325786E-03
   4.73363256      0.159478754       4.63847304E-03
   4.74456978      0.156409994       4.66008112E-03
   4.75550461      0.161095753       4.66993870E-03
   4.76644039      0.168450013       4.67431732E-03
   4.77737713      0.167574003       4.66757314E-03
   4.78831244      0.160522252       4.66908421E-03
   4.79925013      0.160878494       4.66468465E-03
   4.81018496      0.169677496       4.68260003E-03
   4.82112026      0.169782996       4.67628939E-03
   4.83205986      0.163653001       4.67486121E-03
   4.84299469      0.164904252       4.68254928E-03
   4.85393000      0.163957745       4.66923742E-03
   4.86486721      0.163323253       4.68309131E-03
   4.87580252      0.168593496       4.66542412E-03
   4.88673973      0.164635494       4.70491499E-03
   4.89767504      0.162869498       4.68461309E-03
   4.90861034      0.172337502       4.69052186E-03
   4.91954708      0.165470511       4.68404824E-03
   4.93048239      0.170231745       4.70238226E-03
   4.94142008      0.169867992       4.72101476E-03
   4.95235538      0.173823506       4.70876740E-03
   4.96329260      0.172903746       4.70858533E-03
   4.97422981      0.166175246       4.70431056E-03
   4.98516464      0.168066010       4.72049927E-03
   4.99609995      0.168386757       4.70875762E-03
   5.00703716      0.172092751       4.72891144E-03
   5.01797247      0.158794999       4.71602520E-03
   5.02891016      0.166447252       4.72935895E-03
   5.03984499      0.171947256       4.71539469E-03
   5.05078030      0.166234002       4.73266281E-03
   5.06171751      0.171771497       4.74851765E-03
   5.07265472      0.175040498       4.75441990E-03
   5.08359003      0.170282751       4.75556962E-03
   5.09452724      0.166722745       4.73786751E-03
   5.10546255      0.174151495       4.77965223E-03
   5.11639977      0.174267486       4.74821776E-03
   5.12733459      0.165650994       4.74243751E-03
   5.13827038      0.164074749       4.74900519E-03
   5.14920712      0.176084504       4.77638515E-03
   5.16014242      0.169256762       4.78183432E-03
   5.17108011      0.167059749       4.79512056E-03
   5.18201542      0.162206993       4.77075763E-03
   5.19295025      0.174006253       4.82127490E-03
   5.20388985      0.173518240       4.79635363E-03
   5.21482468      0.181556493       4.81663970E-03
   5.22575998      0.172556490       4.79739811E-03
   5.23669720      0.178782001       4.82214941E-03
   5.24763250      0.165187001       4.81574098E-03
   5.25856972      0.174893498       4.82727541E-03
   5.26950502      0.178193748       4.82987147E-03
   5.28044033      0.179273516       4.82571078E-03
   5.29137707      0.186788008       6.42287359E-03
   5.30231237      0.165574759       7.94324093E-03
   5.31325006      0.169041008       6.82783732E-03
   5.32418537      0.190440506       5.43956831E-03
   5.33512259      0.177238256       5.30408369E-03
   5.34606028      0.172764495       5.20305056E-03
   5.35699463      0.177646995       4.95905988E-03
   5.36792994      0.176175252       4.81990632E-03
   5.37886715      0.182544500       4.83804382E-03
   5.38980246      0.182433754       4.82005905E-03
   5.40074015      0.171076506       4.83744266E-03
   5.41167450      0.179259986       4.85821487E-03
   5.42261028      0.165968746       4.82777506E-03
   5.43354750      0.172451243       4.84107481E-03
   5.44448233      0.179093733       4.84210765E-03
   5.45542002      0.174128741       4.84842714E-03
   5.46635723      0.175439253       4.85131517E-03
   5.47729254      0.177090004       4.82264208E-03
   5.48823023      0.176849753       4.84117074E-03
   5.49916458      0.180105984       4.84693749E-03
   5.51009989      0.182256758       4.84209368E-03
   5.52103710      0.173734009       4.87574982E-03
   5.53197241      0.181623012       6.10634871E-03
   5.54291010      0.175346509       5.15184272E-03
   5.55384541      0.175965250       5.05837658E-03
   5.56478024      0.178476989       4.99957800E-03
   5.57571983      0.179546490       5.00981882E-03
   5.58665466      0.173512995       4.88385838E-03
   5.59758997      0.171939999       4.87252092E-03
   5.60852718      0.174371749       4.86582518E-03
   5.61946249      0.181097746       4.85921139E-03
   5.63040018      0.174681008       4.86896001E-03
   5.64133453      0.178856239       4.85038897E-03
   5.65226984      0.174081504       4.84845415E-03
   5.66320753      0.178102255       4.86885058E-03
   5.67414236      0.176611513       4.85650450E-03
   5.68508005      0.176589519       4.88876365E-03
   5.69601536      0.186680734       4.88102669E-03
   5.70695257      0.171939254       4.88004554E-03
   5.71789026      0.179174751       4.87791095E-03
   5.72882462      0.169931993       4.89079393E-03
   5.73975992      0.176069990       4.87924693E-03
   5.75069714      0.177509487       4.89229942E-03
   5.76163244      0.174785748       4.92474390E-03
   5.77257013      0.175064996       4.90494585E-03
   5.78350449      0.177098989       4.89844894E-03
   5.79444027      0.177448750       4.89640282E-03
   5.80537748      0.170398235       4.88645490E-03
   5.81631231      0.173574254       4.88066860E-03
   5.82725000      0.177370504       4.90770955E-03
   5.83818722      0.174790740       4.90177656E-03
   5.84912252      0.173042506       4.91734082E-03
   5.86006021      0.171061248       4.93715331E-03
   5.87099457      0.168304250       4.90349019E-03
   5.88192987      0.162494257       4.92478581E-03
   5.89286709      0.169926748       4.91573522E-03
   5.90380239      0.166737497       4.93271975E-03
   5.91474009      0.182485759       4.96739289E-03
   5.92567539      0.170831010       4.93289158E-03
   5.93661022      0.175431997       4.92329570E-03
   5.94754982      0.168159008       4.95877815E-03
   5.95848465      0.167189494       4.94969264E-03
   5.96941996      0.170018494       5.60343731E-03
   5.98035717      0.168372750       7.77000049E-03
   5.99129248      0.150463507       9.65335313E-03
   6.00223017      0.177033514       1.28652407E-02
   6.01316452      0.154891491       2.53512114E-02
