  0.925932E-01  0.259202E+02  0.752341E+00
  0.953273E-01  0.265362E+02  0.680679E+00
  0.980613E-01  0.266259E+02  0.597201E+00
  0.100795E+00  0.259707E+02  0.550054E+00
  0.103529E+00  0.258840E+02  0.496938E+00
  0.106263E+00  0.257298E+02  0.468773E+00
  0.108998E+00  0.263094E+02  0.420658E+00
  0.111732E+00  0.259329E+02  0.394461E+00
  0.114466E+00  0.258897E+02  0.373663E+00
  0.117200E+00  0.261036E+02  0.345642E+00
  0.119934E+00  0.261631E+02  0.324650E+00
  0.122668E+00  0.258840E+02  0.302111E+00
  0.125402E+00  0.257115E+02  0.287109E+00
  0.128136E+00  0.258027E+02  0.277438E+00
  0.130870E+00  0.256805E+02  0.258077E+00
  0.133604E+00  0.260235E+02  0.251041E+00
  0.136338E+00  0.257483E+02  0.234838E+00
  0.139072E+00  0.259265E+02  0.227174E+00
  0.141806E+00  0.258509E+02  0.216989E+00
  0.144540E+00  0.260145E+02  0.210893E+00
  0.147274E+00  0.259165E+02  0.205694E+00
  0.150008E+00  0.260292E+02  0.195161E+00
  0.152742E+00  0.258841E+02  0.191090E+00
  0.155476E+00  0.261698E+02  0.183065E+00
  0.158210E+00  0.261176E+02  0.180326E+00
  0.160944E+00  0.262799E+02  0.173832E+00
  0.163678E+00  0.263488E+02  0.170551E+00
  0.166412E+00  0.263316E+02  0.166139E+00
  0.169146E+00  0.263780E+02  0.162092E+00
  0.171881E+00  0.265009E+02  0.160271E+00
  0.174615E+00  0.265097E+02  0.156189E+00
  0.177349E+00  0.264960E+02  0.153419E+00
  0.180083E+00  0.265210E+02  0.149440E+00
  0.182817E+00  0.266464E+02  0.148550E+00
  0.185551E+00  0.267509E+02  0.147066E+00
  0.188285E+00  0.268212E+02  0.143432E+00
  0.191019E+00  0.269034E+02  0.141583E+00
  0.193753E+00  0.269902E+02  0.140897E+00
  0.196487E+00  0.271710E+02  0.139250E+00
  0.199221E+00  0.271023E+02  0.138742E+00
  0.201955E+00  0.271796E+02  0.134740E+00
  0.204689E+00  0.274858E+02  0.136052E+00
  0.207423E+00  0.275133E+02  0.134486E+00
  0.210157E+00  0.274488E+02  0.133914E+00
  0.212891E+00  0.277704E+02  0.132893E+00
  0.215625E+00  0.276256E+02  0.130905E+00
  0.218359E+00  0.279394E+02  0.132372E+00
  0.221093E+00  0.279699E+02  0.130075E+00
  0.223827E+00  0.280975E+02  0.129982E+00
  0.226561E+00  0.282530E+02  0.129921E+00
  0.229295E+00  0.281734E+02  0.128541E+00
  0.232029E+00  0.286754E+02  0.130600E+00
  0.234764E+00  0.286386E+02  0.128135E+00
  0.237498E+00  0.289249E+02  0.130475E+00
  0.240232E+00  0.288457E+02  0.128601E+00
  0.242966E+00  0.288780E+02  0.128475E+00
  0.245700E+00  0.289409E+02  0.128871E+00
  0.248434E+00  0.290356E+02  0.126905E+00
  0.251168E+00  0.292167E+02  0.128604E+00
  0.253902E+00  0.292693E+02  0.127953E+00
  0.256636E+00  0.293591E+02  0.127451E+00
  0.259370E+00  0.295516E+02  0.127987E+00
  0.262104E+00  0.296516E+02  0.127210E+00
  0.264838E+00  0.298128E+02  0.128697E+00
  0.267572E+00  0.297710E+02  0.127330E+00
  0.270306E+00  0.299221E+02  0.127289E+00
  0.273040E+00  0.300165E+02  0.127740E+00
  0.275774E+00  0.300395E+02  0.126447E+00
  0.278508E+00  0.301907E+02  0.128110E+00
  0.281242E+00  0.301716E+02  0.126290E+00
  0.283976E+00  0.304227E+02  0.127600E+00
  0.286710E+00  0.304235E+02  0.127368E+00
  0.289444E+00  0.304860E+02  0.126766E+00
  0.292178E+00  0.306645E+02  0.127709E+00
  0.294912E+00  0.306463E+02  0.126655E+00
  0.297647E+00  0.306792E+02  0.126898E+00
  0.300381E+00  0.309023E+02  0.127707E+00
  0.303115E+00  0.310452E+02  0.127558E+00
  0.305849E+00  0.310092E+02  0.127083E+00
  0.308583E+00  0.310356E+02  0.127080E+00
  0.311317E+00  0.312034E+02  0.127374E+00
  0.314051E+00  0.312714E+02  0.127787E+00
  0.316785E+00  0.314413E+02  0.127376E+00
  0.319519E+00  0.313791E+02  0.127508E+00
  0.322253E+00  0.314743E+02  0.127851E+00
  0.324987E+00  0.315929E+02  0.127836E+00
  0.327721E+00  0.316476E+02  0.127561E+00
  0.330455E+00  0.316537E+02  0.127564E+00
  0.333189E+00  0.317448E+02  0.128030E+00
  0.335923E+00  0.316473E+02  0.127714E+00
  0.338657E+00  0.318103E+02  0.127744E+00
  0.341391E+00  0.318992E+02  0.127658E+00
  0.344125E+00  0.318835E+02  0.128019E+00
  0.346859E+00  0.320329E+02  0.128553E+00
  0.349593E+00  0.320426E+02  0.128938E+00
  0.352327E+00  0.321867E+02  0.128630E+00
  0.355061E+00  0.321820E+02  0.128610E+00
  0.357795E+00  0.322365E+02  0.128865E+00
  0.360530E+00  0.323767E+02  0.129519E+00
  0.363264E+00  0.323079E+02  0.129317E+00
  0.365998E+00  0.323190E+02  0.128682E+00
  0.368732E+00  0.323682E+02  0.129224E+00
  0.371466E+00  0.324656E+02  0.129977E+00
  0.374200E+00  0.324631E+02  0.129012E+00
  0.376934E+00  0.324156E+02  0.129258E+00
  0.379668E+00  0.325551E+02  0.129567E+00
  0.382402E+00  0.325004E+02  0.129354E+00
  0.385136E+00  0.324799E+02  0.129503E+00
  0.387870E+00  0.324094E+02  0.128722E+00
  0.390604E+00  0.325157E+02  0.129394E+00
  0.393338E+00  0.324119E+02  0.128768E+00
  0.396072E+00  0.324198E+02  0.128998E+00
  0.398806E+00  0.326037E+02  0.129068E+00
  0.401540E+00  0.325839E+02  0.129399E+00
  0.404274E+00  0.325762E+02  0.129585E+00
  0.407008E+00  0.325306E+02  0.129019E+00
  0.409742E+00  0.324410E+02  0.128527E+00
  0.412476E+00  0.323296E+02  0.128115E+00
  0.415210E+00  0.321995E+02  0.127818E+00
  0.417944E+00  0.322185E+02  0.128131E+00
  0.420678E+00  0.322041E+02  0.127270E+00
  0.423413E+00  0.321041E+02  0.127535E+00
  0.426147E+00  0.319651E+02  0.126213E+00
  0.428881E+00  0.320461E+02  0.127066E+00
  0.431615E+00  0.319477E+02  0.126570E+00
  0.434349E+00  0.318602E+02  0.125900E+00
  0.437083E+00  0.318054E+02  0.126269E+00
  0.439817E+00  0.316311E+02  0.125099E+00
  0.442551E+00  0.315957E+02  0.125201E+00
  0.445285E+00  0.316167E+02  0.124687E+00
  0.448019E+00  0.314827E+02  0.124630E+00
  0.450753E+00  0.313120E+02  0.124111E+00
  0.453487E+00  0.312275E+02  0.123474E+00
  0.456221E+00  0.311187E+02  0.123259E+00
  0.458955E+00  0.309615E+02  0.122296E+00
  0.461689E+00  0.308595E+02  0.122364E+00
  0.464423E+00  0.308145E+02  0.122157E+00
  0.467157E+00  0.306820E+02  0.121081E+00
  0.469891E+00  0.306522E+02  0.121460E+00
  0.472625E+00  0.304776E+02  0.120600E+00
  0.475359E+00  0.303478E+02  0.120133E+00
  0.478093E+00  0.303363E+02  0.119906E+00
  0.480827E+00  0.301731E+02  0.119250E+00
  0.483561E+00  0.299664E+02  0.118834E+00
  0.486296E+00  0.298300E+02  0.118109E+00
  0.489030E+00  0.296969E+02  0.117777E+00
  0.491764E+00  0.295706E+02  0.116949E+00
  0.494498E+00  0.293330E+02  0.116095E+00
  0.497232E+00  0.291817E+02  0.115810E+00
  0.499966E+00  0.289989E+02  0.114917E+00
  0.502700E+00  0.289321E+02  0.114504E+00
  0.505434E+00  0.286988E+02  0.113756E+00
  0.508168E+00  0.288818E+02  0.114502E+00
  0.510902E+00  0.285434E+02  0.113341E+00
  0.513636E+00  0.284454E+02  0.112649E+00
  0.516370E+00  0.283805E+02  0.112676E+00
  0.519104E+00  0.282690E+02  0.112235E+00
  0.521838E+00  0.281827E+02  0.112053E+00
  0.524572E+00  0.278206E+02  0.110730E+00
  0.527306E+00  0.278492E+02  0.110518E+00
  0.530040E+00  0.276808E+02  0.110125E+00
  0.532774E+00  0.273295E+02  0.108518E+00
  0.535508E+00  0.274391E+02  0.109124E+00
  0.538242E+00  0.272255E+02  0.108507E+00
  0.540976E+00  0.271373E+02  0.107938E+00
  0.543710E+00  0.267597E+02  0.106731E+00
  0.546445E+00  0.265893E+02  0.105986E+00
  0.549179E+00  0.264600E+02  0.105536E+00
  0.551913E+00  0.260329E+02  0.103806E+00
  0.554647E+00  0.259211E+02  0.103587E+00
  0.557381E+00  0.256893E+02  0.102831E+00
  0.560115E+00  0.257356E+02  0.102495E+00
  0.562849E+00  0.254388E+02  0.101572E+00
  0.565583E+00  0.250656E+02  0.100276E+00
  0.568317E+00  0.250127E+02  0.100290E+00
  0.571051E+00  0.248046E+02  0.992529E-01
  0.573785E+00  0.246813E+02  0.988417E-01
  0.576519E+00  0.243492E+02  0.976006E-01
  0.579253E+00  0.242846E+02  0.975089E-01
  0.581987E+00  0.241679E+02  0.968201E-01
  0.584721E+00  0.239675E+02  0.963962E-01
  0.587455E+00  0.238610E+02  0.958804E-01
  0.590189E+00  0.235024E+02  0.945291E-01
  0.592923E+00  0.233267E+02  0.940709E-01
  0.595657E+00  0.230896E+02  0.929263E-01
  0.598391E+00  0.229354E+02  0.924088E-01
  0.601125E+00  0.227478E+02  0.918385E-01
  0.603859E+00  0.225073E+02  0.908877E-01
  0.606593E+00  0.223697E+02  0.902325E-01
  0.609328E+00  0.222469E+02  0.899994E-01
  0.612062E+00  0.219966E+02  0.889389E-01
  0.614796E+00  0.217864E+02  0.884070E-01
  0.617530E+00  0.216289E+02  0.875672E-01
  0.620264E+00  0.214388E+02  0.871212E-01
  0.622998E+00  0.212220E+02  0.862169E-01
  0.625732E+00  0.209400E+02  0.852341E-01
  0.628466E+00  0.207477E+02  0.842706E-01
  0.631200E+00  0.206507E+02  0.838493E-01
  0.633934E+00  0.203587E+02  0.832235E-01
  0.636668E+00  0.200834E+02  0.820595E-01
  0.639402E+00  0.198998E+02  0.813556E-01
  0.642136E+00  0.197202E+02  0.805529E-01
  0.644870E+00  0.196640E+02  0.803065E-01
  0.647604E+00  0.193285E+02  0.793533E-01
  0.650338E+00  0.191948E+02  0.786991E-01
  0.653072E+00  0.189501E+02  0.776559E-01
  0.655806E+00  0.188528E+02  0.776851E-01
  0.658540E+00  0.185939E+02  0.763346E-01
  0.661274E+00  0.185540E+02  0.766155E-01
  0.664008E+00  0.181776E+02  0.747689E-01
  0.666742E+00  0.180911E+02  0.745158E-01
  0.669476E+00  0.179028E+02  0.739621E-01
  0.672211E+00  0.176936E+02  0.731771E-01
  0.674945E+00  0.175251E+02  0.727653E-01
  0.677679E+00  0.172481E+02  0.712965E-01
  0.680413E+00  0.171672E+02  0.713653E-01
  0.683147E+00  0.169943E+02  0.707686E-01
  0.685881E+00  0.167955E+02  0.698863E-01
  0.688615E+00  0.165990E+02  0.693567E-01
  0.691349E+00  0.164014E+02  0.684376E-01
  0.694083E+00  0.162952E+02  0.681405E-01
  0.696817E+00  0.160381E+02  0.670630E-01
  0.699551E+00  0.158891E+02  0.663668E-01
  0.702285E+00  0.157173E+02  0.659936E-01
  0.705019E+00  0.155348E+02  0.653625E-01
  0.707753E+00  0.153799E+02  0.648651E-01
  0.710487E+00  0.151379E+02  0.636573E-01
  0.713221E+00  0.150896E+02  0.636079E-01
  0.715955E+00  0.148984E+02  0.630454E-01
  0.718689E+00  0.147242E+02  0.623683E-01
  0.721423E+00  0.145954E+02  0.618913E-01
  0.724157E+00  0.143603E+02  0.609793E-01
  0.726891E+00  0.141677E+02  0.601608E-01
  0.729625E+00  0.141063E+02  0.600036E-01
  0.732359E+00  0.138896E+02  0.592389E-01
  0.735094E+00  0.137065E+02  0.585389E-01
  0.737828E+00  0.135290E+02  0.576705E-01
  0.740562E+00  0.133904E+02  0.574364E-01
  0.743296E+00  0.132570E+02  0.569388E-01
  0.746030E+00  0.130748E+02  0.560735E-01
  0.748764E+00  0.128889E+02  0.554035E-01
  0.751498E+00  0.128408E+02  0.553671E-01
  0.754232E+00  0.126096E+02  0.545778E-01
  0.756966E+00  0.124668E+02  0.539196E-01
  0.759700E+00  0.123565E+02  0.535923E-01
  0.762434E+00  0.122461E+02  0.531828E-01
  0.765168E+00  0.121231E+02  0.527095E-01
  0.767902E+00  0.119688E+02  0.521738E-01
  0.770636E+00  0.118072E+02  0.515300E-01
  0.773370E+00  0.116885E+02  0.512026E-01
  0.776104E+00  0.115698E+02  0.507232E-01
  0.778838E+00  0.114046E+02  0.500557E-01
  0.781572E+00  0.112227E+02  0.492751E-01
  0.784306E+00  0.111595E+02  0.491716E-01
  0.787040E+00  0.110172E+02  0.487302E-01
  0.789774E+00  0.108792E+02  0.481567E-01
  0.792508E+00  0.107648E+02  0.477195E-01
  0.795242E+00  0.107065E+02  0.475858E-01
  0.797977E+00  0.104816E+02  0.468433E-01
  0.800711E+00  0.103815E+02  0.468148E-01
  0.803445E+00  0.102667E+02  0.460143E-01
  0.806179E+00  0.101255E+02  0.458203E-01
  0.808913E+00  0.998048E+01  0.452401E-01
  0.811647E+00  0.983329E+01  0.448713E-01
  0.814381E+00  0.972313E+01  0.442903E-01
  0.817115E+00  0.960942E+01  0.439277E-01
  0.819849E+00  0.951041E+01  0.437944E-01
  0.822583E+00  0.933765E+01  0.431592E-01
  0.825317E+00  0.923749E+01  0.427726E-01
  0.828051E+00  0.907032E+01  0.421765E-01
  0.830785E+00  0.896443E+01  0.416156E-01
  0.833519E+00  0.890921E+01  0.418068E-01
  0.836253E+00  0.876475E+01  0.411174E-01
  0.838987E+00  0.869383E+01  0.408777E-01
  0.841721E+00  0.862162E+01  0.408261E-01
  0.844455E+00  0.846289E+01  0.400603E-01
  0.847189E+00  0.833808E+01  0.398118E-01
  0.849923E+00  0.824020E+01  0.390907E-01
  0.852657E+00  0.812328E+01  0.390505E-01
  0.855391E+00  0.803262E+01  0.386495E-01
  0.858125E+00  0.802484E+01  0.387404E-01
  0.860860E+00  0.786772E+01  0.381227E-01
  0.863594E+00  0.774559E+01  0.375364E-01
  0.866328E+00  0.763526E+01  0.373047E-01
  0.869062E+00  0.756312E+01  0.370937E-01
  0.871796E+00  0.745219E+01  0.366404E-01
  0.874530E+00  0.735333E+01  0.362871E-01
  0.877264E+00  0.724393E+01  0.359476E-01
  0.879998E+00  0.720539E+01  0.359074E-01
  0.882732E+00  0.709392E+01  0.355254E-01
  0.885466E+00  0.702729E+01  0.351366E-01
  0.888200E+00  0.690739E+01  0.347709E-01
  0.890934E+00  0.682383E+01  0.344708E-01
  0.893668E+00  0.668996E+01  0.341042E-01
  0.896402E+00  0.668006E+01  0.340173E-01
  0.899136E+00  0.655075E+01  0.334416E-01
  0.901870E+00  0.646949E+01  0.331963E-01
  0.904604E+00  0.638965E+01  0.330613E-01
  0.907338E+00  0.632855E+01  0.327091E-01
  0.910072E+00  0.620445E+01  0.324534E-01
  0.912806E+00  0.612834E+01  0.320668E-01
  0.915540E+00  0.608684E+01  0.317616E-01
  0.918274E+00  0.602962E+01  0.318659E-01
  0.921009E+00  0.594293E+01  0.315346E-01
  0.923743E+00  0.586014E+01  0.311508E-01
  0.926477E+00  0.579614E+01  0.310738E-01
  0.929211E+00  0.569060E+01  0.302795E-01
  0.931945E+00  0.564556E+01  0.304270E-01
  0.934679E+00  0.558001E+01  0.301743E-01
  0.937413E+00  0.552233E+01  0.300194E-01
  0.940147E+00  0.543885E+01  0.297917E-01
  0.942881E+00  0.541512E+01  0.294979E-01
  0.945615E+00  0.530871E+01  0.293398E-01
  0.948349E+00  0.524100E+01  0.288583E-01
  0.951083E+00  0.514544E+01  0.287223E-01
  0.953817E+00  0.509609E+01  0.284917E-01
  0.956551E+00  0.504126E+01  0.283656E-01
  0.959285E+00  0.501648E+01  0.283534E-01
  0.962019E+00  0.489061E+01  0.276925E-01
  0.964753E+00  0.483789E+01  0.276027E-01
  0.967487E+00  0.479125E+01  0.273598E-01
  0.970221E+00  0.473329E+01  0.271894E-01
  0.972955E+00  0.471014E+01  0.271687E-01
  0.975689E+00  0.458963E+01  0.266579E-01
  0.978423E+00  0.460192E+01  0.269592E-01
  0.981157E+00  0.449911E+01  0.262564E-01
  0.983892E+00  0.445918E+01  0.264576E-01
  0.986626E+00  0.437476E+01  0.260356E-01
  0.989360E+00  0.437174E+01  0.259996E-01
  0.992094E+00  0.429636E+01  0.258422E-01
  0.994828E+00  0.424363E+01  0.254594E-01
  0.997562E+00  0.419010E+01  0.253209E-01
  0.100030E+01  0.409602E+01  0.248126E-01
  0.100303E+01  0.402986E+01  0.248180E-01
  0.100576E+01  0.402723E+01  0.247003E-01
  0.100850E+01  0.399896E+01  0.247051E-01
  0.101123E+01  0.397024E+01  0.246252E-01
  0.101397E+01  0.387419E+01  0.241303E-01
  0.101670E+01  0.383088E+01  0.242302E-01
  0.101943E+01  0.383733E+01  0.241936E-01
  0.102217E+01  0.377531E+01  0.238317E-01
  0.102490E+01  0.372621E+01  0.238105E-01
  0.102764E+01  0.362427E+01  0.231199E-01
  0.103037E+01  0.360593E+01  0.234625E-01
  0.103310E+01  0.358129E+01  0.232127E-01
  0.103584E+01  0.354578E+01  0.231418E-01
  0.103857E+01  0.347774E+01  0.229331E-01
  0.104131E+01  0.346236E+01  0.227697E-01
  0.104404E+01  0.344272E+01  0.229205E-01
  0.104677E+01  0.337347E+01  0.223280E-01
  0.104951E+01  0.332127E+01  0.222523E-01
  0.105224E+01  0.328224E+01  0.222185E-01
  0.105498E+01  0.324472E+01  0.220204E-01
  0.105771E+01  0.321822E+01  0.219773E-01
  0.106044E+01  0.318820E+01  0.217417E-01
  0.106318E+01  0.310928E+01  0.216477E-01
  0.106591E+01  0.310133E+01  0.214046E-01
  0.106865E+01  0.306086E+01  0.212417E-01
  0.107138E+01  0.303452E+01  0.213843E-01
  0.107411E+01  0.300488E+01  0.209424E-01
  0.107685E+01  0.293957E+01  0.210709E-01
  0.107958E+01  0.293633E+01  0.207296E-01
  0.108232E+01  0.291282E+01  0.207613E-01
  0.108505E+01  0.289216E+01  0.208162E-01
  0.108779E+01  0.284743E+01  0.205149E-01
  0.109052E+01  0.282354E+01  0.207007E-01
  0.109325E+01  0.280730E+01  0.202008E-01
  0.109599E+01  0.274586E+01  0.202312E-01
  0.109872E+01  0.273253E+01  0.202551E-01
  0.110146E+01  0.269877E+01  0.200505E-01
  0.110419E+01  0.266895E+01  0.199906E-01
  0.110692E+01  0.263125E+01  0.198075E-01
  0.110966E+01  0.258166E+01  0.196318E-01
  0.111239E+01  0.258327E+01  0.197295E-01
  0.111513E+01  0.252909E+01  0.193230E-01
  0.111786E+01  0.253158E+01  0.195014E-01
  0.112059E+01  0.247513E+01  0.191969E-01
  0.112333E+01  0.247491E+01  0.192984E-01
  0.112606E+01  0.245200E+01  0.192334E-01
  0.112880E+01  0.240898E+01  0.188828E-01
  0.113153E+01  0.240364E+01  0.190346E-01
  0.113426E+01  0.237630E+01  0.188753E-01
  0.113700E+01  0.234927E+01  0.187279E-01
  0.113973E+01  0.230754E+01  0.185565E-01
  0.114247E+01  0.230310E+01  0.186412E-01
  0.114520E+01  0.229146E+01  0.185168E-01
  0.114793E+01  0.225007E+01  0.185056E-01
  0.115067E+01  0.226159E+01  0.184772E-01
  0.115340E+01  0.219973E+01  0.183228E-01
  0.115614E+01  0.217412E+01  0.181647E-01
  0.115887E+01  0.215685E+01  0.180850E-01
  0.116160E+01  0.214707E+01  0.180591E-01
  0.116434E+01  0.213417E+01  0.180033E-01
  0.116707E+01  0.211181E+01  0.179984E-01
  0.116981E+01  0.210256E+01  0.178301E-01
  0.117254E+01  0.206745E+01  0.177501E-01
  0.117527E+01  0.205303E+01  0.176712E-01
  0.117801E+01  0.199809E+01  0.175325E-01
  0.118074E+01  0.197778E+01  0.175073E-01
  0.118348E+01  0.199704E+01  0.174945E-01
  0.118621E+01  0.196918E+01  0.173716E-01
  0.118894E+01  0.196800E+01  0.173665E-01
  0.119168E+01  0.196000E+01  0.173476E-01
  0.119441E+01  0.190894E+01  0.173090E-01
  0.119715E+01  0.191492E+01  0.171497E-01
  0.119988E+01  0.188978E+01  0.171299E-01
  0.120262E+01  0.188563E+01  0.170344E-01
  0.120535E+01  0.185878E+01  0.168610E-01
  0.120808E+01  0.182141E+01  0.168174E-01
  0.121082E+01  0.181899E+01  0.168597E-01
  0.121355E+01  0.182028E+01  0.170005E-01
  0.121629E+01  0.180355E+01  0.168183E-01
  0.121902E+01  0.178313E+01  0.166289E-01
  0.122175E+01  0.175766E+01  0.166413E-01
  0.122449E+01  0.175694E+01  0.165815E-01
  0.122722E+01  0.175698E+01  0.166441E-01
  0.122996E+01  0.172128E+01  0.174404E-01
  0.123269E+01  0.173938E+01  0.178293E-01
  0.123816E+01  0.173143E+01  0.182237E-01
  0.124089E+01  0.169789E+01  0.185155E-01
  0.124363E+01  0.168364E+01  0.189461E-01
  0.124636E+01  0.166560E+01  0.190443E-01
  0.124909E+01  0.168476E+01  0.193381E-01
  0.125183E+01  0.166977E+01  0.196083E-01
  0.125456E+01  0.164222E+01  0.193364E-01
  0.125730E+01  0.161872E+01  0.196093E-01
  0.126003E+01  0.166207E+01  0.202174E-01
  0.126276E+01  0.161834E+01  0.203534E-01
  0.126550E+01  0.156768E+01  0.183985E-01
  0.126823E+01  0.158191E+01  0.179799E-01
  0.127097E+01  0.158842E+01  0.176846E-01
  0.127370E+01  0.155642E+01  0.174395E-01
  0.127643E+01  0.152654E+01  0.169279E-01
  0.127917E+01  0.152844E+01  0.169743E-01
  0.128190E+01  0.151862E+01  0.167044E-01
  0.128464E+01  0.152784E+01  0.166825E-01
  0.128737E+01  0.147102E+01  0.164921E-01
  0.129010E+01  0.146199E+01  0.162924E-01
  0.129284E+01  0.145866E+01  0.161132E-01
  0.129557E+01  0.146069E+01  0.160891E-01
  0.129831E+01  0.141283E+01  0.158090E-01
  0.130104E+01  0.144186E+01  0.159416E-01
  0.130377E+01  0.142032E+01  0.156165E-01
  0.130651E+01  0.140569E+01  0.155729E-01
  0.130924E+01  0.141970E+01  0.158159E-01
  0.131198E+01  0.139011E+01  0.156391E-01
  0.131471E+01  0.140052E+01  0.154651E-01
  0.131744E+01  0.136944E+01  0.153380E-01
  0.132018E+01  0.136306E+01  0.154026E-01
  0.132291E+01  0.136196E+01  0.155505E-01
  0.132565E+01  0.136821E+01  0.153399E-01
  0.132838E+01  0.132041E+01  0.151282E-01
  0.133112E+01  0.131078E+01  0.151548E-01
  0.133385E+01  0.135815E+01  0.153281E-01
  0.133658E+01  0.131585E+01  0.153526E-01
  0.133932E+01  0.132112E+01  0.149775E-01
  0.134205E+01  0.130694E+01  0.151887E-01
  0.134479E+01  0.128551E+01  0.151279E-01
  0.134752E+01  0.131748E+01  0.152193E-01
  0.135025E+01  0.129696E+01  0.151060E-01
  0.135299E+01  0.128073E+01  0.150702E-01
  0.135572E+01  0.126572E+01  0.149911E-01
  0.135846E+01  0.125420E+01  0.149790E-01
  0.136119E+01  0.125684E+01  0.147734E-01
  0.136392E+01  0.122251E+01  0.148777E-01
  0.136666E+01  0.124958E+01  0.148999E-01
  0.136939E+01  0.123079E+01  0.148316E-01
  0.137213E+01  0.122235E+01  0.146676E-01
  0.137486E+01  0.121542E+01  0.147056E-01
  0.137759E+01  0.123524E+01  0.147948E-01
  0.138033E+01  0.122278E+01  0.147520E-01
  0.138306E+01  0.120275E+01  0.147467E-01
  0.138580E+01  0.117994E+01  0.145011E-01
  0.138853E+01  0.118768E+01  0.145554E-01
  0.139126E+01  0.119635E+01  0.146418E-01
  0.139400E+01  0.118451E+01  0.144161E-01
  0.139673E+01  0.120466E+01  0.147978E-01
  0.139947E+01  0.118379E+01  0.145636E-01
  0.140220E+01  0.118469E+01  0.145644E-01
  0.140493E+01  0.113149E+01  0.143980E-01
  0.140767E+01  0.116227E+01  0.144139E-01
  0.141040E+01  0.112064E+01  0.143739E-01
  0.141314E+01  0.116323E+01  0.145404E-01
  0.141587E+01  0.114681E+01  0.144230E-01
  0.141860E+01  0.111671E+01  0.143631E-01
  0.142134E+01  0.112694E+01  0.143293E-01
  0.142407E+01  0.113814E+01  0.144218E-01
  0.142681E+01  0.112163E+01  0.143373E-01
  0.142954E+01  0.111513E+01  0.142506E-01
  0.143227E+01  0.110516E+01  0.141289E-01
  0.143501E+01  0.110799E+01  0.142805E-01
  0.143774E+01  0.110256E+01  0.141830E-01
  0.144048E+01  0.108442E+01  0.141265E-01
  0.144321E+01  0.109080E+01  0.140397E-01
  0.144594E+01  0.108098E+01  0.141638E-01
  0.144868E+01  0.108201E+01  0.141676E-01
  0.145141E+01  0.105748E+01  0.140937E-01
  0.145415E+01  0.106866E+01  0.139899E-01
  0.145688E+01  0.106718E+01  0.140658E-01
  0.145962E+01  0.106477E+01  0.141031E-01
  0.146235E+01  0.105116E+01  0.139042E-01
  0.146508E+01  0.105854E+01  0.140387E-01
  0.146782E+01  0.104886E+01  0.139335E-01
  0.147055E+01  0.104716E+01  0.137799E-01
  0.147329E+01  0.103663E+01  0.137622E-01
  0.147602E+01  0.103322E+01  0.137628E-01
  0.147875E+01  0.102016E+01  0.135924E-01
  0.148149E+01  0.100476E+01  0.135952E-01
  0.148422E+01  0.102455E+01  0.136240E-01
  0.148696E+01  0.101816E+01  0.136903E-01
  0.148969E+01  0.101541E+01  0.134436E-01
  0.149242E+01  0.102354E+01  0.136035E-01
  0.149516E+01  0.984916E+00  0.134920E-01
  0.149789E+01  0.988410E+00  0.134501E-01
  0.150063E+01  0.984553E+00  0.134266E-01
  0.150336E+01  0.971368E+00  0.134166E-01
  0.150609E+01  0.975809E+00  0.135143E-01
  0.150883E+01  0.969418E+00  0.133821E-01
  0.151156E+01  0.964617E+00  0.134217E-01
  0.151430E+01  0.972023E+00  0.133486E-01
  0.151703E+01  0.965493E+00  0.135027E-01
  0.151976E+01  0.956306E+00  0.132424E-01
  0.152250E+01  0.958920E+00  0.133660E-01
  0.152523E+01  0.965451E+00  0.133071E-01
  0.152797E+01  0.953054E+00  0.133574E-01
  0.153070E+01  0.938948E+00  0.132658E-01
  0.153343E+01  0.948077E+00  0.133748E-01
  0.153617E+01  0.945498E+00  0.132690E-01
  0.153890E+01  0.919186E+00  0.131040E-01
  0.154164E+01  0.928112E+00  0.133146E-01
  0.154437E+01  0.916716E+00  0.131423E-01
  0.154710E+01  0.917290E+00  0.131379E-01
  0.154984E+01  0.929185E+00  0.133200E-01
  0.155257E+01  0.908240E+00  0.132680E-01
  0.155531E+01  0.889685E+00  0.130721E-01
  0.155804E+01  0.914766E+00  0.132254E-01
  0.156077E+01  0.899625E+00  0.130814E-01
  0.156351E+01  0.910673E+00  0.132593E-01
  0.156624E+01  0.880355E+00  0.131167E-01
  0.156898E+01  0.887700E+00  0.129565E-01
  0.157171E+01  0.887016E+00  0.130307E-01
  0.157444E+01  0.867209E+00  0.130759E-01
  0.157718E+01  0.858972E+00  0.130463E-01
  0.157991E+01  0.881981E+00  0.130187E-01
  0.158265E+01  0.881149E+00  0.129591E-01
  0.158538E+01  0.860094E+00  0.129474E-01
  0.158812E+01  0.853648E+00  0.129298E-01
  0.159085E+01  0.833822E+00  0.127793E-01
  0.159358E+01  0.853182E+00  0.128616E-01
  0.159632E+01  0.843056E+00  0.128186E-01
  0.159905E+01  0.845969E+00  0.128535E-01
  0.160179E+01  0.834440E+00  0.128930E-01
  0.160452E+01  0.829985E+00  0.128083E-01
  0.160725E+01  0.823676E+00  0.127487E-01
  0.160999E+01  0.832569E+00  0.127952E-01
  0.161272E+01  0.826113E+00  0.128854E-01
  0.161546E+01  0.841349E+00  0.127938E-01
  0.161819E+01  0.814334E+00  0.127632E-01
  0.162092E+01  0.795784E+00  0.127104E-01
  0.162366E+01  0.795650E+00  0.126926E-01
  0.162639E+01  0.817636E+00  0.127419E-01
  0.162913E+01  0.807740E+00  0.126083E-01
  0.163186E+01  0.784994E+00  0.126791E-01
  0.163459E+01  0.801522E+00  0.126674E-01
  0.163733E+01  0.801211E+00  0.127250E-01
  0.164006E+01  0.800960E+00  0.125345E-01
  0.164280E+01  0.781715E+00  0.126393E-01
  0.164553E+01  0.796308E+00  0.126886E-01
  0.164826E+01  0.768977E+00  0.126075E-01
  0.165100E+01  0.760360E+00  0.123723E-01
  0.165373E+01  0.768943E+00  0.125220E-01
  0.165647E+01  0.782824E+00  0.127891E-01
  0.165920E+01  0.764748E+00  0.124616E-01
  0.166193E+01  0.764733E+00  0.125110E-01
  0.166467E+01  0.784555E+00  0.125569E-01
  0.166740E+01  0.744022E+00  0.123972E-01
  0.167014E+01  0.743800E+00  0.125408E-01
  0.167287E+01  0.734391E+00  0.124662E-01
  0.167560E+01  0.751329E+00  0.123492E-01
  0.167834E+01  0.736322E+00  0.124644E-01
  0.168107E+01  0.730440E+00  0.124578E-01
  0.168381E+01  0.756840E+00  0.126143E-01
  0.168654E+01  0.728059E+00  0.122617E-01
  0.168927E+01  0.743402E+00  0.125197E-01
  0.169201E+01  0.714778E+00  0.123262E-01
  0.169474E+01  0.727511E+00  0.123842E-01
  0.169748E+01  0.690131E+00  0.121430E-01
  0.170021E+01  0.707692E+00  0.123997E-01
  0.170295E+01  0.713545E+00  0.123007E-01
  0.170568E+01  0.707183E+00  0.123261E-01
  0.170841E+01  0.701111E+00  0.122098E-01
  0.171115E+01  0.702593E+00  0.122082E-01
  0.171388E+01  0.687943E+00  0.122731E-01
  0.171662E+01  0.707639E+00  0.122124E-01
  0.171935E+01  0.685064E+00  0.121677E-01
  0.172208E+01  0.697394E+00  0.121614E-01
  0.172482E+01  0.681082E+00  0.121891E-01
  0.172755E+01  0.673609E+00  0.122143E-01
  0.173029E+01  0.675899E+00  0.121849E-01
  0.173302E+01  0.658034E+00  0.121344E-01
  0.173575E+01  0.671618E+00  0.121112E-01
  0.173849E+01  0.669529E+00  0.120776E-01
  0.174122E+01  0.656367E+00  0.121398E-01
  0.174396E+01  0.661417E+00  0.120280E-01
  0.174669E+01  0.656759E+00  0.119803E-01
  0.174942E+01  0.660222E+00  0.121123E-01
  0.175216E+01  0.654333E+00  0.120459E-01
  0.175489E+01  0.663855E+00  0.120686E-01
  0.175763E+01  0.648971E+00  0.119652E-01
  0.176036E+01  0.629300E+00  0.119330E-01
  0.176309E+01  0.643565E+00  0.118712E-01
  0.176583E+01  0.636990E+00  0.119516E-01
  0.176856E+01  0.632152E+00  0.120212E-01
  0.177130E+01  0.645919E+00  0.119884E-01
  0.177403E+01  0.607672E+00  0.119535E-01
  0.177676E+01  0.625515E+00  0.119321E-01
  0.177950E+01  0.626956E+00  0.118403E-01
  0.178223E+01  0.591021E+00  0.117725E-01
  0.178497E+01  0.613450E+00  0.118686E-01
  0.178770E+01  0.612736E+00  0.119097E-01
  0.179043E+01  0.613027E+00  0.118653E-01
  0.179317E+01  0.595944E+00  0.118606E-01
  0.179590E+01  0.616011E+00  0.117838E-01
  0.179864E+01  0.606247E+00  0.119165E-01
  0.180137E+01  0.610384E+00  0.119668E-01
  0.180410E+01  0.623263E+00  0.119015E-01
  0.180684E+01  0.598844E+00  0.117582E-01
  0.180957E+01  0.589538E+00  0.118341E-01
  0.181231E+01  0.602174E+00  0.118688E-01
  0.181504E+01  0.570855E+00  0.116991E-01
  0.181777E+01  0.590751E+00  0.117551E-01
  0.182051E+01  0.599463E+00  0.119323E-01
  0.182324E+01  0.567065E+00  0.116780E-01
  0.182598E+01  0.575259E+00  0.117314E-01
  0.182871E+01  0.572481E+00  0.117632E-01
  0.183145E+01  0.567693E+00  0.115574E-01
  0.183418E+01  0.563039E+00  0.117542E-01
  0.183691E+01  0.564757E+00  0.117672E-01
  0.183965E+01  0.565946E+00  0.116693E-01
  0.184238E+01  0.559933E+00  0.116535E-01
  0.184512E+01  0.548499E+00  0.115447E-01
  0.184785E+01  0.554547E+00  0.116744E-01
  0.185058E+01  0.524455E+00  0.115012E-01
  0.185332E+01  0.561555E+00  0.116601E-01
  0.185605E+01  0.547354E+00  0.115146E-01
  0.185879E+01  0.545312E+00  0.115566E-01
  0.186152E+01  0.543720E+00  0.116227E-01
  0.186425E+01  0.517993E+00  0.114600E-01
  0.186699E+01  0.539368E+00  0.115813E-01
  0.186972E+01  0.535008E+00  0.116301E-01
  0.187246E+01  0.541537E+00  0.114964E-01
  0.187519E+01  0.538203E+00  0.115134E-01
  0.187792E+01  0.527048E+00  0.114561E-01
  0.188066E+01  0.517419E+00  0.114855E-01
  0.188339E+01  0.530763E+00  0.114968E-01
  0.188613E+01  0.513754E+00  0.114818E-01
  0.188886E+01  0.526768E+00  0.114408E-01
  0.189159E+01  0.522196E+00  0.114061E-01
  0.189433E+01  0.509655E+00  0.113765E-01
  0.189706E+01  0.518171E+00  0.114034E-01
  0.189980E+01  0.517945E+00  0.114136E-01
  0.190253E+01  0.512253E+00  0.112789E-01
  0.190526E+01  0.501907E+00  0.114611E-01
  0.190800E+01  0.507194E+00  0.113632E-01
  0.191073E+01  0.474419E+00  0.112619E-01
  0.191347E+01  0.503310E+00  0.114434E-01
  0.191620E+01  0.486807E+00  0.113169E-01
  0.191893E+01  0.480828E+00  0.112730E-01
  0.192167E+01  0.485924E+00  0.112960E-01
  0.192440E+01  0.489617E+00  0.112248E-01
  0.192714E+01  0.487737E+00  0.112936E-01
  0.192987E+01  0.489777E+00  0.112701E-01
  0.193260E+01  0.495432E+00  0.113110E-01
  0.193534E+01  0.495852E+00  0.113484E-01
  0.193807E+01  0.477668E+00  0.111962E-01
  0.194081E+01  0.474986E+00  0.112285E-01
  0.194354E+01  0.479264E+00  0.111697E-01
  0.194627E+01  0.472085E+00  0.112068E-01
  0.194901E+01  0.475282E+00  0.112117E-01
  0.195174E+01  0.458288E+00  0.111473E-01
  0.195448E+01  0.477482E+00  0.112596E-01
  0.195721E+01  0.440642E+00  0.111544E-01
  0.195995E+01  0.461592E+00  0.111026E-01
  0.196268E+01  0.472659E+00  0.112731E-01
  0.196541E+01  0.430592E+00  0.111228E-01
  0.196815E+01  0.453680E+00  0.110965E-01
  0.197088E+01  0.457571E+00  0.111952E-01
  0.197362E+01  0.454802E+00  0.112088E-01
  0.197635E+01  0.448290E+00  0.110808E-01
  0.197908E+01  0.448257E+00  0.112339E-01
  0.198182E+01  0.460260E+00  0.111106E-01
  0.198455E+01  0.425951E+00  0.109985E-01
  0.198729E+01  0.457061E+00  0.110733E-01
  0.199002E+01  0.454133E+00  0.111809E-01
  0.199275E+01  0.443146E+00  0.111687E-01
  0.199549E+01  0.434558E+00  0.109986E-01
  0.199822E+01  0.431319E+00  0.109970E-01
  0.200096E+01  0.453916E+00  0.110452E-01
  0.200369E+01  0.454290E+00  0.111715E-01
  0.200642E+01  0.447382E+00  0.110250E-01
  0.200916E+01  0.430960E+00  0.110184E-01
  0.201189E+01  0.429285E+00  0.110202E-01
  0.201463E+01  0.425157E+00  0.110225E-01
  0.201736E+01  0.418705E+00  0.110298E-01
  0.202009E+01  0.425795E+00  0.109916E-01
  0.202283E+01  0.418172E+00  0.109875E-01
  0.202556E+01  0.415270E+00  0.110285E-01
  0.202830E+01  0.413002E+00  0.108954E-01
  0.203103E+01  0.407515E+00  0.110029E-01
  0.203376E+01  0.415051E+00  0.110422E-01
  0.203650E+01  0.421005E+00  0.109056E-01
  0.203923E+01  0.414283E+00  0.108539E-01
  0.204197E+01  0.411228E+00  0.110311E-01
  0.204470E+01  0.419578E+00  0.110233E-01
  0.204743E+01  0.405118E+00  0.108713E-01
  0.205017E+01  0.382526E+00  0.107615E-01
  0.205290E+01  0.398787E+00  0.108400E-01
  0.205564E+01  0.417511E+00  0.109493E-01
  0.205837E+01  0.405189E+00  0.108960E-01
  0.206110E+01  0.394851E+00  0.109036E-01
  0.206384E+01  0.391874E+00  0.108328E-01
  0.206657E+01  0.411794E+00  0.109551E-01
  0.206931E+01  0.383159E+00  0.108971E-01
  0.207204E+01  0.375180E+00  0.108659E-01
  0.207477E+01  0.380283E+00  0.108301E-01
  0.207751E+01  0.386609E+00  0.108183E-01
  0.208024E+01  0.396639E+00  0.107477E-01
  0.208298E+01  0.383583E+00  0.108137E-01
  0.208571E+01  0.386982E+00  0.108795E-01
  0.208845E+01  0.395429E+00  0.108366E-01
  0.209118E+01  0.391505E+00  0.108438E-01
  0.209391E+01  0.381019E+00  0.108196E-01
  0.209665E+01  0.378333E+00  0.107881E-01
  0.209938E+01  0.361395E+00  0.107096E-01
  0.210212E+01  0.372711E+00  0.107327E-01
  0.210485E+01  0.361293E+00  0.108014E-01
  0.210758E+01  0.362692E+00  0.107020E-01
  0.211032E+01  0.382321E+00  0.107650E-01
  0.211305E+01  0.351820E+00  0.106711E-01
  0.211579E+01  0.376284E+00  0.107596E-01
  0.211852E+01  0.372344E+00  0.107161E-01
  0.212125E+01  0.389982E+00  0.107819E-01
  0.212399E+01  0.356442E+00  0.106633E-01
  0.212672E+01  0.344225E+00  0.107286E-01
  0.212946E+01  0.371467E+00  0.106441E-01
  0.213219E+01  0.365764E+00  0.107814E-01
  0.213492E+01  0.362122E+00  0.106386E-01
  0.213766E+01  0.349141E+00  0.106493E-01
  0.214039E+01  0.365872E+00  0.106609E-01
  0.214313E+01  0.355775E+00  0.106892E-01
  0.214586E+01  0.351863E+00  0.106349E-01
  0.214859E+01  0.341522E+00  0.105674E-01
  0.215133E+01  0.343894E+00  0.106501E-01
  0.215406E+01  0.361289E+00  0.106639E-01
  0.215680E+01  0.347603E+00  0.105860E-01
  0.215953E+01  0.358358E+00  0.106306E-01
  0.216226E+01  0.345598E+00  0.105114E-01
  0.216500E+01  0.343154E+00  0.104989E-01
  0.216773E+01  0.343966E+00  0.106275E-01
  0.217047E+01  0.341670E+00  0.105357E-01
  0.217320E+01  0.334228E+00  0.105523E-01
  0.217593E+01  0.353360E+00  0.105864E-01
  0.217867E+01  0.345856E+00  0.105189E-01
  0.218140E+01  0.331991E+00  0.105255E-01
  0.218414E+01  0.329988E+00  0.105148E-01
  0.218687E+01  0.328208E+00  0.105351E-01
  0.218960E+01  0.339113E+00  0.105725E-01
  0.219234E+01  0.336587E+00  0.104702E-01
  0.219507E+01  0.320618E+00  0.104920E-01
  0.219781E+01  0.312564E+00  0.103764E-01
  0.220054E+01  0.311469E+00  0.105404E-01
  0.220328E+01  0.326144E+00  0.105508E-01
  0.220601E+01  0.304984E+00  0.103587E-01
  0.220874E+01  0.324247E+00  0.104266E-01
  0.221148E+01  0.319639E+00  0.104971E-01
  0.221421E+01  0.311744E+00  0.103735E-01
  0.221695E+01  0.330870E+00  0.104998E-01
  0.221968E+01  0.306540E+00  0.103347E-01
  0.222241E+01  0.312034E+00  0.104788E-01
  0.222515E+01  0.307498E+00  0.103316E-01
  0.222788E+01  0.301046E+00  0.104496E-01
  0.223062E+01  0.304479E+00  0.103887E-01
  0.223335E+01  0.315558E+00  0.104667E-01
  0.223608E+01  0.310694E+00  0.104486E-01
  0.223882E+01  0.318364E+00  0.103752E-01
  0.224155E+01  0.308854E+00  0.105185E-01
  0.224429E+01  0.321086E+00  0.104251E-01
  0.224702E+01  0.307669E+00  0.103160E-01
  0.224975E+01  0.298113E+00  0.103339E-01
  0.225249E+01  0.295869E+00  0.102842E-01
  0.225522E+01  0.309918E+00  0.103640E-01
  0.225796E+01  0.312325E+00  0.103173E-01
  0.226069E+01  0.306243E+00  0.103632E-01
  0.226342E+01  0.305239E+00  0.103422E-01
  0.226616E+01  0.303236E+00  0.103549E-01
  0.226889E+01  0.293690E+00  0.103569E-01
  0.227163E+01  0.287949E+00  0.102773E-01
  0.227436E+01  0.287365E+00  0.102551E-01
  0.227709E+01  0.279833E+00  0.102717E-01
  0.227983E+01  0.287036E+00  0.102536E-01
  0.228256E+01  0.270022E+00  0.101999E-01
  0.228530E+01  0.302287E+00  0.102548E-01
  0.228803E+01  0.282382E+00  0.102764E-01
  0.229076E+01  0.278791E+00  0.102973E-01
  0.229350E+01  0.299220E+00  0.102736E-01
  0.229623E+01  0.278624E+00  0.102446E-01
  0.229897E+01  0.277328E+00  0.101952E-01
  0.230170E+01  0.277376E+00  0.102060E-01
  0.230443E+01  0.277795E+00  0.101983E-01
  0.230717E+01  0.284146E+00  0.102262E-01
  0.230990E+01  0.284574E+00  0.102772E-01
  0.231264E+01  0.271992E+00  0.102315E-01
  0.231537E+01  0.268170E+00  0.100477E-01
  0.231810E+01  0.266348E+00  0.101750E-01
  0.232084E+01  0.277064E+00  0.101706E-01
  0.232357E+01  0.267891E+00  0.101008E-01
  0.232631E+01  0.266823E+00  0.100684E-01
  0.232904E+01  0.255226E+00  0.100844E-01
  0.233178E+01  0.268833E+00  0.100954E-01
  0.233451E+01  0.256866E+00  0.101343E-01
  0.233724E+01  0.253413E+00  0.100473E-01
  0.233998E+01  0.248878E+00  0.100668E-01
  0.234271E+01  0.267314E+00  0.102573E-01
  0.234545E+01  0.274425E+00  0.101881E-01
  0.234818E+01  0.287308E+00  0.102654E-01
  0.235091E+01  0.258621E+00  0.101085E-01
  0.235365E+01  0.259715E+00  0.101271E-01
  0.235638E+01  0.256150E+00  0.100520E-01
  0.235912E+01  0.256568E+00  0.101706E-01
  0.236185E+01  0.250857E+00  0.101397E-01
  0.236458E+01  0.258497E+00  0.101307E-01
  0.236732E+01  0.269033E+00  0.101164E-01
  0.237005E+01  0.253612E+00  0.101388E-01
  0.237279E+01  0.251432E+00  0.998802E-02
  0.237552E+01  0.263962E+00  0.100542E-01
  0.237825E+01  0.245996E+00  0.100725E-01
  0.238099E+01  0.234080E+00  0.100528E-01
  0.238372E+01  0.242858E+00  0.992920E-02
  0.238646E+01  0.243295E+00  0.100903E-01
  0.238919E+01  0.238878E+00  0.998723E-02
  0.239192E+01  0.247527E+00  0.999581E-02
  0.239466E+01  0.236438E+00  0.100640E-01
  0.239739E+01  0.240176E+00  0.100594E-01
  0.240013E+01  0.236279E+00  0.998724E-02
  0.240286E+01  0.240469E+00  0.100491E-01
  0.240559E+01  0.244992E+00  0.999364E-02
  0.240833E+01  0.236459E+00  0.100677E-01
  0.241106E+01  0.248940E+00  0.100357E-01
  0.241380E+01  0.249140E+00  0.100705E-01
  0.241653E+01  0.241612E+00  0.990994E-02
  0.241926E+01  0.238893E+00  0.997198E-02
  0.242200E+01  0.234098E+00  0.987391E-02
  0.242473E+01  0.232732E+00  0.991680E-02
  0.242747E+01  0.251493E+00  0.998016E-02
  0.243020E+01  0.238432E+00  0.996599E-02
  0.243293E+01  0.241542E+00  0.993178E-02
  0.243567E+01  0.236577E+00  0.991080E-02
  0.243840E+01  0.234097E+00  0.977812E-02
  0.244114E+01  0.241094E+00  0.998254E-02
  0.244387E+01  0.240341E+00  0.993381E-02
  0.244660E+01  0.243176E+00  0.100803E-01
  0.244934E+01  0.235598E+00  0.989238E-02
  0.245207E+01  0.228798E+00  0.989474E-02
  0.245481E+01  0.226671E+00  0.996592E-02
  0.245754E+01  0.236986E+00  0.989217E-02
  0.246028E+01  0.228768E+00  0.991491E-02
  0.246301E+01  0.224177E+00  0.987385E-02
  0.246574E+01  0.225892E+00  0.989431E-02
  0.246848E+01  0.230348E+00  0.986970E-02
  0.247121E+01  0.227269E+00  0.986015E-02
  0.247395E+01  0.224620E+00  0.990445E-02
  0.247668E+01  0.215564E+00  0.984378E-02
  0.247941E+01  0.224253E+00  0.984484E-02
  0.248215E+01  0.213294E+00  0.985465E-02
  0.248488E+01  0.223952E+00  0.984984E-02
  0.248762E+01  0.225250E+00  0.986291E-02
  0.249035E+01  0.218409E+00  0.988371E-02
  0.249308E+01  0.220501E+00  0.979710E-02
  0.249582E+01  0.233314E+00  0.987676E-02
  0.249855E+01  0.212545E+00  0.980238E-02
  0.250129E+01  0.227034E+00  0.981497E-02
  0.250402E+01  0.214987E+00  0.984327E-02
  0.250675E+01  0.218755E+00  0.983972E-02
  0.250949E+01  0.213234E+00  0.982006E-02
  0.251222E+01  0.212324E+00  0.985119E-02
  0.251496E+01  0.209397E+00  0.980356E-02
  0.251769E+01  0.216145E+00  0.975900E-02
  0.252042E+01  0.218273E+00  0.979361E-02
  0.252316E+01  0.207053E+00  0.981097E-02
  0.252589E+01  0.223711E+00  0.979113E-02
  0.252863E+01  0.217683E+00  0.980091E-02
  0.253136E+01  0.210386E+00  0.981206E-02
  0.253409E+01  0.227757E+00  0.977121E-02
  0.253683E+01  0.220505E+00  0.981515E-02
  0.253956E+01  0.216842E+00  0.983493E-02
  0.254230E+01  0.207553E+00  0.984935E-02
  0.254503E+01  0.212808E+00  0.980242E-02
  0.254776E+01  0.206737E+00  0.972379E-02
  0.255050E+01  0.203423E+00  0.981720E-02
  0.255323E+01  0.204347E+00  0.974493E-02
  0.255597E+01  0.212679E+00  0.974555E-02
  0.255870E+01  0.222507E+00  0.976632E-02
  0.256143E+01  0.198016E+00  0.965179E-02
  0.256417E+01  0.193093E+00  0.970869E-02
  0.256690E+01  0.202829E+00  0.974954E-02
  0.256964E+01  0.204758E+00  0.977971E-02
  0.257237E+01  0.202030E+00  0.963614E-02
  0.257510E+01  0.193858E+00  0.965264E-02
  0.257784E+01  0.197625E+00  0.970858E-02
  0.258057E+01  0.196389E+00  0.976300E-02
  0.258331E+01  0.204164E+00  0.107614E-01
  0.258604E+01  0.210008E+00  0.114246E-01
  0.258878E+01  0.207549E+00  0.120409E-01
  0.259151E+01  0.184202E+00  0.123019E-01
  0.259424E+01  0.204032E+00  0.127460E-01
  0.259698E+01  0.216997E+00  0.133761E-01
  0.259971E+01  0.201899E+00  0.137852E-01
  0.260245E+01  0.204574E+00  0.142263E-01
  0.260518E+01  0.218546E+00  0.144244E-01
  0.260791E+01  0.203969E+00  0.148568E-01
  0.261065E+01  0.203868E+00  0.150005E-01
  0.261338E+01  0.198833E+00  0.155705E-01
  0.261612E+01  0.181018E+00  0.125769E-01
  0.261885E+01  0.198712E+00  0.119759E-01
  0.262158E+01  0.189886E+00  0.116371E-01
  0.262432E+01  0.188278E+00  0.114248E-01
  0.262705E+01  0.204328E+00  0.112248E-01
  0.262979E+01  0.222860E+00  0.110954E-01
  0.263252E+01  0.193744E+00  0.108177E-01
  0.263525E+01  0.209129E+00  0.107886E-01
  0.263799E+01  0.196080E+00  0.107383E-01
  0.264072E+01  0.180949E+00  0.106000E-01
  0.264346E+01  0.200705E+00  0.107824E-01
  0.264619E+01  0.200971E+00  0.106542E-01
  0.264892E+01  0.194370E+00  0.105891E-01
  0.265166E+01  0.185790E+00  0.104805E-01
  0.265439E+01  0.197305E+00  0.106017E-01
  0.265713E+01  0.210313E+00  0.106211E-01
  0.265986E+01  0.214693E+00  0.105670E-01
  0.266259E+01  0.212200E+00  0.105255E-01
  0.266533E+01  0.194991E+00  0.104277E-01
  0.266806E+01  0.201721E+00  0.105200E-01
  0.267080E+01  0.174888E+00  0.104255E-01
  0.267353E+01  0.194823E+00  0.104254E-01
  0.267626E+01  0.204385E+00  0.105199E-01
  0.267900E+01  0.199506E+00  0.104357E-01
  0.268173E+01  0.181638E+00  0.103392E-01
  0.268447E+01  0.183470E+00  0.103137E-01
  0.268720E+01  0.200684E+00  0.103300E-01
  0.268993E+01  0.197031E+00  0.104283E-01
  0.269267E+01  0.195720E+00  0.103261E-01
  0.269540E+01  0.188631E+00  0.103929E-01
  0.269814E+01  0.202445E+00  0.103811E-01
  0.270087E+01  0.191395E+00  0.102750E-01
  0.270361E+01  0.189963E+00  0.102779E-01
  0.270634E+01  0.196606E+00  0.102214E-01
  0.270907E+01  0.192666E+00  0.102266E-01
  0.271181E+01  0.188294E+00  0.101684E-01
  0.271454E+01  0.187696E+00  0.100962E-01
  0.271728E+01  0.191542E+00  0.100013E-01
  0.272001E+01  0.193414E+00  0.999904E-02
  0.272274E+01  0.183761E+00  0.986878E-02
  0.272548E+01  0.191976E+00  0.985515E-02
  0.272821E+01  0.172113E+00  0.983073E-02
  0.273095E+01  0.190756E+00  0.984968E-02
  0.273368E+01  0.192275E+00  0.991314E-02
  0.273641E+01  0.217055E+00  0.993859E-02
  0.273915E+01  0.173113E+00  0.975666E-02
  0.274188E+01  0.184623E+00  0.978858E-02
  0.274462E+01  0.194725E+00  0.981491E-02
  0.274735E+01  0.183584E+00  0.978130E-02
  0.275008E+01  0.172134E+00  0.982089E-02
  0.275282E+01  0.205962E+00  0.991932E-02
  0.275555E+01  0.184723E+00  0.984027E-02
  0.275829E+01  0.184201E+00  0.982297E-02
  0.276102E+01  0.202793E+00  0.986677E-02
  0.276375E+01  0.184053E+00  0.985280E-02
  0.276649E+01  0.186933E+00  0.986973E-02
  0.276922E+01  0.186443E+00  0.977586E-02
  0.277196E+01  0.191394E+00  0.970278E-02
  0.277469E+01  0.203516E+00  0.977268E-02
  0.277742E+01  0.195598E+00  0.980050E-02
  0.278016E+01  0.190360E+00  0.975056E-02
  0.278289E+01  0.187062E+00  0.977726E-02
  0.278563E+01  0.199559E+00  0.987291E-02
  0.278836E+01  0.187797E+00  0.975155E-02
  0.279109E+01  0.185799E+00  0.979611E-02
  0.279383E+01  0.187725E+00  0.990996E-02
  0.279656E+01  0.201291E+00  0.980935E-02
  0.279930E+01  0.189816E+00  0.986883E-02
  0.280203E+01  0.181739E+00  0.974029E-02
  0.280476E+01  0.192665E+00  0.985081E-02
  0.280750E+01  0.200171E+00  0.980433E-02
  0.281023E+01  0.206528E+00  0.982031E-02
  0.281297E+01  0.183815E+00  0.976803E-02
  0.281570E+01  0.200900E+00  0.982660E-02
  0.281843E+01  0.186542E+00  0.970687E-02
  0.282117E+01  0.179894E+00  0.975305E-02
  0.282390E+01  0.197777E+00  0.985756E-02
  0.282664E+01  0.195575E+00  0.984413E-02
  0.282937E+01  0.170607E+00  0.970642E-02
  0.283211E+01  0.191911E+00  0.979232E-02
  0.283484E+01  0.210256E+00  0.978361E-02
  0.283757E+01  0.180358E+00  0.971613E-02
  0.284031E+01  0.170541E+00  0.969676E-02
  0.284304E+01  0.192781E+00  0.976879E-02
  0.284578E+01  0.202838E+00  0.982257E-02
  0.284851E+01  0.185114E+00  0.979016E-02
  0.285124E+01  0.208152E+00  0.983302E-02
  0.285398E+01  0.194844E+00  0.972178E-02
  0.285671E+01  0.190520E+00  0.974275E-02
  0.285945E+01  0.183844E+00  0.976880E-02
  0.286218E+01  0.192376E+00  0.979224E-02
  0.286491E+01  0.185858E+00  0.976803E-02
  0.286765E+01  0.178404E+00  0.977259E-02
  0.287038E+01  0.212900E+00  0.983043E-02
  0.287312E+01  0.182828E+00  0.968619E-02
  0.287585E+01  0.194867E+00  0.972493E-02
  0.287858E+01  0.187053E+00  0.975413E-02
  0.288132E+01  0.178211E+00  0.971251E-02
  0.288405E+01  0.188719E+00  0.981166E-02
  0.288679E+01  0.205360E+00  0.980101E-02
  0.288952E+01  0.201584E+00  0.981684E-02
  0.289225E+01  0.191689E+00  0.973155E-02
  0.289499E+01  0.188719E+00  0.973829E-02
  0.289772E+01  0.205616E+00  0.971996E-02
  0.290046E+01  0.197729E+00  0.974476E-02
  0.290319E+01  0.189262E+00  0.973500E-02
  0.290592E+01  0.204773E+00  0.972555E-02
  0.290866E+01  0.201821E+00  0.978498E-02
  0.291139E+01  0.203375E+00  0.975703E-02
  0.291413E+01  0.195976E+00  0.973828E-02
  0.291686E+01  0.191328E+00  0.971331E-02
  0.291959E+01  0.183657E+00  0.965148E-02
  0.292233E+01  0.199452E+00  0.971328E-02
  0.292506E+01  0.195282E+00  0.977824E-02
  0.292780E+01  0.197598E+00  0.971565E-02
  0.293053E+01  0.210940E+00  0.977052E-02
  0.293326E+01  0.196341E+00  0.971236E-02
  0.293600E+01  0.194589E+00  0.970473E-02
  0.293873E+01  0.190648E+00  0.965376E-02
  0.294147E+01  0.187032E+00  0.962240E-02
  0.294420E+01  0.181944E+00  0.967382E-02
  0.294693E+01  0.205599E+00  0.974476E-02
  0.294967E+01  0.204468E+00  0.978041E-02
  0.295240E+01  0.194376E+00  0.974874E-02
  0.295514E+01  0.200231E+00  0.977352E-02
  0.295787E+01  0.195096E+00  0.976226E-02
  0.296061E+01  0.196809E+00  0.966002E-02
  0.296334E+01  0.191588E+00  0.971408E-02
  0.296607E+01  0.169599E+00  0.959850E-02
  0.296881E+01  0.188565E+00  0.968778E-02
  0.297154E+01  0.190467E+00  0.975674E-02
  0.297428E+01  0.202998E+00  0.973282E-02
  0.297701E+01  0.197010E+00  0.979911E-02
  0.297974E+01  0.196103E+00  0.973492E-02
  0.298248E+01  0.194584E+00  0.972381E-02
  0.298521E+01  0.185990E+00  0.969230E-02
  0.298795E+01  0.208431E+00  0.976937E-02
  0.299068E+01  0.194868E+00  0.970449E-02
  0.299341E+01  0.194699E+00  0.968682E-02
  0.299615E+01  0.196565E+00  0.967221E-02
  0.299888E+01  0.207726E+00  0.969163E-02
  0.300162E+01  0.191683E+00  0.973251E-02
  0.300435E+01  0.214118E+00  0.970210E-02
  0.300708E+01  0.201260E+00  0.961751E-02
  0.300982E+01  0.208742E+00  0.975146E-02
  0.301255E+01  0.189202E+00  0.963505E-02
  0.301529E+01  0.202755E+00  0.964645E-02
  0.301802E+01  0.196864E+00  0.965325E-02
  0.302075E+01  0.180513E+00  0.957292E-02
  0.302349E+01  0.193362E+00  0.976264E-02
  0.302622E+01  0.199787E+00  0.962958E-02
  0.302896E+01  0.193327E+00  0.962272E-02
  0.303169E+01  0.190194E+00  0.966767E-02
  0.303442E+01  0.188455E+00  0.965834E-02
  0.303716E+01  0.192833E+00  0.965593E-02
  0.303989E+01  0.195457E+00  0.962023E-02
  0.304263E+01  0.201533E+00  0.966275E-02
  0.304536E+01  0.201799E+00  0.964669E-02
  0.304809E+01  0.190982E+00  0.967153E-02
  0.305083E+01  0.205646E+00  0.970456E-02
  0.305356E+01  0.213671E+00  0.972546E-02
  0.305630E+01  0.195182E+00  0.971035E-02
  0.305903E+01  0.179432E+00  0.964035E-02
  0.306176E+01  0.189882E+00  0.965397E-02
  0.306450E+01  0.187712E+00  0.967538E-02
  0.306723E+01  0.188662E+00  0.965171E-02
  0.306997E+01  0.186061E+00  0.955449E-02
  0.307270E+01  0.191339E+00  0.961405E-02
  0.307543E+01  0.204890E+00  0.966484E-02
  0.307817E+01  0.195936E+00  0.963453E-02
  0.308090E+01  0.185881E+00  0.959930E-02
  0.308364E+01  0.189874E+00  0.960480E-02
  0.308637E+01  0.194106E+00  0.956691E-02
  0.308911E+01  0.209758E+00  0.972449E-02
  0.309184E+01  0.185678E+00  0.969258E-02
  0.309457E+01  0.183784E+00  0.952279E-02
  0.309731E+01  0.193137E+00  0.959908E-02
  0.310004E+01  0.199338E+00  0.967907E-02
  0.310278E+01  0.177599E+00  0.957294E-02
  0.310551E+01  0.200159E+00  0.962713E-02
  0.310824E+01  0.208011E+00  0.963719E-02
  0.311098E+01  0.192066E+00  0.966231E-02
  0.311371E+01  0.184479E+00  0.964825E-02
  0.311645E+01  0.183338E+00  0.957557E-02
  0.311918E+01  0.203935E+00  0.961029E-02
  0.312191E+01  0.192867E+00  0.964804E-02
  0.312465E+01  0.189635E+00  0.957700E-02
  0.312738E+01  0.201433E+00  0.959133E-02
  0.313012E+01  0.185935E+00  0.958736E-02
  0.313285E+01  0.190941E+00  0.959752E-02
  0.313558E+01  0.181861E+00  0.952237E-02
  0.313832E+01  0.198410E+00  0.963089E-02
  0.314105E+01  0.178733E+00  0.956241E-02
  0.314379E+01  0.194456E+00  0.961549E-02
  0.314652E+01  0.174834E+00  0.951554E-02
  0.314925E+01  0.179632E+00  0.956332E-02
  0.315199E+01  0.188343E+00  0.966614E-02
  0.315472E+01  0.189772E+00  0.956939E-02
  0.315746E+01  0.185144E+00  0.954454E-02
  0.316019E+01  0.200844E+00  0.957814E-02
  0.316292E+01  0.196863E+00  0.952876E-02
  0.316566E+01  0.197704E+00  0.963244E-02
  0.316839E+01  0.178046E+00  0.952421E-02
  0.317113E+01  0.190126E+00  0.957227E-02
  0.317386E+01  0.187308E+00  0.960495E-02
  0.317659E+01  0.177426E+00  0.944289E-02
  0.317933E+01  0.204092E+00  0.965995E-02
  0.318206E+01  0.184787E+00  0.956536E-02
  0.318480E+01  0.202426E+00  0.962095E-02
  0.318753E+01  0.193983E+00  0.962835E-02
  0.319026E+01  0.201587E+00  0.951704E-02
  0.319300E+01  0.189056E+00  0.954409E-02
  0.319573E+01  0.187662E+00  0.958938E-02
  0.319847E+01  0.184735E+00  0.958233E-02
  0.320120E+01  0.187684E+00  0.947909E-02
  0.320394E+01  0.181708E+00  0.960553E-02
  0.320667E+01  0.189493E+00  0.955751E-02
  0.320940E+01  0.198995E+00  0.952062E-02
  0.321214E+01  0.184773E+00  0.948581E-02
  0.321487E+01  0.188005E+00  0.946896E-02
  0.321761E+01  0.199174E+00  0.963972E-02
  0.322034E+01  0.192270E+00  0.954985E-02
  0.322307E+01  0.171949E+00  0.944788E-02
  0.322581E+01  0.190912E+00  0.958512E-02
  0.322854E+01  0.182479E+00  0.948665E-02
  0.323128E+01  0.195418E+00  0.956655E-02
  0.323401E+01  0.178175E+00  0.954190E-02
  0.323674E+01  0.191472E+00  0.952127E-02
  0.323948E+01  0.183329E+00  0.951614E-02
  0.324221E+01  0.191283E+00  0.954624E-02
  0.324495E+01  0.178382E+00  0.950345E-02
  0.324768E+01  0.171920E+00  0.948876E-02
  0.325041E+01  0.192395E+00  0.952638E-02
  0.325315E+01  0.167083E+00  0.940495E-02
  0.325588E+01  0.196345E+00  0.950740E-02
  0.325862E+01  0.192162E+00  0.952790E-02
  0.326135E+01  0.184883E+00  0.949619E-02
  0.326408E+01  0.186399E+00  0.955651E-02
  0.326682E+01  0.190020E+00  0.948053E-02
  0.326955E+01  0.183052E+00  0.949288E-02
  0.327229E+01  0.183312E+00  0.943103E-02
  0.327502E+01  0.206246E+00  0.957543E-02
  0.327775E+01  0.197143E+00  0.949754E-02
  0.328049E+01  0.177173E+00  0.949155E-02
  0.328322E+01  0.172660E+00  0.945319E-02
  0.328596E+01  0.169055E+00  0.943455E-02
  0.328869E+01  0.184788E+00  0.947694E-02
  0.329142E+01  0.183842E+00  0.947851E-02
  0.329416E+01  0.189228E+00  0.949223E-02
  0.329689E+01  0.175563E+00  0.942308E-02
  0.329963E+01  0.187921E+00  0.951121E-02
  0.330236E+01  0.175762E+00  0.951399E-02
  0.330509E+01  0.175047E+00  0.945198E-02
  0.330783E+01  0.176949E+00  0.945321E-02
  0.331056E+01  0.178072E+00  0.956231E-02
  0.331330E+01  0.174061E+00  0.947181E-02
  0.331603E+01  0.173679E+00  0.944633E-02
  0.331876E+01  0.176890E+00  0.947078E-02
  0.332150E+01  0.185936E+00  0.942827E-02
  0.332423E+01  0.180411E+00  0.948927E-02
  0.332697E+01  0.183063E+00  0.950105E-02
  0.332970E+01  0.174610E+00  0.953604E-02
  0.333244E+01  0.169020E+00  0.933163E-02
  0.333517E+01  0.165164E+00  0.943495E-02
  0.333790E+01  0.177724E+00  0.957761E-02
  0.334064E+01  0.190823E+00  0.954536E-02
  0.334337E+01  0.182772E+00  0.948659E-02
  0.334611E+01  0.177443E+00  0.945111E-02
  0.334884E+01  0.189058E+00  0.938732E-02
  0.335157E+01  0.172775E+00  0.941444E-02
  0.335431E+01  0.190222E+00  0.953628E-02
  0.335704E+01  0.182505E+00  0.941257E-02
  0.335978E+01  0.170300E+00  0.944609E-02
  0.336251E+01  0.178885E+00  0.938566E-02
  0.336524E+01  0.171423E+00  0.938132E-02
  0.336798E+01  0.165647E+00  0.940658E-02
  0.337071E+01  0.162770E+00  0.945344E-02
  0.337345E+01  0.169380E+00  0.937967E-02
  0.337618E+01  0.169646E+00  0.937647E-02
  0.337891E+01  0.175250E+00  0.940893E-02
  0.338165E+01  0.180698E+00  0.940344E-02
  0.338438E+01  0.150905E+00  0.943411E-02
  0.338712E+01  0.171480E+00  0.936154E-02
  0.338985E+01  0.168933E+00  0.935419E-02
  0.339258E+01  0.177350E+00  0.940923E-02
  0.339532E+01  0.168314E+00  0.941582E-02
  0.339805E+01  0.176958E+00  0.949607E-02
  0.340079E+01  0.175595E+00  0.945414E-02
  0.340352E+01  0.191933E+00  0.945789E-02
  0.340625E+01  0.174563E+00  0.936440E-02
  0.340899E+01  0.164720E+00  0.945914E-02
  0.341172E+01  0.166164E+00  0.938419E-02
  0.341446E+01  0.181097E+00  0.947485E-02
  0.341719E+01  0.169723E+00  0.937929E-02
  0.341992E+01  0.164415E+00  0.941113E-02
  0.342266E+01  0.160164E+00  0.939622E-02
  0.342539E+01  0.167907E+00  0.934450E-02
  0.342813E+01  0.161937E+00  0.937361E-02
  0.343086E+01  0.167894E+00  0.935692E-02
  0.343359E+01  0.170089E+00  0.937283E-02
  0.343633E+01  0.169139E+00  0.937954E-02
  0.343906E+01  0.166012E+00  0.936697E-02
  0.344180E+01  0.154946E+00  0.934045E-02
  0.344453E+01  0.159559E+00  0.930324E-02
  0.344726E+01  0.189234E+00  0.944653E-02
  0.345000E+01  0.179068E+00  0.936528E-02
  0.345273E+01  0.160723E+00  0.936781E-02
  0.345547E+01  0.172172E+00  0.942050E-02
  0.345820E+01  0.167992E+00  0.930692E-02
  0.346094E+01  0.149221E+00  0.933733E-02
  0.346367E+01  0.151814E+00  0.935876E-02
  0.346640E+01  0.156352E+00  0.934918E-02
  0.346914E+01  0.166485E+00  0.946144E-02
  0.347187E+01  0.147036E+00  0.941171E-02
  0.347461E+01  0.167013E+00  0.934870E-02
  0.347734E+01  0.148259E+00  0.926581E-02
  0.348007E+01  0.163779E+00  0.930073E-02
  0.348281E+01  0.158083E+00  0.935127E-02
  0.348554E+01  0.172079E+00  0.938262E-02
  0.348828E+01  0.150978E+00  0.935776E-02
  0.349101E+01  0.176370E+00  0.933173E-02
  0.349374E+01  0.176322E+00  0.932954E-02
  0.349648E+01  0.156675E+00  0.932664E-02
  0.349921E+01  0.163514E+00  0.934374E-02
  0.350195E+01  0.174635E+00  0.945450E-02
  0.350468E+01  0.147934E+00  0.935263E-02
  0.350741E+01  0.164814E+00  0.936296E-02
  0.351015E+01  0.169203E+00  0.935484E-02
  0.351288E+01  0.163311E+00  0.929681E-02
  0.351562E+01  0.152049E+00  0.927722E-02
  0.351835E+01  0.166367E+00  0.932070E-02
  0.352108E+01  0.138385E+00  0.935729E-02
  0.352382E+01  0.149128E+00  0.925130E-02
  0.352655E+01  0.160055E+00  0.933818E-02
  0.352929E+01  0.152060E+00  0.930524E-02
  0.353202E+01  0.158757E+00  0.934013E-02
  0.353475E+01  0.140687E+00  0.925054E-02
  0.353749E+01  0.168242E+00  0.936141E-02
  0.354022E+01  0.166010E+00  0.930919E-02
  0.354296E+01  0.162770E+00  0.939908E-02
  0.354569E+01  0.151066E+00  0.926892E-02
  0.354842E+01  0.153589E+00  0.926361E-02
  0.355116E+01  0.159359E+00  0.941085E-02
  0.355389E+01  0.169667E+00  0.933093E-02
  0.355663E+01  0.138988E+00  0.925507E-02
  0.355936E+01  0.146650E+00  0.928037E-02
  0.356209E+01  0.145466E+00  0.934074E-02
  0.356483E+01  0.161472E+00  0.935510E-02
  0.356756E+01  0.176944E+00  0.937649E-02
  0.357030E+01  0.158398E+00  0.923335E-02
  0.357303E+01  0.163816E+00  0.934633E-02
  0.357577E+01  0.165617E+00  0.930016E-02
  0.357850E+01  0.151416E+00  0.926899E-02
  0.358123E+01  0.176427E+00  0.934491E-02
  0.358397E+01  0.164528E+00  0.937054E-02
  0.358670E+01  0.150890E+00  0.925550E-02
  0.358944E+01  0.166139E+00  0.930017E-02
  0.359217E+01  0.153474E+00  0.935741E-02
  0.359490E+01  0.148964E+00  0.925216E-02
  0.359764E+01  0.152193E+00  0.929541E-02
  0.360037E+01  0.158730E+00  0.926065E-02
  0.360311E+01  0.155926E+00  0.928230E-02
  0.360584E+01  0.137714E+00  0.919831E-02
  0.360857E+01  0.153563E+00  0.921128E-02
  0.361131E+01  0.158661E+00  0.931307E-02
  0.361404E+01  0.159130E+00  0.923685E-02
  0.361678E+01  0.144568E+00  0.926970E-02
  0.361951E+01  0.154567E+00  0.931045E-02
  0.362224E+01  0.156561E+00  0.930578E-02
  0.362498E+01  0.148605E+00  0.929857E-02
  0.362771E+01  0.148400E+00  0.929300E-02
  0.363045E+01  0.156559E+00  0.927334E-02
  0.363318E+01  0.159465E+00  0.931048E-02
  0.363591E+01  0.149249E+00  0.922935E-02
  0.363865E+01  0.152809E+00  0.929567E-02
  0.364138E+01  0.154642E+00  0.930509E-02
  0.364412E+01  0.152126E+00  0.925095E-02
  0.364685E+01  0.149506E+00  0.931802E-02
  0.364958E+01  0.154132E+00  0.931512E-02
  0.365232E+01  0.160262E+00  0.924481E-02
  0.365505E+01  0.169693E+00  0.929169E-02
  0.365779E+01  0.160512E+00  0.937679E-02
  0.366052E+01  0.156060E+00  0.930572E-02
  0.366325E+01  0.144983E+00  0.927330E-02
  0.366599E+01  0.143921E+00  0.932096E-02
  0.366872E+01  0.172427E+00  0.934276E-02
  0.367146E+01  0.144310E+00  0.920285E-02
  0.367419E+01  0.144157E+00  0.919310E-02
  0.367692E+01  0.145975E+00  0.926884E-02
  0.367966E+01  0.143077E+00  0.927903E-02
  0.368239E+01  0.123483E+00  0.923378E-02
  0.368513E+01  0.153686E+00  0.932426E-02
  0.368786E+01  0.151399E+00  0.926852E-02
  0.369059E+01  0.154468E+00  0.934315E-02
  0.369333E+01  0.140159E+00  0.926480E-02
  0.369606E+01  0.149554E+00  0.939605E-02
  0.369880E+01  0.147801E+00  0.927195E-02
  0.370153E+01  0.145553E+00  0.926832E-02
  0.370427E+01  0.148985E+00  0.925927E-02
  0.370700E+01  0.138183E+00  0.921809E-02
  0.370973E+01  0.154608E+00  0.940803E-02
  0.371247E+01  0.162906E+00  0.923899E-02
  0.371520E+01  0.147693E+00  0.924911E-02
  0.371794E+01  0.149317E+00  0.933348E-02
  0.372067E+01  0.153003E+00  0.931406E-02
  0.372340E+01  0.155205E+00  0.934837E-02
  0.372614E+01  0.144382E+00  0.931491E-02
  0.372887E+01  0.155153E+00  0.939104E-02
  0.373161E+01  0.161344E+00  0.932356E-02
  0.373434E+01  0.153012E+00  0.921788E-02
  0.373707E+01  0.157006E+00  0.929791E-02
  0.373981E+01  0.161939E+00  0.923674E-02
  0.374254E+01  0.146280E+00  0.929602E-02
  0.374528E+01  0.144273E+00  0.921790E-02
  0.374801E+01  0.137768E+00  0.917779E-02
  0.375074E+01  0.151487E+00  0.924398E-02
  0.375348E+01  0.122289E+00  0.922325E-02
  0.375621E+01  0.143661E+00  0.928954E-02
  0.375895E+01  0.135466E+00  0.924981E-02
  0.376168E+01  0.151138E+00  0.923111E-02
  0.376441E+01  0.138165E+00  0.920654E-02
  0.376715E+01  0.151576E+00  0.935242E-02
  0.376988E+01  0.138709E+00  0.927088E-02
  0.377262E+01  0.137960E+00  0.918942E-02
  0.377535E+01  0.156905E+00  0.924637E-02
  0.377808E+01  0.148880E+00  0.928489E-02
  0.378082E+01  0.155129E+00  0.921653E-02
  0.378355E+01  0.137428E+00  0.924718E-02
  0.378629E+01  0.152965E+00  0.931686E-02
  0.378902E+01  0.155309E+00  0.927315E-02
  0.379175E+01  0.145304E+00  0.922864E-02
  0.379449E+01  0.153681E+00  0.931358E-02
  0.379722E+01  0.153327E+00  0.928075E-02
  0.379996E+01  0.148293E+00  0.928523E-02
  0.380269E+01  0.159826E+00  0.925498E-02
  0.380542E+01  0.155965E+00  0.926102E-02
  0.380816E+01  0.153541E+00  0.930100E-02
  0.381089E+01  0.156405E+00  0.929607E-02
  0.381363E+01  0.151127E+00  0.931226E-02
  0.381636E+01  0.158440E+00  0.924991E-02
  0.381909E+01  0.149178E+00  0.915267E-02
  0.382183E+01  0.144636E+00  0.929769E-02
  0.382456E+01  0.150138E+00  0.925299E-02
  0.382730E+01  0.152923E+00  0.922401E-02
  0.383003E+01  0.135366E+00  0.917421E-02
  0.383277E+01  0.142600E+00  0.927371E-02
  0.383550E+01  0.148684E+00  0.934070E-02
  0.383823E+01  0.126770E+00  0.922369E-02
  0.384097E+01  0.155887E+00  0.925568E-02
  0.384370E+01  0.149573E+00  0.925026E-02
  0.384644E+01  0.134312E+00  0.912787E-02
  0.384917E+01  0.138810E+00  0.924461E-02
  0.385190E+01  0.150589E+00  0.921934E-02
  0.385464E+01  0.154534E+00  0.921397E-02
  0.385737E+01  0.160039E+00  0.932100E-02
  0.386011E+01  0.143047E+00  0.933514E-02
  0.386284E+01  0.150551E+00  0.927058E-02
  0.386557E+01  0.151278E+00  0.925054E-02
  0.386831E+01  0.158220E+00  0.921725E-02
  0.387104E+01  0.155261E+00  0.926119E-02
  0.387378E+01  0.153753E+00  0.924091E-02
  0.387651E+01  0.159136E+00  0.932418E-02
  0.387924E+01  0.156463E+00  0.921030E-02
  0.388198E+01  0.146987E+00  0.931908E-02
  0.388471E+01  0.138826E+00  0.927721E-02
  0.388745E+01  0.138349E+00  0.923743E-02
  0.389018E+01  0.157059E+00  0.934506E-02
  0.389291E+01  0.150321E+00  0.925725E-02
  0.389565E+01  0.154204E+00  0.934973E-02
  0.389838E+01  0.142370E+00  0.928001E-02
  0.390112E+01  0.156644E+00  0.927293E-02
  0.390385E+01  0.146436E+00  0.920419E-02
  0.390658E+01  0.149838E+00  0.917234E-02
  0.390932E+01  0.148665E+00  0.924987E-02
  0.391205E+01  0.144668E+00  0.924991E-02
  0.391479E+01  0.151834E+00  0.932955E-02
  0.391752E+01  0.138267E+00  0.926331E-02
  0.392025E+01  0.153788E+00  0.926352E-02
  0.392299E+01  0.152501E+00  0.927970E-02
  0.392572E+01  0.161657E+00  0.923540E-02
  0.392846E+01  0.134744E+00  0.919292E-02
  0.393119E+01  0.147826E+00  0.920622E-02
  0.393392E+01  0.129605E+00  0.915804E-02
  0.393666E+01  0.162276E+00  0.107110E-01
  0.393939E+01  0.165213E+00  0.115073E-01
  0.394213E+01  0.144874E+00  0.117567E-01
  0.394486E+01  0.153412E+00  0.127267E-01
  0.394759E+01  0.162042E+00  0.135473E-01
  0.395033E+01  0.164930E+00  0.139111E-01
  0.395306E+01  0.142180E+00  0.143089E-01
  0.395580E+01  0.164085E+00  0.148047E-01
  0.395853E+01  0.138909E+00  0.153942E-01
  0.396127E+01  0.175114E+00  0.160731E-01
  0.396400E+01  0.143132E+00  0.120455E-01
  0.396673E+01  0.143328E+00  0.111466E-01
  0.396947E+01  0.139024E+00  0.108577E-01
  0.397220E+01  0.168274E+00  0.107912E-01
  0.397494E+01  0.134988E+00  0.103991E-01
  0.397767E+01  0.179258E+00  0.104076E-01
  0.398040E+01  0.163129E+00  0.103577E-01
  0.398314E+01  0.155739E+00  0.102557E-01
  0.398587E+01  0.155210E+00  0.103016E-01
  0.398861E+01  0.156587E+00  0.102417E-01
  0.399134E+01  0.147204E+00  0.101459E-01
  0.399407E+01  0.152895E+00  0.100279E-01
  0.399681E+01  0.146086E+00  0.100621E-01
  0.399954E+01  0.150519E+00  0.101103E-01
  0.400228E+01  0.138116E+00  0.100268E-01
  0.400501E+01  0.163782E+00  0.101729E-01
  0.400774E+01  0.155401E+00  0.100147E-01
  0.401048E+01  0.163136E+00  0.995148E-02
  0.401321E+01  0.166490E+00  0.994807E-02
  0.401595E+01  0.140216E+00  0.978058E-02
  0.401868E+01  0.153591E+00  0.978290E-02
  0.402141E+01  0.157311E+00  0.967388E-02
  0.402415E+01  0.145912E+00  0.964090E-02
  0.402688E+01  0.150097E+00  0.954828E-02
  0.402962E+01  0.143448E+00  0.950418E-02
  0.403235E+01  0.165662E+00  0.946553E-02
  0.403508E+01  0.160907E+00  0.940484E-02
  0.403782E+01  0.142968E+00  0.928389E-02
  0.404055E+01  0.158793E+00  0.937199E-02
  0.404329E+01  0.159523E+00  0.932048E-02
  0.404602E+01  0.161623E+00  0.928405E-02
  0.404875E+01  0.162974E+00  0.938324E-02
  0.405149E+01  0.151490E+00  0.933080E-02
  0.405422E+01  0.145459E+00  0.928703E-02
  0.405696E+01  0.159222E+00  0.934952E-02
  0.405969E+01  0.150381E+00  0.922733E-02
  0.406242E+01  0.147657E+00  0.936311E-02
  0.406516E+01  0.133957E+00  0.918835E-02
  0.406789E+01  0.154358E+00  0.930378E-02
  0.407063E+01  0.154393E+00  0.924900E-02
  0.407336E+01  0.149943E+00  0.930999E-02
  0.407610E+01  0.175925E+00  0.929873E-02
  0.407883E+01  0.144181E+00  0.930115E-02
  0.408156E+01  0.146370E+00  0.929895E-02
  0.408430E+01  0.161581E+00  0.934714E-02
  0.408703E+01  0.157674E+00  0.929893E-02
  0.408977E+01  0.164889E+00  0.936158E-02
  0.409250E+01  0.148394E+00  0.932869E-02
  0.409523E+01  0.158259E+00  0.942668E-02
  0.409797E+01  0.135126E+00  0.924520E-02
  0.410070E+01  0.151738E+00  0.933084E-02
  0.410344E+01  0.162901E+00  0.932071E-02
  0.410617E+01  0.160951E+00  0.925118E-02
  0.410890E+01  0.163332E+00  0.934427E-02
  0.411164E+01  0.160552E+00  0.925153E-02
  0.411437E+01  0.153660E+00  0.937399E-02
  0.411711E+01  0.155803E+00  0.928180E-02
  0.411984E+01  0.178488E+00  0.936392E-02
  0.412257E+01  0.164996E+00  0.926279E-02
  0.412531E+01  0.147887E+00  0.917522E-02
  0.412804E+01  0.152523E+00  0.930628E-02
  0.413078E+01  0.153900E+00  0.927523E-02
  0.413351E+01  0.171331E+00  0.933227E-02
  0.413624E+01  0.163538E+00  0.927347E-02
  0.413898E+01  0.162584E+00  0.932845E-02
  0.414171E+01  0.170578E+00  0.930889E-02
  0.414445E+01  0.164958E+00  0.931739E-02
  0.414718E+01  0.164510E+00  0.932250E-02
  0.414991E+01  0.160966E+00  0.934028E-02
  0.415265E+01  0.154073E+00  0.923606E-02
  0.415538E+01  0.161803E+00  0.936054E-02
  0.415812E+01  0.175571E+00  0.928683E-02
  0.416085E+01  0.166909E+00  0.924564E-02
  0.416358E+01  0.151800E+00  0.928138E-02
  0.416632E+01  0.164470E+00  0.929502E-02
  0.416905E+01  0.163408E+00  0.925811E-02
  0.417179E+01  0.150684E+00  0.931191E-02
  0.417452E+01  0.172835E+00  0.926581E-02
  0.417725E+01  0.156772E+00  0.933825E-02
  0.417999E+01  0.162379E+00  0.933462E-02
  0.418272E+01  0.156336E+00  0.929569E-02
  0.418546E+01  0.159519E+00  0.934150E-02
  0.418819E+01  0.173144E+00  0.937006E-02
  0.419092E+01  0.166894E+00  0.934453E-02
  0.419366E+01  0.136918E+00  0.923327E-02
  0.419639E+01  0.150576E+00  0.936499E-02
  0.419913E+01  0.157106E+00  0.930961E-02
  0.420186E+01  0.162889E+00  0.937440E-02
  0.420460E+01  0.142836E+00  0.922699E-02
  0.420733E+01  0.168723E+00  0.929738E-02
  0.421006E+01  0.159809E+00  0.926305E-02
  0.421280E+01  0.168772E+00  0.936846E-02
  0.421553E+01  0.150343E+00  0.928223E-02
  0.421827E+01  0.164554E+00  0.926069E-02
  0.422100E+01  0.153221E+00  0.931966E-02
  0.422373E+01  0.152284E+00  0.930916E-02
  0.422647E+01  0.147340E+00  0.931032E-02
  0.422920E+01  0.152326E+00  0.929101E-02
  0.423194E+01  0.155370E+00  0.928310E-02
  0.423467E+01  0.152138E+00  0.928732E-02
  0.423740E+01  0.146827E+00  0.929733E-02
  0.424014E+01  0.163923E+00  0.929029E-02
  0.424287E+01  0.161895E+00  0.931897E-02
  0.424561E+01  0.169450E+00  0.932699E-02
  0.424834E+01  0.148003E+00  0.928963E-02
  0.425107E+01  0.163922E+00  0.925331E-02
  0.425381E+01  0.153616E+00  0.925745E-02
  0.425654E+01  0.166339E+00  0.931635E-02
  0.425928E+01  0.171160E+00  0.942856E-02
  0.426201E+01  0.162242E+00  0.926595E-02
  0.426474E+01  0.164733E+00  0.932378E-02
  0.426748E+01  0.164247E+00  0.932559E-02
  0.427021E+01  0.163178E+00  0.931082E-02
  0.427295E+01  0.169551E+00  0.934458E-02
  0.427568E+01  0.160219E+00  0.925136E-02
  0.427841E+01  0.159920E+00  0.932971E-02
  0.428115E+01  0.162540E+00  0.937743E-02
  0.428388E+01  0.147536E+00  0.914455E-02
  0.428662E+01  0.159168E+00  0.923531E-02
  0.428935E+01  0.170629E+00  0.927855E-02
  0.429208E+01  0.150112E+00  0.926501E-02
  0.429482E+01  0.167047E+00  0.921991E-02
  0.429755E+01  0.173839E+00  0.929660E-02
  0.430029E+01  0.166890E+00  0.927711E-02
  0.430302E+01  0.164686E+00  0.930971E-02
  0.430575E+01  0.157658E+00  0.920960E-02
  0.430849E+01  0.158115E+00  0.927264E-02
  0.431122E+01  0.161654E+00  0.928880E-02
  0.431396E+01  0.172799E+00  0.929237E-02
  0.431669E+01  0.160094E+00  0.931913E-02
  0.431942E+01  0.172710E+00  0.927917E-02
  0.432216E+01  0.164913E+00  0.930116E-02
  0.432489E+01  0.145739E+00  0.926574E-02
  0.432763E+01  0.167806E+00  0.933873E-02
  0.433036E+01  0.158041E+00  0.919439E-02
  0.433310E+01  0.144032E+00  0.927950E-02
  0.433583E+01  0.150211E+00  0.928141E-02
  0.433856E+01  0.154189E+00  0.922521E-02
  0.434130E+01  0.158721E+00  0.921933E-02
  0.434403E+01  0.147502E+00  0.929229E-02
  0.434677E+01  0.173825E+00  0.930176E-02
  0.434950E+01  0.161892E+00  0.926957E-02
  0.435223E+01  0.163147E+00  0.926345E-02
  0.435497E+01  0.163281E+00  0.920749E-02
  0.435770E+01  0.164565E+00  0.926535E-02
  0.436044E+01  0.164474E+00  0.928233E-02
  0.436317E+01  0.151409E+00  0.934549E-02
  0.436590E+01  0.159943E+00  0.921903E-02
  0.436864E+01  0.163909E+00  0.927382E-02
  0.437137E+01  0.161757E+00  0.919785E-02
  0.437411E+01  0.178507E+00  0.931818E-02
  0.437684E+01  0.173945E+00  0.930453E-02
  0.437957E+01  0.157562E+00  0.929205E-02
  0.438231E+01  0.161359E+00  0.933151E-02
  0.438504E+01  0.155611E+00  0.930997E-02
  0.438778E+01  0.167831E+00  0.921523E-02
  0.439051E+01  0.166524E+00  0.922768E-02
  0.439324E+01  0.165687E+00  0.925766E-02
  0.439598E+01  0.158895E+00  0.929222E-02
  0.439871E+01  0.151983E+00  0.923401E-02
  0.440145E+01  0.167728E+00  0.921845E-02
  0.440418E+01  0.156086E+00  0.926272E-02
  0.440691E+01  0.159871E+00  0.930653E-02
  0.440965E+01  0.174747E+00  0.934295E-02
  0.441238E+01  0.166352E+00  0.931061E-02
  0.441512E+01  0.167228E+00  0.927197E-02
  0.441785E+01  0.167020E+00  0.929496E-02
  0.442058E+01  0.156153E+00  0.925468E-02
  0.442332E+01  0.156581E+00  0.933166E-02
  0.442605E+01  0.166010E+00  0.931624E-02
  0.442879E+01  0.163674E+00  0.920777E-02
  0.443152E+01  0.167392E+00  0.919544E-02
  0.443425E+01  0.172932E+00  0.928958E-02
  0.443699E+01  0.166843E+00  0.921852E-02
  0.443972E+01  0.161794E+00  0.918905E-02
  0.444246E+01  0.165926E+00  0.931118E-02
  0.444519E+01  0.167251E+00  0.933074E-02
  0.444792E+01  0.153225E+00  0.915497E-02
  0.445066E+01  0.165382E+00  0.935032E-02
  0.445339E+01  0.175568E+00  0.934593E-02
  0.445613E+01  0.167662E+00  0.921382E-02
  0.445886E+01  0.160773E+00  0.916906E-02
  0.446160E+01  0.154117E+00  0.920158E-02
  0.446433E+01  0.158978E+00  0.921472E-02
  0.446706E+01  0.155975E+00  0.922717E-02
  0.446980E+01  0.166120E+00  0.922780E-02
  0.447253E+01  0.149527E+00  0.922041E-02
  0.447527E+01  0.162766E+00  0.923229E-02
  0.447800E+01  0.170548E+00  0.924702E-02
  0.448073E+01  0.161153E+00  0.923356E-02
  0.448347E+01  0.176213E+00  0.928740E-02
  0.448620E+01  0.171483E+00  0.927838E-02
  0.448894E+01  0.178961E+00  0.927933E-02
  0.449167E+01  0.175332E+00  0.930504E-02
  0.449440E+01  0.160365E+00  0.925620E-02
  0.449714E+01  0.171329E+00  0.930241E-02
  0.449987E+01  0.172009E+00  0.925384E-02
  0.450261E+01  0.180575E+00  0.933058E-02
  0.450534E+01  0.165663E+00  0.925197E-02
  0.450807E+01  0.167470E+00  0.927955E-02
  0.451081E+01  0.164145E+00  0.929959E-02
  0.451354E+01  0.161081E+00  0.932570E-02
  0.451628E+01  0.179576E+00  0.929041E-02
  0.451901E+01  0.157318E+00  0.924076E-02
  0.452174E+01  0.164483E+00  0.928771E-02
  0.452448E+01  0.158309E+00  0.923418E-02
  0.452721E+01  0.169108E+00  0.935469E-02
  0.452995E+01  0.179757E+00  0.928354E-02
  0.453268E+01  0.158670E+00  0.919967E-02
  0.453541E+01  0.179190E+00  0.936877E-02
  0.453815E+01  0.161250E+00  0.931267E-02
  0.454088E+01  0.154665E+00  0.926301E-02
  0.454362E+01  0.169844E+00  0.926402E-02
  0.454635E+01  0.180861E+00  0.935982E-02
  0.454908E+01  0.180400E+00  0.927750E-02
  0.455182E+01  0.145911E+00  0.920504E-02
  0.455455E+01  0.170019E+00  0.924775E-02
  0.455729E+01  0.186554E+00  0.931332E-02
  0.456002E+01  0.168568E+00  0.926906E-02
  0.456275E+01  0.157894E+00  0.928596E-02
  0.456549E+01  0.167799E+00  0.927741E-02
  0.456822E+01  0.168154E+00  0.919594E-02
  0.457096E+01  0.174971E+00  0.925791E-02
  0.457369E+01  0.160764E+00  0.920336E-02
  0.457643E+01  0.154561E+00  0.924659E-02
  0.457916E+01  0.161794E+00  0.929481E-02
  0.458189E+01  0.162188E+00  0.924706E-02
  0.458463E+01  0.178177E+00  0.932976E-02
  0.458736E+01  0.161507E+00  0.926264E-02
  0.459010E+01  0.173873E+00  0.936670E-02
  0.459283E+01  0.158287E+00  0.934337E-02
  0.459556E+01  0.154428E+00  0.920734E-02
  0.459830E+01  0.163250E+00  0.933755E-02
  0.460103E+01  0.163993E+00  0.925314E-02
  0.460377E+01  0.172685E+00  0.929802E-02
  0.460650E+01  0.163766E+00  0.929102E-02
  0.460923E+01  0.175109E+00  0.928446E-02
  0.461197E+01  0.163059E+00  0.929029E-02
  0.461470E+01  0.153823E+00  0.922349E-02
  0.461744E+01  0.150601E+00  0.920228E-02
  0.462017E+01  0.156626E+00  0.925857E-02
  0.462290E+01  0.162948E+00  0.920153E-02
  0.462564E+01  0.164880E+00  0.917188E-02
  0.462837E+01  0.157863E+00  0.931166E-02
  0.463111E+01  0.165746E+00  0.927266E-02
  0.463384E+01  0.159778E+00  0.929396E-02
  0.463657E+01  0.179274E+00  0.933129E-02
  0.463931E+01  0.164606E+00  0.918765E-02
  0.464204E+01  0.170353E+00  0.924318E-02
  0.464478E+01  0.162827E+00  0.922898E-02
  0.464751E+01  0.168338E+00  0.925319E-02
  0.465024E+01  0.157041E+00  0.926087E-02
  0.465298E+01  0.171130E+00  0.921404E-02
  0.465571E+01  0.151165E+00  0.923325E-02
  0.465845E+01  0.169831E+00  0.927362E-02
  0.466118E+01  0.160151E+00  0.921900E-02
  0.466391E+01  0.162652E+00  0.920848E-02
  0.466665E+01  0.149561E+00  0.909648E-02
  0.466938E+01  0.168404E+00  0.923262E-02
  0.467212E+01  0.157088E+00  0.928056E-02
  0.467485E+01  0.157409E+00  0.912268E-02
  0.467758E+01  0.147020E+00  0.921337E-02
  0.468032E+01  0.168521E+00  0.923763E-02
  0.468305E+01  0.146362E+00  0.922819E-02
  0.468579E+01  0.156700E+00  0.925364E-02
  0.468852E+01  0.172198E+00  0.930060E-02
  0.469125E+01  0.157933E+00  0.920993E-02
  0.469399E+01  0.169577E+00  0.932919E-02
  0.469672E+01  0.179089E+00  0.931360E-02
  0.469946E+01  0.164260E+00  0.925419E-02
  0.470219E+01  0.166295E+00  0.928339E-02
  0.470493E+01  0.157251E+00  0.927978E-02
  0.470766E+01  0.157283E+00  0.932267E-02
  0.471039E+01  0.170725E+00  0.925225E-02
  0.471313E+01  0.170728E+00  0.933877E-02
  0.471586E+01  0.168073E+00  0.934288E-02
  0.471860E+01  0.167131E+00  0.931587E-02
  0.472133E+01  0.171583E+00  0.937967E-02
  0.472406E+01  0.175239E+00  0.932042E-02
  0.472680E+01  0.152954E+00  0.928987E-02
  0.472953E+01  0.161083E+00  0.927246E-02
  0.473227E+01  0.149690E+00  0.932468E-02
  0.473500E+01  0.169545E+00  0.930335E-02
  0.473773E+01  0.157597E+00  0.920687E-02
  0.474047E+01  0.156989E+00  0.926218E-02
  0.474320E+01  0.153570E+00  0.939361E-02
  0.474594E+01  0.152440E+00  0.931540E-02
  0.474867E+01  0.162641E+00  0.930898E-02
  0.475140E+01  0.163937E+00  0.934232E-02
  0.475414E+01  0.156275E+00  0.923379E-02
  0.475687E+01  0.159623E+00  0.936112E-02
  0.475961E+01  0.164548E+00  0.942130E-02
  0.476234E+01  0.182030E+00  0.936160E-02
  0.476507E+01  0.161556E+00  0.930834E-02
  0.476781E+01  0.159920E+00  0.926873E-02
  0.477054E+01  0.170294E+00  0.945483E-02
  0.477328E+01  0.166373E+00  0.924951E-02
  0.477601E+01  0.175922E+00  0.942860E-02
  0.477874E+01  0.173447E+00  0.937931E-02
  0.478148E+01  0.154554E+00  0.928205E-02
  0.478421E+01  0.145284E+00  0.934744E-02
  0.478695E+01  0.164838E+00  0.930432E-02
  0.478968E+01  0.160669E+00  0.937020E-02
  0.479241E+01  0.171298E+00  0.933059E-02
  0.479515E+01  0.145779E+00  0.931660E-02
  0.479788E+01  0.161720E+00  0.936194E-02
  0.480062E+01  0.166722E+00  0.933344E-02
  0.480335E+01  0.169293E+00  0.930540E-02
  0.480608E+01  0.173315E+00  0.937948E-02
  0.480882E+01  0.164666E+00  0.933433E-02
  0.481155E+01  0.175994E+00  0.937598E-02
  0.481429E+01  0.164735E+00  0.937094E-02
  0.481702E+01  0.165107E+00  0.928152E-02
  0.481975E+01  0.156686E+00  0.933151E-02
  0.482249E+01  0.181304E+00  0.943779E-02
  0.482522E+01  0.176035E+00  0.935881E-02
  0.482796E+01  0.167387E+00  0.940548E-02
  0.483069E+01  0.164904E+00  0.927437E-02
  0.483343E+01  0.156855E+00  0.935915E-02
  0.483616E+01  0.165466E+00  0.935941E-02
  0.483889E+01  0.163382E+00  0.938942E-02
  0.484163E+01  0.182428E+00  0.950203E-02
  0.484436E+01  0.159151E+00  0.928069E-02
  0.484710E+01  0.154656E+00  0.928651E-02
  0.484983E+01  0.160405E+00  0.939567E-02
  0.485256E+01  0.165093E+00  0.928100E-02
  0.485530E+01  0.167544E+00  0.931358E-02
  0.485803E+01  0.162789E+00  0.936323E-02
  0.486077E+01  0.156427E+00  0.937673E-02
  0.486350E+01  0.159807E+00  0.935539E-02
  0.486623E+01  0.155280E+00  0.934484E-02
  0.486897E+01  0.181779E+00  0.938771E-02
  0.487170E+01  0.161798E+00  0.933945E-02
  0.487444E+01  0.162262E+00  0.935867E-02
  0.487717E+01  0.171009E+00  0.926778E-02
  0.487990E+01  0.179305E+00  0.935720E-02
  0.488264E+01  0.174296E+00  0.953559E-02
  0.488537E+01  0.162204E+00  0.930210E-02
  0.488811E+01  0.162026E+00  0.943782E-02
  0.489084E+01  0.160016E+00  0.936219E-02
  0.489357E+01  0.155386E+00  0.939124E-02
  0.489631E+01  0.161102E+00  0.935254E-02
  0.489904E+01  0.161220E+00  0.929115E-02
  0.490178E+01  0.173770E+00  0.944133E-02
  0.490451E+01  0.161899E+00  0.931375E-02
  0.490724E+01  0.169451E+00  0.946400E-02
  0.490998E+01  0.177731E+00  0.937279E-02
  0.491271E+01  0.180269E+00  0.937302E-02
  0.491545E+01  0.169397E+00  0.941070E-02
  0.491818E+01  0.176462E+00  0.946474E-02
  0.492091E+01  0.158672E+00  0.931315E-02
  0.492365E+01  0.157351E+00  0.928265E-02
  0.492638E+01  0.169025E+00  0.940469E-02
  0.492912E+01  0.165608E+00  0.944328E-02
  0.493185E+01  0.173315E+00  0.936908E-02
  0.493458E+01  0.172979E+00  0.940186E-02
  0.493732E+01  0.178042E+00  0.952086E-02
  0.494005E+01  0.162391E+00  0.942392E-02
  0.494279E+01  0.163620E+00  0.945405E-02
  0.494552E+01  0.175419E+00  0.936865E-02
  0.494825E+01  0.175396E+00  0.945541E-02
  0.495099E+01  0.165810E+00  0.943830E-02
  0.495372E+01  0.174627E+00  0.936085E-02
  0.495646E+01  0.179461E+00  0.941531E-02
  0.495919E+01  0.174573E+00  0.933596E-02
  0.496193E+01  0.177277E+00  0.946121E-02
  0.496466E+01  0.167506E+00  0.945321E-02
  0.496739E+01  0.172259E+00  0.941778E-02
  0.497013E+01  0.160164E+00  0.936192E-02
  0.497286E+01  0.163076E+00  0.942944E-02
  0.497560E+01  0.174693E+00  0.942402E-02
  0.497833E+01  0.166768E+00  0.941895E-02
  0.498106E+01  0.164871E+00  0.944933E-02
  0.498380E+01  0.164734E+00  0.946660E-02
  0.498653E+01  0.174940E+00  0.948322E-02
  0.498927E+01  0.167719E+00  0.936440E-02
  0.499200E+01  0.160276E+00  0.941005E-02
  0.499473E+01  0.175689E+00  0.950008E-02
  0.499747E+01  0.176841E+00  0.941658E-02
  0.500020E+01  0.160741E+00  0.934269E-02
  0.500294E+01  0.179537E+00  0.950664E-02
  0.500567E+01  0.168594E+00  0.944580E-02
  0.500840E+01  0.167621E+00  0.944229E-02
  0.501114E+01  0.172619E+00  0.943639E-02
  0.501387E+01  0.163348E+00  0.944452E-02
  0.501661E+01  0.150220E+00  0.937483E-02
  0.501934E+01  0.142706E+00  0.943111E-02
  0.502207E+01  0.178906E+00  0.947745E-02
  0.502481E+01  0.171914E+00  0.943860E-02
  0.502754E+01  0.156562E+00  0.949177E-02
  0.503028E+01  0.166490E+00  0.942921E-02
  0.503301E+01  0.170823E+00  0.947515E-02
  0.503574E+01  0.173559E+00  0.943691E-02
  0.503848E+01  0.175686E+00  0.943595E-02
  0.504121E+01  0.154285E+00  0.937933E-02
  0.504395E+01  0.184259E+00  0.947074E-02
  0.504668E+01  0.158669E+00  0.932269E-02
  0.504941E+01  0.183489E+00  0.950069E-02
  0.505215E+01  0.156825E+00  0.953859E-02
  0.505488E+01  0.165953E+00  0.949785E-02
  0.505762E+01  0.165217E+00  0.951648E-02
  0.506035E+01  0.168355E+00  0.944490E-02
  0.506308E+01  0.172188E+00  0.951426E-02
  0.506582E+01  0.181326E+00  0.951231E-02
  0.506855E+01  0.176541E+00  0.953332E-02
  0.507129E+01  0.179311E+00  0.948281E-02
  0.507402E+01  0.168569E+00  0.952449E-02
  0.507676E+01  0.175741E+00  0.949465E-02
  0.507949E+01  0.169930E+00  0.953010E-02
  0.508222E+01  0.174252E+00  0.955061E-02
  0.508496E+01  0.173078E+00  0.948906E-02
  0.508769E+01  0.163871E+00  0.947459E-02
  0.509043E+01  0.175075E+00  0.944597E-02
  0.509316E+01  0.174088E+00  0.947863E-02
  0.509589E+01  0.164545E+00  0.950134E-02
  0.509863E+01  0.153183E+00  0.947692E-02
  0.510136E+01  0.174796E+00  0.955056E-02
  0.510410E+01  0.183293E+00  0.949094E-02
  0.510683E+01  0.172537E+00  0.963633E-02
  0.510956E+01  0.165980E+00  0.955883E-02
  0.511230E+01  0.177456E+00  0.949774E-02
  0.511503E+01  0.167151E+00  0.947654E-02
  0.511777E+01  0.172133E+00  0.953531E-02
  0.512050E+01  0.180330E+00  0.947603E-02
  0.512323E+01  0.174826E+00  0.942852E-02
  0.512597E+01  0.168433E+00  0.947506E-02
  0.512870E+01  0.161803E+00  0.953298E-02
  0.513144E+01  0.157542E+00  0.950263E-02
  0.513417E+01  0.154628E+00  0.944119E-02
  0.513690E+01  0.177375E+00  0.955514E-02
  0.513964E+01  0.150956E+00  0.954101E-02
  0.514237E+01  0.173340E+00  0.945416E-02
  0.514511E+01  0.176273E+00  0.950251E-02
  0.514784E+01  0.173739E+00  0.956785E-02
  0.515057E+01  0.177104E+00  0.955435E-02
  0.515331E+01  0.177222E+00  0.958617E-02
  0.515604E+01  0.173369E+00  0.961869E-02
  0.515878E+01  0.176729E+00  0.953298E-02
  0.516151E+01  0.174789E+00  0.958536E-02
  0.516424E+01  0.152140E+00  0.951730E-02
  0.516698E+01  0.164905E+00  0.956478E-02
  0.516971E+01  0.167440E+00  0.962849E-02
  0.517245E+01  0.168306E+00  0.960373E-02
  0.517518E+01  0.167588E+00  0.956381E-02
  0.517791E+01  0.152551E+00  0.953294E-02
  0.518065E+01  0.167115E+00  0.957521E-02
  0.518338E+01  0.153765E+00  0.953471E-02
  0.518612E+01  0.175397E+00  0.952312E-02
  0.518885E+01  0.165481E+00  0.960156E-02
  0.519158E+01  0.183339E+00  0.956425E-02
  0.519432E+01  0.179929E+00  0.970500E-02
  0.519705E+01  0.167276E+00  0.969862E-02
  0.519979E+01  0.171341E+00  0.963117E-02
  0.520252E+01  0.154584E+00  0.953850E-02
  0.520526E+01  0.183133E+00  0.959015E-02
  0.520799E+01  0.185015E+00  0.961076E-02
  0.521072E+01  0.173400E+00  0.961301E-02
  0.521346E+01  0.185259E+00  0.971966E-02
  0.521619E+01  0.194312E+00  0.960790E-02
  0.521893E+01  0.173255E+00  0.959202E-02
  0.522166E+01  0.176495E+00  0.960287E-02
  0.522439E+01  0.168043E+00  0.958432E-02
  0.522713E+01  0.169402E+00  0.957277E-02
  0.522986E+01  0.176286E+00  0.961916E-02
  0.523260E+01  0.171082E+00  0.956385E-02
  0.523533E+01  0.183955E+00  0.965256E-02
  0.523806E+01  0.175616E+00  0.964040E-02
  0.524080E+01  0.184475E+00  0.971975E-02
  0.524353E+01  0.169894E+00  0.950990E-02
  0.524627E+01  0.156586E+00  0.967183E-02
  0.524900E+01  0.160224E+00  0.967454E-02
  0.525173E+01  0.174044E+00  0.966864E-02
  0.525447E+01  0.169988E+00  0.965509E-02
  0.525720E+01  0.177945E+00  0.969215E-02
  0.525994E+01  0.185384E+00  0.967124E-02
  0.526267E+01  0.166257E+00  0.959948E-02
  0.526540E+01  0.173480E+00  0.966778E-02
  0.526814E+01  0.180239E+00  0.969407E-02
  0.527087E+01  0.183363E+00  0.974590E-02
  0.527361E+01  0.175693E+00  0.952990E-02
  0.527634E+01  0.181471E+00  0.966787E-02
  0.527907E+01  0.173879E+00  0.961207E-02
  0.528181E+01  0.172145E+00  0.969955E-02
  0.528454E+01  0.189599E+00  0.962595E-02
  0.528728E+01  0.194298E+00  0.114147E-01
  0.529001E+01  0.191194E+00  0.122964E-01
  0.529274E+01  0.178638E+00  0.133093E-01
  0.529548E+01  0.183022E+00  0.141922E-01
  0.529821E+01  0.170460E+00  0.148961E-01
  0.530095E+01  0.180045E+00  0.153391E-01
  0.530368E+01  0.167003E+00  0.163715E-01
  0.530641E+01  0.144791E+00  0.168616E-01
  0.530915E+01  0.199879E+00  0.180255E-01
  0.531188E+01  0.160350E+00  0.123962E-01
  0.531462E+01  0.159909E+00  0.118598E-01
  0.531735E+01  0.156026E+00  0.112548E-01
  0.532008E+01  0.182129E+00  0.109481E-01
  0.532282E+01  0.175068E+00  0.108796E-01
  0.532555E+01  0.186334E+00  0.108316E-01
  0.532829E+01  0.218231E+00  0.108569E-01
  0.533102E+01  0.182740E+00  0.106761E-01
  0.533376E+01  0.168603E+00  0.106055E-01
  0.533649E+01  0.172282E+00  0.105523E-01
  0.533922E+01  0.185328E+00  0.105984E-01
  0.534196E+01  0.170224E+00  0.106485E-01
  0.534469E+01  0.183332E+00  0.105326E-01
  0.534743E+01  0.169572E+00  0.102312E-01
  0.535016E+01  0.167930E+00  0.102051E-01
  0.535289E+01  0.181551E+00  0.100715E-01
  0.535563E+01  0.179327E+00  0.993133E-02
  0.535836E+01  0.177886E+00  0.989394E-02
  0.536110E+01  0.171824E+00  0.977343E-02
  0.536383E+01  0.189770E+00  0.975903E-02
  0.536656E+01  0.169546E+00  0.950890E-02
  0.536930E+01  0.179555E+00  0.966233E-02
  0.537203E+01  0.165830E+00  0.962733E-02
  0.537477E+01  0.175664E+00  0.967739E-02
  0.537750E+01  0.173358E+00  0.967391E-02
  0.538023E+01  0.188227E+00  0.966263E-02
  0.538297E+01  0.192929E+00  0.969040E-02
  0.538570E+01  0.181124E+00  0.967494E-02
  0.538844E+01  0.182278E+00  0.965879E-02
  0.539117E+01  0.185319E+00  0.952267E-02
  0.539390E+01  0.181014E+00  0.970307E-02
  0.539664E+01  0.176693E+00  0.968101E-02
  0.539937E+01  0.169348E+00  0.970433E-02
  0.540211E+01  0.165054E+00  0.965537E-02
  0.540484E+01  0.173211E+00  0.965875E-02
  0.540757E+01  0.169592E+00  0.966672E-02
  0.541031E+01  0.184715E+00  0.971225E-02
  0.541304E+01  0.184347E+00  0.977709E-02
  0.541578E+01  0.178386E+00  0.970934E-02
  0.541851E+01  0.180642E+00  0.965097E-02
  0.542124E+01  0.162192E+00  0.957706E-02
  0.542398E+01  0.159197E+00  0.961261E-02
  0.542671E+01  0.161844E+00  0.978034E-02
  0.542945E+01  0.168055E+00  0.967538E-02
  0.543218E+01  0.177360E+00  0.963077E-02
  0.543491E+01  0.174927E+00  0.971334E-02
  0.543765E+01  0.169463E+00  0.970888E-02
  0.544038E+01  0.167523E+00  0.960604E-02
  0.544312E+01  0.181845E+00  0.973448E-02
  0.544585E+01  0.191142E+00  0.967068E-02
  0.544858E+01  0.175865E+00  0.972512E-02
  0.545132E+01  0.174998E+00  0.975418E-02
  0.545405E+01  0.176215E+00  0.965764E-02
  0.545679E+01  0.171215E+00  0.967438E-02
  0.545952E+01  0.174087E+00  0.970094E-02
  0.546226E+01  0.183116E+00  0.967708E-02
  0.546499E+01  0.176942E+00  0.971382E-02
  0.546772E+01  0.168512E+00  0.978689E-02
  0.547046E+01  0.173187E+00  0.963207E-02
  0.547319E+01  0.179005E+00  0.959417E-02
  0.547593E+01  0.175146E+00  0.962595E-02
  0.547866E+01  0.175447E+00  0.965788E-02
  0.548139E+01  0.178762E+00  0.970280E-02
  0.548413E+01  0.175822E+00  0.972865E-02
  0.548686E+01  0.172264E+00  0.965156E-02
  0.548960E+01  0.188228E+00  0.968303E-02
  0.549233E+01  0.171085E+00  0.966595E-02
  0.549506E+01  0.191956E+00  0.963176E-02
  0.549780E+01  0.181581E+00  0.971630E-02
  0.550053E+01  0.161450E+00  0.967774E-02
  0.550327E+01  0.185437E+00  0.974930E-02
  0.550600E+01  0.192730E+00  0.974990E-02
  0.550873E+01  0.173121E+00  0.969390E-02
  0.551147E+01  0.185697E+00  0.965154E-02
  0.551420E+01  0.177479E+00  0.964103E-02
  0.551694E+01  0.170379E+00  0.975752E-02
  0.551967E+01  0.169262E+00  0.978051E-02
  0.552240E+01  0.189716E+00  0.982086E-02
  0.552514E+01  0.165579E+00  0.964625E-02
  0.552787E+01  0.195268E+00  0.115181E-01
  0.553061E+01  0.177869E+00  0.124801E-01
  0.553334E+01  0.175274E+00  0.136365E-01
  0.553607E+01  0.178081E+00  0.110556E-01
  0.553881E+01  0.169821E+00  0.105642E-01
  0.554154E+01  0.181632E+00  0.103719E-01
  0.554428E+01  0.186515E+00  0.101346E-01
  0.554701E+01  0.163418E+00  0.101378E-01
  0.554974E+01  0.175604E+00  0.101932E-01
  0.555248E+01  0.168714E+00  0.100284E-01
  0.555521E+01  0.176794E+00  0.101414E-01
  0.555795E+01  0.182749E+00  0.101033E-01
  0.556068E+01  0.179988E+00  0.999579E-02
  0.556341E+01  0.180568E+00  0.100689E-01
  0.556615E+01  0.179405E+00  0.993264E-02
  0.556888E+01  0.173947E+00  0.999883E-02
  0.557162E+01  0.175866E+00  0.997448E-02
  0.557435E+01  0.177244E+00  0.100520E-01
  0.557709E+01  0.194073E+00  0.100370E-01
  0.557982E+01  0.171003E+00  0.100149E-01
  0.558255E+01  0.164415E+00  0.990644E-02
  0.558529E+01  0.175655E+00  0.977293E-02
  0.558802E+01  0.172827E+00  0.964565E-02
  0.559076E+01  0.181155E+00  0.974407E-02
  0.559349E+01  0.170821E+00  0.970797E-02
  0.559622E+01  0.178779E+00  0.972708E-02
  0.559896E+01  0.169800E+00  0.980699E-02
  0.560169E+01  0.168360E+00  0.973784E-02
  0.560443E+01  0.172463E+00  0.970712E-02
  0.560716E+01  0.182097E+00  0.973442E-02
  0.560989E+01  0.164253E+00  0.970330E-02
  0.561263E+01  0.178674E+00  0.978156E-02
  0.561536E+01  0.178877E+00  0.968022E-02
  0.561810E+01  0.187222E+00  0.974643E-02
  0.562083E+01  0.179683E+00  0.974366E-02
  0.562356E+01  0.178609E+00  0.970322E-02
  0.562630E+01  0.178693E+00  0.987385E-02
  0.562903E+01  0.163668E+00  0.969790E-02
  0.563177E+01  0.187830E+00  0.966823E-02
  0.563450E+01  0.168533E+00  0.971038E-02
  0.563723E+01  0.176806E+00  0.973946E-02
  0.563997E+01  0.177078E+00  0.966118E-02
  0.564270E+01  0.182261E+00  0.967835E-02
  0.564544E+01  0.179280E+00  0.972391E-02
  0.564817E+01  0.179916E+00  0.968678E-02
  0.565090E+01  0.167044E+00  0.971718E-02
  0.565364E+01  0.164336E+00  0.964220E-02
  0.565637E+01  0.185030E+00  0.974119E-02
  0.565911E+01  0.176905E+00  0.967918E-02
  0.566184E+01  0.177419E+00  0.974463E-02
  0.566457E+01  0.187133E+00  0.975054E-02
  0.566731E+01  0.170952E+00  0.977619E-02
  0.567004E+01  0.161474E+00  0.971660E-02
  0.567278E+01  0.190941E+00  0.969362E-02
  0.567551E+01  0.173850E+00  0.974514E-02
  0.567824E+01  0.180181E+00  0.969659E-02
  0.568098E+01  0.169595E+00  0.977983E-02
  0.568371E+01  0.177779E+00  0.982854E-02
  0.568645E+01  0.171976E+00  0.979502E-02
  0.568918E+01  0.187008E+00  0.970631E-02
  0.569191E+01  0.198968E+00  0.978298E-02
  0.569465E+01  0.173500E+00  0.976154E-02
  0.569738E+01  0.196165E+00  0.980575E-02
  0.570012E+01  0.178090E+00  0.969761E-02
  0.570285E+01  0.162712E+00  0.969921E-02
  0.570559E+01  0.175048E+00  0.969572E-02
  0.570832E+01  0.168936E+00  0.977413E-02
  0.571105E+01  0.181061E+00  0.987027E-02
  0.571379E+01  0.180713E+00  0.980070E-02
  0.571652E+01  0.170530E+00  0.970140E-02
  0.571926E+01  0.184020E+00  0.978827E-02
  0.572199E+01  0.181436E+00  0.973258E-02
  0.572472E+01  0.167502E+00  0.984816E-02
  0.572746E+01  0.155635E+00  0.964635E-02
  0.573019E+01  0.178087E+00  0.981931E-02
  0.573293E+01  0.178504E+00  0.981125E-02
  0.573566E+01  0.179462E+00  0.975088E-02
  0.573839E+01  0.172673E+00  0.974982E-02
  0.574113E+01  0.178300E+00  0.977648E-02
  0.574386E+01  0.173845E+00  0.975677E-02
  0.574660E+01  0.187300E+00  0.981524E-02
  0.574933E+01  0.174277E+00  0.971309E-02
  0.575206E+01  0.165881E+00  0.976333E-02
  0.575480E+01  0.182580E+00  0.984621E-02
  0.575753E+01  0.175570E+00  0.994940E-02
  0.576027E+01  0.164989E+00  0.979738E-02
  0.576300E+01  0.185874E+00  0.977767E-02
  0.576573E+01  0.172710E+00  0.987257E-02
  0.576847E+01  0.180166E+00  0.989745E-02
  0.577120E+01  0.180955E+00  0.980488E-02
  0.577394E+01  0.166051E+00  0.970484E-02
  0.577667E+01  0.173088E+00  0.983142E-02
  0.577940E+01  0.171131E+00  0.975964E-02
  0.578214E+01  0.179258E+00  0.980611E-02
  0.578487E+01  0.182355E+00  0.981856E-02
  0.578761E+01  0.175652E+00  0.980318E-02
  0.579034E+01  0.178554E+00  0.981211E-02
  0.579307E+01  0.172233E+00  0.975306E-02
  0.579581E+01  0.171969E+00  0.986927E-02
  0.579854E+01  0.187039E+00  0.973622E-02
  0.580128E+01  0.162261E+00  0.982596E-02
  0.580401E+01  0.173034E+00  0.975437E-02
  0.580674E+01  0.170493E+00  0.979326E-02
  0.580948E+01  0.175805E+00  0.971771E-02
  0.581221E+01  0.171599E+00  0.977334E-02
  0.581495E+01  0.184974E+00  0.975461E-02
  0.581768E+01  0.166580E+00  0.977113E-02
  0.582041E+01  0.171144E+00  0.974624E-02
  0.582315E+01  0.199982E+00  0.980315E-02
  0.582588E+01  0.174576E+00  0.988647E-02
  0.582862E+01  0.161625E+00  0.974726E-02
  0.583135E+01  0.173299E+00  0.982429E-02
  0.583409E+01  0.179942E+00  0.977881E-02
  0.583682E+01  0.168519E+00  0.982785E-02
  0.583955E+01  0.155806E+00  0.979934E-02
  0.584229E+01  0.194896E+00  0.980815E-02
  0.584502E+01  0.166656E+00  0.982653E-02
  0.584776E+01  0.167351E+00  0.982985E-02
  0.585049E+01  0.188472E+00  0.984405E-02
  0.585322E+01  0.169691E+00  0.983829E-02
  0.585596E+01  0.174410E+00  0.987250E-02
  0.585869E+01  0.166969E+00  0.984256E-02
  0.586143E+01  0.178214E+00  0.989967E-02
  0.586416E+01  0.164652E+00  0.988241E-02
  0.586689E+01  0.187783E+00  0.983242E-02
  0.586963E+01  0.168439E+00  0.986155E-02
  0.587236E+01  0.150687E+00  0.973549E-02
  0.587510E+01  0.166308E+00  0.979801E-02
  0.587783E+01  0.153350E+00  0.974462E-02
  0.588056E+01  0.143081E+00  0.982743E-02
  0.588330E+01  0.169713E+00  0.991129E-02
  0.588603E+01  0.183833E+00  0.991396E-02
  0.588877E+01  0.170556E+00  0.984056E-02
  0.589150E+01  0.179997E+00  0.985367E-02
  0.589423E+01  0.175664E+00  0.989207E-02
  0.589697E+01  0.153490E+00  0.973893E-02
  0.589970E+01  0.174008E+00  0.988219E-02
  0.590244E+01  0.161043E+00  0.988508E-02
  0.590517E+01  0.158026E+00  0.985795E-02
  0.590790E+01  0.173873E+00  0.983646E-02
  0.591064E+01  0.188913E+00  0.100178E-01
  0.591337E+01  0.190492E+00  0.100003E-01
  0.591611E+01  0.169844E+00  0.988564E-02
  0.591884E+01  0.180694E+00  0.983421E-02
  0.592157E+01  0.168276E+00  0.981880E-02
  0.592431E+01  0.169773E+00  0.996157E-02
  0.592704E+01  0.178960E+00  0.992215E-02
  0.592978E+01  0.166315E+00  0.975930E-02
  0.593251E+01  0.177987E+00  0.977605E-02
  0.593524E+01  0.170256E+00  0.983909E-02
  0.593798E+01  0.168158E+00  0.984124E-02
  0.594071E+01  0.185327E+00  0.992938E-02
  0.594345E+01  0.174251E+00  0.992228E-02
  0.594618E+01  0.159385E+00  0.991133E-02
  0.594892E+01  0.165592E+00  0.996404E-02
  0.595165E+01  0.173408E+00  0.987236E-02
  0.595438E+01  0.167993E+00  0.990466E-02
  0.595712E+01  0.175941E+00  0.992562E-02
  0.595985E+01  0.159996E+00  0.994155E-02
  0.596259E+01  0.164828E+00  0.982531E-02
  0.596532E+01  0.191443E+00  0.996394E-02
  0.596805E+01  0.181460E+00  0.995285E-02
  0.597079E+01  0.172718E+00  0.118557E-01
  0.597352E+01  0.134453E+00  0.127859E-01
  0.597626E+01  0.159929E+00  0.142011E-01
  0.597899E+01  0.150872E+00  0.151156E-01
  0.598172E+01  0.175457E+00  0.155934E-01
  0.598446E+01  0.187233E+00  0.171073E-01
  0.598719E+01  0.133312E+00  0.178528E-01
  0.598993E+01  0.180006E+00  0.187250E-01
  0.599266E+01  0.137505E+00  0.195673E-01
  0.599539E+01  0.151031E+00  0.209468E-01
  0.599813E+01  0.179745E+00  0.224561E-01
  0.600086E+01  0.154921E+00  0.237131E-01
  0.600360E+01  0.203427E+00  0.268854E-01
  0.600633E+01  0.170041E+00  0.293056E-01
  0.600906E+01  0.148655E+00  0.332957E-01
  0.601180E+01  0.105415E+00  0.392313E-01
  0.601453E+01  0.185701E+00  0.483790E-01
  0.601727E+01  0.179795E+00  0.727648E-01