# Simulated data
# sigma generated using Sedlak et al, k=100000, c=0.55, https://doi.org/10.1107/S1600576717003077, and rebinned with 10 per bin)
# q            I            sigma       
  1.00000e-03  2.15133e-01  7.19901e-03 
  2.25063e-03  2.11417e-01  4.80031e-03 
  3.50125e-03  2.09171e-01  3.85099e-03 
  4.75188e-03  2.08136e-01  3.30849e-03 
  6.00251e-03  2.08292e-01  2.94705e-03 
  7.25313e-03  2.08492e-01  2.68471e-03 
  8.50376e-03  2.13843e-01  2.48356e-03 
  9.75439e-03  2.16085e-01  2.32335e-03 
  1.10050e-02  2.17969e-01  2.19213e-03 
  1.22556e-02  2.15696e-01  2.08235e-03 
  1.35063e-02  2.15322e-01  1.98896e-03 
  1.47569e-02  2.18626e-01  1.90844e-03 
  1.60075e-02  2.18393e-01  1.83826e-03 
  1.72581e-02  2.23852e-01  1.77652e-03 
  1.85088e-02  2.24020e-01  1.72180e-03 
  1.97594e-02  2.29716e-01  1.67298e-03 
  2.10100e-02  2.26768e-01  1.62918e-03 
  2.22607e-02  2.30716e-01  1.58967e-03 
  2.35113e-02  2.32611e-01  1.55389e-03 
  2.47619e-02  2.37062e-01  1.52133e-03 
  2.60125e-02  2.40463e-01  1.49159e-03 
  2.72632e-02  2.41362e-01  1.46431e-03 
  2.85138e-02  2.46506e-01  1.43918e-03 
  2.97644e-02  2.47508e-01  1.41591e-03 
  3.10150e-02  2.52025e-01  1.39425e-03 
  3.22657e-02  2.53779e-01  1.37396e-03 
  3.35163e-02  2.56630e-01  1.35480e-03 
  3.47669e-02  2.61944e-01  1.33655e-03 
  3.60175e-02  2.63897e-01  1.31898e-03 
  3.72682e-02  2.65459e-01  1.30186e-03 
  3.85188e-02  2.67860e-01  1.28495e-03 
  3.97694e-02  2.69949e-01  1.26801e-03 
  4.10201e-02  2.71362e-01  1.25077e-03 
  4.22707e-02  2.69797e-01  1.23296e-03 
  4.35213e-02  2.70223e-01  1.21431e-03 
  4.47719e-02  2.69400e-01  1.19453e-03 
  4.60226e-02  2.66739e-01  1.17336e-03 
  4.72732e-02  2.64946e-01  1.15054e-03 
  4.85238e-02  2.55831e-01  1.12584e-03 
  4.97744e-02  2.49645e-01  1.09907e-03 
  5.10251e-02  2.42518e-01  1.07013e-03 
  5.22757e-02  2.32366e-01  1.03897e-03 
  5.35263e-02  2.19964e-01  1.00565e-03 
  5.47769e-02  2.06971e-01  9.70317e-04 
  5.60276e-02  1.95469e-01  9.33232e-04 
  5.72782e-02  1.79190e-01  8.94736e-04 
  5.85288e-02  1.63706e-01  8.55246e-04 
  5.97794e-02  1.47658e-01  8.15231e-04 
  6.10301e-02  1.33886e-01  7.75182e-04 
  6.22807e-02  1.19430e-01  7.35588e-04 
  6.35313e-02  1.04154e-01  6.96908e-04 
  6.47820e-02  9.18845e-02  6.59556e-04 
  6.60326e-02  7.80953e-02  6.23883e-04 
  6.72832e-02  6.83232e-02  5.90173e-04 
  6.85338e-02  5.64762e-02  5.58638e-04 
  6.97845e-02  4.75248e-02  5.29424e-04 
  7.10351e-02  3.90476e-02  5.02611e-04 
  7.22857e-02  3.21455e-02  4.78226e-04 
  7.35363e-02  2.55824e-02  4.56244e-04 
  7.47870e-02  2.18174e-02  4.36601e-04 
  7.60376e-02  1.75831e-02  4.19200e-04 
  7.72882e-02  1.33757e-02  4.03918e-04 
  7.85388e-02  9.38618e-03  3.90613e-04 
  7.97895e-02  8.01510e-03  3.79129e-04 
  8.10401e-02  4.97533e-03  3.69305e-04 
  8.22907e-02  3.25215e-03  3.60976e-04 
  8.35414e-02  2.83039e-03  3.53981e-04 
  8.47920e-02  1.23278e-03  3.48162e-04 
  8.60426e-02  1.63133e-04  3.43370e-04 
  8.72932e-02  -6.06969e-04 3.39466e-04 
  8.85439e-02  -3.62321e-04 3.36323e-04 
  8.97945e-02  -7.09070e-04 3.33825e-04 
  9.10451e-02  -2.38222e-04 3.31866e-04 
  9.22957e-02  1.08522e-04  3.30353e-04 
  9.35464e-02  4.52823e-04  3.29199e-04 
  9.47970e-02  8.10391e-04  3.28330e-04 
  9.60476e-02  1.63207e-03  3.27681e-04 
  9.72982e-02  1.87142e-03  3.27192e-04 
  9.85489e-02  2.85799e-03  3.26814e-04 
  9.97995e-02  3.25697e-03  3.26500e-04 
  1.01050e-01  3.50493e-03  3.26212e-04 
  1.02301e-01  4.72687e-03  3.25915e-04 
  1.03551e-01  4.97008e-03  3.25578e-04 
  1.04802e-01  5.47611e-03  3.25175e-04 
  1.06053e-01  5.81239e-03  3.24684e-04 
  1.07303e-01  6.21996e-03  3.24084e-04 
  1.08554e-01  7.31814e-03  3.23361e-04 
  1.09805e-01  7.28667e-03  3.22501e-04 
  1.11055e-01  7.55098e-03  3.21494e-04 
  1.12306e-01  7.20627e-03  3.20335e-04 
  1.13556e-01  7.76886e-03  3.19018e-04 
  1.14807e-01  8.14938e-03  3.17544e-04 
  1.16058e-01  7.50884e-03  3.15915e-04 
  1.17308e-01  7.84834e-03  3.14136e-04 
  1.18559e-01  7.50398e-03  3.12216e-04 
  1.19810e-01  7.10908e-03  3.10164e-04 
  1.21060e-01  7.33583e-03  3.07993e-04 
  1.22311e-01  6.71068e-03  3.05717e-04 
  1.23561e-01  6.91842e-03  3.03353e-04 
  1.24812e-01  6.22255e-03  3.00918e-04 
  1.26063e-01  6.19453e-03  2.98430e-04 
  1.27313e-01  5.72227e-03  2.95905e-04 
  1.28564e-01  5.63446e-03  2.93363e-04 
  1.29815e-01  5.53657e-03  2.90821e-04 
  1.31065e-01  4.40695e-03  2.88294e-04 
  1.32316e-01  4.39393e-03  2.85798e-04 
  1.33566e-01  3.63405e-03  2.83346e-04 
  1.34817e-01  3.53385e-03  2.80952e-04 
  1.36068e-01  3.05101e-03  2.78625e-04 
  1.37318e-01  2.22910e-03  2.76373e-04 
  1.38569e-01  1.85388e-03  2.74205e-04 
  1.39820e-01  1.24767e-03  2.72125e-04 
  1.41070e-01  1.32255e-03  2.70137e-04 
  1.42321e-01  1.53873e-03  2.68242e-04 
  1.43571e-01  9.97116e-04  2.66443e-04 
  1.44822e-01  9.30998e-04  2.64738e-04 
  1.46073e-01  6.36922e-04  2.63126e-04 
  1.47323e-01  4.65642e-04  2.61605e-04 
  1.48574e-01  3.55398e-04  2.60170e-04 
  1.49825e-01  3.59842e-04  2.58819e-04 
  1.51075e-01  2.05196e-04  2.57547e-04 
  1.52326e-01  5.47568e-06  2.56349e-04 
  1.53576e-01  3.03668e-04  2.55220e-04 
  1.54827e-01  3.34661e-04  2.54154e-04 
  1.56078e-01  8.19434e-04  2.53147e-04 
  1.57328e-01  -4.77837e-04 2.52191e-04 
  1.58579e-01  7.01533e-05  2.51283e-04 
  1.59830e-01  2.14868e-05  2.50416e-04 
  1.61080e-01  2.67715e-04  2.49584e-04 
  1.62331e-01  7.71486e-04  2.48783e-04 
  1.63581e-01  8.62479e-04  2.48007e-04 
  1.64832e-01  4.83414e-04  2.47251e-04 
  1.66083e-01  7.69667e-05  2.46510e-04 
  1.67333e-01  7.35555e-04  2.45781e-04 
  1.68584e-01  8.60536e-04  2.45058e-04 
  1.69835e-01  3.42693e-04  2.44337e-04 
  1.71085e-01  7.60037e-04  2.43616e-04 
  1.72336e-01  9.73307e-04  2.42892e-04 
  1.73586e-01  7.35968e-04  2.42160e-04 
  1.74837e-01  6.68913e-04  2.41420e-04 
  1.76088e-01  8.46683e-04  2.40668e-04 
  1.77338e-01  1.54162e-03  2.39904e-04 
  1.78589e-01  8.28126e-04  2.39127e-04 
  1.79840e-01  1.25035e-03  2.38335e-04 
  1.81090e-01  1.23201e-03  2.37530e-04 
  1.82341e-01  8.96854e-04  2.36710e-04 
  1.83591e-01  1.62965e-03  2.35877e-04 
  1.84842e-01  1.13262e-03  2.35031e-04 
  1.86093e-01  6.25325e-04  2.34174e-04 
  1.87343e-01  1.03507e-03  2.33307e-04 
  1.88594e-01  8.09424e-04  2.32433e-04 
  1.89845e-01  6.33768e-04  2.31553e-04 
  1.91095e-01  1.02542e-03  2.30669e-04 
  1.92346e-01  1.09660e-03  2.29783e-04 
  1.93596e-01  5.14999e-04  2.28899e-04 
  1.94847e-01  7.38142e-04  2.28018e-04 
  1.96098e-01  6.27355e-04  2.27141e-04 
  1.97348e-01  6.63339e-04  2.26273e-04 
  1.98599e-01  3.36882e-04  2.25413e-04 
  1.99850e-01  3.56014e-04  2.24565e-04 
  2.01100e-01  3.09134e-04  2.23729e-04 
  2.02351e-01  7.12916e-04  2.22908e-04 
  2.03602e-01  3.98877e-04  2.22102e-04 
  2.04852e-01  1.83247e-05  2.21312e-04 
  2.06103e-01  1.87381e-04  2.20540e-04 
  2.07353e-01  -6.47527e-06 2.19785e-04 
  2.08604e-01  -1.94165e-04 2.19049e-04 
  2.09855e-01  1.24002e-04  2.18331e-04 
  2.11105e-01  -3.63951e-04 2.17631e-04 
  2.12356e-01  -2.92873e-05 2.16949e-04 
  2.13607e-01  3.70032e-04  2.16285e-04 
  2.14857e-01  1.09971e-04  2.15637e-04 
  2.16108e-01  -1.71845e-04 2.15007e-04 
  2.17358e-01  -4.66441e-06 2.14392e-04 
  2.18609e-01  3.82628e-05  2.13792e-04 
  2.19860e-01  -2.50497e-04 2.13206e-04 
  2.21110e-01  -1.23089e-04 2.12633e-04 
  2.22361e-01  -1.48667e-04 2.12072e-04 
  2.23612e-01  -4.98970e-05 2.11521e-04 
  2.24862e-01  -1.09539e-05 2.10980e-04 
  2.26113e-01  -2.89646e-04 2.10447e-04 
  2.27363e-01  4.67390e-04  2.09922e-04 
  2.28614e-01  4.51523e-05  2.09403e-04 
  2.29865e-01  1.71779e-04  2.08889e-04 
  2.31115e-01  -1.17397e-04 2.08379e-04 
  2.32366e-01  3.38159e-04  2.07872e-04 
  2.33617e-01  4.62824e-04  2.07367e-04 
  2.34867e-01  4.00021e-04  2.06863e-04 
  2.36118e-01  -3.14025e-06 2.06360e-04 
  2.37368e-01  2.43250e-04  2.05856e-04 
  2.38619e-01  1.55762e-04  2.05352e-04 
  2.39870e-01  5.06375e-05  2.04846e-04 
  2.41120e-01  2.61444e-04  2.04338e-04 
  2.42371e-01  1.41879e-04  2.03828e-04 
  2.43622e-01  6.26329e-04  2.03316e-04 
  2.44872e-01  8.45293e-04  2.02801e-04 
  2.46123e-01  6.73079e-04  2.02285e-04 
  2.47373e-01  2.52664e-04  2.01766e-04 
  2.48624e-01  6.37541e-04  2.01245e-04 
  2.49875e-01  5.53385e-05  2.00723e-04 
  2.51125e-01  2.44374e-05  2.00199e-04 
  2.52376e-01  4.24495e-04  1.99675e-04 
  2.53627e-01  2.77842e-04  1.99151e-04 
  2.54877e-01  3.10282e-04  1.98627e-04 
  2.56128e-01  1.55154e-04  1.98104e-04 
  2.57378e-01  1.25815e-04  1.97583e-04 
  2.58629e-01  3.99370e-04  1.97065e-04 
  2.59880e-01  -6.91938e-05 1.96549e-04 
  2.61130e-01  7.55961e-05  1.96036e-04 
  2.62381e-01  1.92297e-04  1.95528e-04 
  2.63632e-01  2.13728e-04  1.95024e-04 
  2.64882e-01  7.15116e-05  1.94525e-04 
  2.66133e-01  3.33757e-04  1.94032e-04 
  2.67383e-01  1.46459e-04  1.93545e-04 
  2.68634e-01  -5.94674e-05 1.93064e-04 
  2.69885e-01  1.60904e-04  1.92589e-04 
  2.71135e-01  2.53933e-06  1.92121e-04 
  2.72386e-01  -2.05414e-04 1.91660e-04 
  2.73637e-01  -5.69143e-05 1.91206e-04 
  2.74887e-01  -8.11431e-06 1.90759e-04 
  2.76138e-01  -3.78857e-04 1.90318e-04 
  2.77388e-01  7.59155e-06  1.89885e-04 
  2.78639e-01  1.39213e-04  1.89458e-04 
  2.79890e-01  -9.74793e-05 1.89038e-04 
  2.81140e-01  3.01842e-04  1.88623e-04 
  2.82391e-01  -6.97198e-05 1.88215e-04 
  2.83642e-01  1.54673e-04  1.87812e-04 
  2.84892e-01  2.30343e-04  1.87415e-04 
  2.86143e-01  1.99148e-04  1.87022e-04 
  2.87393e-01  5.71880e-06  1.86634e-04 
  2.88644e-01  1.44300e-04  1.86250e-04 
  2.89895e-01  -3.54487e-04 1.85869e-04 
  2.91145e-01  -1.57399e-04 1.85492e-04 
  2.92396e-01  1.30552e-04  1.85118e-04 
  2.93647e-01  2.05166e-04  1.84746e-04 
  2.94897e-01  3.13438e-04  1.84376e-04 
  2.96148e-01  1.23182e-04  1.84007e-04 
  2.97398e-01  2.43733e-04  1.83640e-04 
  2.98649e-01  3.54585e-04  1.83274e-04 
  2.99900e-01  3.78596e-04  1.82909e-04 
  3.01150e-01  3.19979e-04  1.82544e-04 
  3.02401e-01  -5.77967e-05 1.82179e-04 
  3.03652e-01  8.35024e-05  1.81814e-04 
  3.04902e-01  3.54340e-04  1.81449e-04 
  3.06153e-01  3.55035e-04  1.81084e-04 
  3.07404e-01  3.23511e-04  1.80718e-04 
  3.08654e-01  7.41716e-05  1.80352e-04 
  3.09905e-01  2.52464e-04  1.79986e-04 
  3.11155e-01  -1.45259e-04 1.79619e-04 
  3.12406e-01  2.17894e-04  1.79252e-04 
  3.13657e-01  4.18657e-04  1.78885e-04 
  3.14907e-01  -1.35922e-04 1.78518e-04 
  3.16158e-01  3.40614e-04  1.78151e-04 
  3.17409e-01  2.32829e-04  1.77785e-04 
  3.18659e-01  8.76590e-05  1.77419e-04 
  3.19910e-01  -1.76133e-04 1.77054e-04 
  3.21160e-01  1.41857e-04  1.76691e-04 
  3.22411e-01  4.12872e-05  1.76328e-04 
  3.23662e-01  2.85992e-04  1.75968e-04 
  3.24912e-01  3.32842e-05  1.75609e-04 
  3.26163e-01  -2.43540e-05 1.75252e-04 
  3.27414e-01  2.97357e-04  1.74898e-04 
  3.28664e-01  9.50257e-05  1.74547e-04 
  3.29915e-01  -1.98844e-04 1.74198e-04 
  3.31165e-01  -4.98875e-05 1.73852e-04 
  3.32416e-01  3.52385e-04  1.73509e-04 
  3.33667e-01  2.27368e-04  1.73169e-04 
  3.34917e-01  2.13103e-04  1.72833e-04 
  3.36168e-01  1.47274e-04  1.72500e-04 
  3.37419e-01  -1.39663e-04 1.72170e-04 
  3.38669e-01  -4.14557e-04 1.71844e-04 
  3.39920e-01  3.90971e-04  1.71522e-04 
  3.41170e-01  -1.20199e-04 1.71203e-04 
  3.42421e-01  1.95645e-04  1.70887e-04 
  3.43672e-01  2.33686e-05  1.70575e-04 
  3.44922e-01  -2.93275e-05 1.70265e-04 
  3.46173e-01  7.06917e-05  1.69959e-04 
  3.47424e-01  -2.18898e-05 1.69656e-04 
  3.48674e-01  1.15121e-04  1.69356e-04 
  3.49925e-01  -2.00015e-05 1.69059e-04 
  3.51175e-01  1.58027e-04  1.68764e-04 
  3.52426e-01  2.18759e-05  1.68472e-04 
  3.53677e-01  2.00393e-05  1.68181e-04 
  3.54927e-01  -2.33559e-04 1.67893e-04 
  3.56178e-01  1.47229e-04  1.67607e-04 
  3.57429e-01  -1.61402e-05 1.67322e-04 
  3.58679e-01  -8.35728e-05 1.67039e-04 
  3.59930e-01  5.07022e-05  1.66757e-04 
  3.61180e-01  -3.67546e-05 1.66477e-04 
  3.62431e-01  3.25948e-05  1.66197e-04 
  3.63682e-01  5.07723e-05  1.65919e-04 
  3.64932e-01  -8.49465e-05 1.65641e-04 
  3.66183e-01  2.88526e-04  1.65364e-04 
  3.67434e-01  9.53232e-05  1.65087e-04 
  3.68684e-01  4.16208e-05  1.64811e-04 
  3.69935e-01  1.42187e-04  1.64535e-04 
  3.71185e-01  2.84528e-04  1.64260e-04 
  3.72436e-01  2.19570e-04  1.63985e-04 
  3.73687e-01  1.79471e-04  1.63711e-04 
  3.74937e-01  6.34767e-05  1.63437e-04 
  3.76188e-01  -5.95747e-05 1.63163e-04 
  3.77439e-01  5.81772e-06  1.62890e-04 
  3.78689e-01  -2.12067e-05 1.62617e-04 
  3.79940e-01  -1.62325e-04 1.62345e-04 
  3.81190e-01  3.88570e-04  1.62074e-04 
  3.82441e-01  -5.29622e-05 1.61804e-04 
  3.83692e-01  1.05184e-04  1.61534e-04 
  3.84942e-01  1.77318e-04  1.61265e-04 
  3.86193e-01  8.98925e-06  1.60997e-04 
  3.87444e-01  2.32237e-05  1.60731e-04 
  3.88694e-01  -2.88769e-04 1.60465e-04 
  3.89945e-01  -1.40764e-04 1.60202e-04 
  3.91195e-01  2.02200e-05  1.59939e-04 
  3.92446e-01  7.19581e-05  1.59678e-04 
  3.93697e-01  -2.11736e-05 1.59419e-04 
  3.94947e-01  -1.01968e-04 1.59161e-04 
  3.96198e-01  -1.89164e-04 1.58905e-04 
  3.97449e-01  2.79247e-04  1.58651e-04 
  3.98699e-01  7.23808e-05  1.58398e-04 
  3.99950e-01  1.62737e-05  1.58148e-04 
  4.01201e-01  -2.55084e-04 1.57899e-04 
  4.02451e-01  2.05943e-04  1.57652e-04 
  4.03702e-01  9.00482e-05  1.57407e-04 
  4.04952e-01  -1.02555e-04 1.57164e-04 
  4.06203e-01  -2.22239e-04 1.56922e-04 
  4.07454e-01  -1.89561e-04 1.56683e-04 
  4.08704e-01  -1.10867e-05 1.56445e-04 
  4.09955e-01  -4.97070e-05 1.56209e-04 
  4.11206e-01  -2.00234e-06 1.55974e-04 
  4.12456e-01  3.06160e-04  1.55741e-04 
  4.13707e-01  2.49486e-04  1.55509e-04 
  4.14957e-01  1.36667e-04  1.55279e-04 
  4.16208e-01  1.55716e-04  1.55050e-04 
  4.17459e-01  -3.35114e-05 1.54822e-04 
  4.18709e-01  -3.59908e-04 1.54595e-04 
  4.19960e-01  1.32943e-04  1.54370e-04 
  4.21211e-01  1.73717e-04  1.54145e-04 
  4.22461e-01  1.31728e-05  1.53921e-04 
  4.23712e-01  1.37357e-04  1.53698e-04 
  4.24962e-01  2.10693e-04  1.53475e-04 
  4.26213e-01  -1.04600e-04 1.53253e-04 
  4.27464e-01  -8.40515e-05 1.53032e-04 
  4.28714e-01  -1.58854e-04 1.52811e-04 
  4.29965e-01  -2.27043e-05 1.52590e-04 
  4.31216e-01  -2.44462e-04 1.52370e-04 
  4.32466e-01  8.61452e-05  1.52150e-04 
  4.33717e-01  8.68672e-05  1.51931e-04 
  4.34967e-01  2.47714e-05  1.51712e-04 
  4.36218e-01  2.66512e-04  1.51493e-04 
  4.37469e-01  -2.09856e-04 1.51275e-04 
  4.38719e-01  -1.48042e-04 1.51057e-04 
  4.39970e-01  1.65571e-04  1.50839e-04 
  4.41221e-01  3.25982e-06  1.50622e-04 
  4.42471e-01  2.48785e-04  1.50405e-04 
  4.43722e-01  1.80969e-05  1.50189e-04 
  4.44972e-01  -1.04217e-04 1.49974e-04 
  4.46223e-01  -4.33938e-06 1.49758e-04 
  4.47474e-01  -1.14187e-04 1.49544e-04 
  4.48724e-01  1.35192e-04  1.49330e-04 
  4.49975e-01  5.09340e-04  1.49118e-04 
  4.51226e-01  2.71540e-04  1.48906e-04 
  4.52476e-01  -9.50554e-05 1.48695e-04 
  4.53727e-01  -3.59417e-05 1.48485e-04 
  4.54977e-01  1.05817e-05  1.48276e-04 
  4.56228e-01  7.15168e-05  1.48068e-04 
  4.57479e-01  1.60853e-04  1.47861e-04 
  4.58729e-01  -7.03769e-05 1.47655e-04 
  4.59980e-01  -1.53375e-05 1.47451e-04 
  4.61231e-01  -5.90924e-05 1.47248e-04 
  4.62481e-01  -1.12560e-04 1.47046e-04 
  4.63732e-01  1.51149e-04  1.46845e-04 
  4.64982e-01  -8.35688e-05 1.46646e-04 
  4.66233e-01  -1.03665e-04 1.46448e-04 
  4.67484e-01  1.11221e-04  1.46251e-04 
  4.68734e-01  1.01151e-04  1.46056e-04 
  4.69985e-01  1.20016e-04  1.45862e-04 
  4.71236e-01  5.01918e-05  1.45669e-04 
  4.72486e-01  4.46515e-05  1.45478e-04 
  4.73737e-01  -1.21082e-04 1.45287e-04 
  4.74987e-01  -1.59910e-04 1.45098e-04 
  4.76238e-01  -6.04161e-06 1.44910e-04 
  4.77489e-01  7.95886e-05  1.44723e-04 
  4.78739e-01  -9.84701e-05 1.44537e-04 
  4.79990e-01  -2.00750e-05 1.44352e-04 
  4.81241e-01  1.07366e-04  1.44168e-04 
  4.82491e-01  8.79874e-05  1.43985e-04 
  4.83742e-01  3.24000e-04  1.43802e-04 
  4.84992e-01  5.43128e-05  1.43621e-04 
  4.86243e-01  -6.97443e-05 1.43440e-04 
  4.87494e-01  -1.22171e-04 1.43259e-04 
  4.88744e-01  -1.82063e-04 1.43079e-04 
  4.89995e-01  -1.59865e-04 1.42900e-04 
  4.91246e-01  7.92288e-05  1.42721e-04 
  4.92496e-01  -6.15392e-05 1.42543e-04 
  4.93747e-01  -6.71532e-06 1.42365e-04 
  4.94997e-01  -8.30720e-05 1.42188e-04 
  4.96248e-01  1.96079e-04  1.42011e-04 
  4.97499e-01  -3.92938e-06 1.41834e-04 
  4.98749e-01  9.84164e-05  1.41657e-04 
  5.00000e-01  1.63996e-04  1.41481e-04 
