# Simulated data
# sigma generated using Sedlak et al, k=100000, c=0.55, https://doi.org/10.1107/S1600576717003077, and rebinned with 10 per bin)
# q            I            sigma       
  1.00000e-03  3.13800e-01  1.16289e-02 
  2.25063e-03  3.02904e-01  7.75109e-03 
  3.50125e-03  3.02303e-01  6.21380e-03 
  4.75188e-03  2.99983e-01  5.33300e-03 
  6.00251e-03  2.95555e-01  4.74409e-03 
  7.25313e-03  2.98090e-01  4.31471e-03 
  8.50376e-03  3.00996e-01  3.98368e-03 
  9.75439e-03  2.93971e-01  3.71831e-03 
  1.10050e-02  2.95119e-01  3.49934e-03 
  1.22556e-02  3.04319e-01  3.31459e-03 
  1.35063e-02  2.92344e-01  3.15593e-03 
  1.47569e-02  2.95435e-01  3.01768e-03 
  1.60075e-02  2.99822e-01  2.89578e-03 
  1.72581e-02  2.97350e-01  2.78720e-03 
  1.85088e-02  2.97147e-01  2.68963e-03 
  1.97594e-02  2.94827e-01  2.60130e-03 
  2.10100e-02  2.93922e-01  2.52081e-03 
  2.22607e-02  2.96458e-01  2.44704e-03 
  2.35113e-02  2.92744e-01  2.37906e-03 
  2.47619e-02  2.90806e-01  2.31614e-03 
  2.60125e-02  2.90953e-01  2.25766e-03 
  2.72632e-02  2.90016e-01  2.20309e-03 
  2.85138e-02  2.91355e-01  2.15199e-03 
  2.97644e-02  2.91035e-01  2.10399e-03 
  3.10150e-02  2.90262e-01  2.05877e-03 
  3.22657e-02  2.89242e-01  2.01605e-03 
  3.35163e-02  2.88118e-01  1.97559e-03 
  3.47669e-02  2.90483e-01  1.93717e-03 
  3.60175e-02  2.81930e-01  1.90062e-03 
  3.72682e-02  2.86567e-01  1.86576e-03 
  3.85188e-02  2.86611e-01  1.83245e-03 
  3.97694e-02  2.85333e-01  1.80055e-03 
  4.10201e-02  2.83510e-01  1.76996e-03 
  4.22707e-02  2.82161e-01  1.74056e-03 
  4.35213e-02  2.78808e-01  1.71226e-03 
  4.47719e-02  2.81724e-01  1.68497e-03 
  4.60226e-02  2.81046e-01  1.65862e-03 
  4.72732e-02  2.77614e-01  1.63312e-03 
  4.85238e-02  2.75473e-01  1.60841e-03 
  4.97744e-02  2.75135e-01  1.58444e-03 
  5.10251e-02  2.74355e-01  1.56113e-03 
  5.22757e-02  2.73831e-01  1.53845e-03 
  5.35263e-02  2.70623e-01  1.51633e-03 
  5.47769e-02  2.69587e-01  1.49474e-03 
  5.60276e-02  2.67192e-01  1.47363e-03 
  5.72782e-02  2.64808e-01  1.45295e-03 
  5.85288e-02  2.62797e-01  1.43267e-03 
  5.97794e-02  2.64314e-01  1.41275e-03 
  6.10301e-02  2.58614e-01  1.39316e-03 
  6.22807e-02  2.58541e-01  1.37386e-03 
  6.35313e-02  2.56868e-01  1.35482e-03 
  6.47820e-02  2.54339e-01  1.33601e-03 
  6.60326e-02  2.51215e-01  1.31741e-03 
  6.72832e-02  2.50842e-01  1.29899e-03 
  6.85338e-02  2.46140e-01  1.28071e-03 
  6.97845e-02  2.43101e-01  1.26256e-03 
  7.10351e-02  2.42451e-01  1.24451e-03 
  7.22857e-02  2.36928e-01  1.22655e-03 
  7.35363e-02  2.34125e-01  1.20864e-03 
  7.47870e-02  2.32166e-01  1.19078e-03 
  7.60376e-02  2.27606e-01  1.17294e-03 
  7.72882e-02  2.26193e-01  1.15511e-03 
  7.85388e-02  2.23751e-01  1.13727e-03 
  7.97895e-02  2.17552e-01  1.11940e-03 
  8.10401e-02  2.14840e-01  1.10151e-03 
  8.22907e-02  2.11240e-01  1.08357e-03 
  8.35414e-02  2.08050e-01  1.06558e-03 
  8.47920e-02  2.03576e-01  1.04752e-03 
  8.60426e-02  1.99860e-01  1.02940e-03 
  8.72932e-02  1.95855e-01  1.01121e-03 
  8.85439e-02  1.90295e-01  9.92939e-04 
  8.97945e-02  1.84006e-01  9.74595e-04 
  9.10451e-02  1.80698e-01  9.56176e-04 
  9.22957e-02  1.76838e-01  9.37684e-04 
  9.35464e-02  1.71439e-01  9.19122e-04 
  9.47970e-02  1.66267e-01  9.00497e-04 
  9.60476e-02  1.62771e-01  8.81814e-04 
  9.72982e-02  1.57474e-01  8.63082e-04 
  9.85489e-02  1.53067e-01  8.44310e-04 
  9.97995e-02  1.47467e-01  8.25511e-04 
  1.01050e-01  1.40441e-01  8.06695e-04 
  1.02301e-01  1.36208e-01  7.87877e-04 
  1.03551e-01  1.30788e-01  7.69071e-04 
  1.04802e-01  1.26945e-01  7.50293e-04 
  1.06053e-01  1.22670e-01  7.31558e-04 
  1.07303e-01  1.17280e-01  7.12883e-04 
  1.08554e-01  1.12318e-01  6.94286e-04 
  1.09805e-01  1.06921e-01  6.75785e-04 
  1.11055e-01  1.01444e-01  6.57398e-04 
  1.12306e-01  9.74316e-02  6.39142e-04 
  1.13556e-01  9.26799e-02  6.21037e-04 
  1.14807e-01  8.76811e-02  6.03100e-04 
  1.16058e-01  8.26418e-02  5.85350e-04 
  1.17308e-01  7.92688e-02  5.67804e-04 
  1.18559e-01  7.45775e-02  5.50479e-04 
  1.19810e-01  7.00304e-02  5.33393e-04 
  1.21060e-01  6.76606e-02  5.16560e-04 
  1.22311e-01  6.14379e-02  4.99999e-04 
  1.23561e-01  5.93918e-02  4.83722e-04 
  1.24812e-01  5.52857e-02  4.67744e-04 
  1.26063e-01  5.20903e-02  4.52080e-04 
  1.27313e-01  4.93351e-02  4.36741e-04 
  1.28564e-01  4.54273e-02  4.21740e-04 
  1.29815e-01  4.24907e-02  4.07087e-04 
  1.31065e-01  3.91908e-02  3.92794e-04 
  1.32316e-01  3.64335e-02  3.78870e-04 
  1.33566e-01  3.42487e-02  3.65324e-04 
  1.34817e-01  3.12625e-02  3.52163e-04 
  1.36068e-01  2.98917e-02  3.39397e-04 
  1.37318e-01  2.64040e-02  3.27030e-04 
  1.38569e-01  2.41028e-02  3.15070e-04 
  1.39820e-01  2.29196e-02  3.03521e-04 
  1.41070e-01  2.10818e-02  2.92389e-04 
  1.42321e-01  1.94356e-02  2.81678e-04 
  1.43571e-01  1.74413e-02  2.71391e-04 
  1.44822e-01  1.58212e-02  2.61530e-04 
  1.46073e-01  1.47831e-02  2.52100e-04 
  1.47323e-01  1.32168e-02  2.43100e-04 
  1.48574e-01  1.22495e-02  2.34532e-04 
  1.49825e-01  1.11200e-02  2.26396e-04 
  1.51075e-01  9.93783e-03  2.18691e-04 
  1.52326e-01  9.17178e-03  2.11416e-04 
  1.53576e-01  8.16929e-03  2.04568e-04 
  1.54827e-01  7.58741e-03  1.98144e-04 
  1.56078e-01  6.65069e-03  1.92138e-04 
  1.57328e-01  6.07982e-03  1.86546e-04 
  1.58579e-01  5.58585e-03  1.81360e-04 
  1.59830e-01  5.09959e-03  1.76570e-04 
  1.61080e-01  4.42285e-03  1.72169e-04 
  1.62331e-01  4.35828e-03  1.68143e-04 
  1.63581e-01  3.81088e-03  1.64482e-04 
  1.64832e-01  3.49965e-03  1.61170e-04 
  1.66083e-01  3.17379e-03  1.58194e-04 
  1.67333e-01  3.07501e-03  1.55537e-04 
  1.68584e-01  2.80954e-03  1.53182e-04 
  1.69835e-01  2.39833e-03  1.51112e-04 
  1.71085e-01  2.15781e-03  1.49310e-04 
  1.72336e-01  2.38831e-03  1.47756e-04 
  1.73586e-01  2.36202e-03  1.46433e-04 
  1.74837e-01  2.10205e-03  1.45321e-04 
  1.76088e-01  2.38533e-03  1.44403e-04 
  1.77338e-01  2.06698e-03  1.43661e-04 
  1.78589e-01  2.20181e-03  1.43077e-04 
  1.79840e-01  2.14234e-03  1.42634e-04 
  1.81090e-01  2.14390e-03  1.42316e-04 
  1.82341e-01  2.03446e-03  1.42106e-04 
  1.83591e-01  2.14700e-03  1.41991e-04 
  1.84842e-01  2.03680e-03  1.41956e-04 
  1.86093e-01  2.10346e-03  1.41988e-04 
  1.87343e-01  2.41524e-03  1.42075e-04 
  1.88594e-01  2.21347e-03  1.42207e-04 
  1.89845e-01  2.84869e-03  1.42373e-04 
  1.91095e-01  2.56953e-03  1.42564e-04 
  1.92346e-01  2.54693e-03  1.42771e-04 
  1.93596e-01  2.66503e-03  1.42989e-04 
  1.94847e-01  2.58556e-03  1.43208e-04 
  1.96098e-01  2.98737e-03  1.43425e-04 
  1.97348e-01  2.99499e-03  1.43632e-04 
  1.98599e-01  3.33494e-03  1.43826e-04 
  1.99850e-01  3.34682e-03  1.44003e-04 
  2.01100e-01  3.03580e-03  1.44158e-04 
  2.02351e-01  3.30580e-03  1.44288e-04 
  2.03602e-01  3.38338e-03  1.44391e-04 
  2.04852e-01  3.31885e-03  1.44464e-04 
  2.06103e-01  3.47378e-03  1.44505e-04 
  2.07353e-01  3.70702e-03  1.44513e-04 
  2.08604e-01  3.81771e-03  1.44485e-04 
  2.09855e-01  3.60867e-03  1.44421e-04 
  2.11105e-01  3.84306e-03  1.44320e-04 
  2.12356e-01  3.92533e-03  1.44182e-04 
  2.13607e-01  3.77231e-03  1.44004e-04 
  2.14857e-01  3.65756e-03  1.43789e-04 
  2.16108e-01  3.80901e-03  1.43534e-04 
  2.17358e-01  3.88867e-03  1.43241e-04 
  2.18609e-01  4.03154e-03  1.42910e-04 
  2.19860e-01  3.90631e-03  1.42540e-04 
  2.21110e-01  3.78478e-03  1.42133e-04 
  2.22361e-01  4.07549e-03  1.41690e-04 
  2.23612e-01  3.99821e-03  1.41210e-04 
  2.24862e-01  3.63286e-03  1.40695e-04 
  2.26113e-01  3.97689e-03  1.40146e-04 
  2.27363e-01  3.74584e-03  1.39564e-04 
  2.28614e-01  3.89194e-03  1.38950e-04 
  2.29865e-01  3.89716e-03  1.38305e-04 
  2.31115e-01  3.63535e-03  1.37631e-04 
  2.32366e-01  3.74449e-03  1.36930e-04 
  2.33617e-01  3.66313e-03  1.36202e-04 
  2.34867e-01  3.43568e-03  1.35450e-04 
  2.36118e-01  3.56025e-03  1.34675e-04 
  2.37368e-01  3.42247e-03  1.33879e-04 
  2.38619e-01  3.45703e-03  1.33063e-04 
  2.39870e-01  3.07011e-03  1.32230e-04 
  2.41120e-01  3.13624e-03  1.31381e-04 
  2.42371e-01  3.22608e-03  1.30518e-04 
  2.43622e-01  3.00027e-03  1.29643e-04 
  2.44872e-01  3.15234e-03  1.28758e-04 
  2.46123e-01  2.83394e-03  1.27865e-04 
  2.47373e-01  2.68479e-03  1.26965e-04 
  2.48624e-01  2.64146e-03  1.26061e-04 
  2.49875e-01  2.83041e-03  1.25155e-04 
  2.51125e-01  2.52216e-03  1.24248e-04 
  2.52376e-01  2.84062e-03  1.23341e-04 
  2.53627e-01  2.37633e-03  1.22438e-04 
  2.54877e-01  2.46666e-03  1.21539e-04 
  2.56128e-01  2.20890e-03  1.20646e-04 
  2.57378e-01  2.11941e-03  1.19761e-04 
  2.58629e-01  2.07340e-03  1.18885e-04 
  2.59880e-01  1.96276e-03  1.18020e-04 
  2.61130e-01  1.79574e-03  1.17167e-04 
  2.62381e-01  1.68923e-03  1.16327e-04 
  2.63632e-01  1.79271e-03  1.15502e-04 
  2.64882e-01  1.59164e-03  1.14692e-04 
  2.66133e-01  1.58415e-03  1.13898e-04 
  2.67383e-01  1.51450e-03  1.13122e-04 
  2.68634e-01  1.40916e-03  1.12364e-04 
  2.69885e-01  1.31126e-03  1.11624e-04 
  2.71135e-01  1.29035e-03  1.10904e-04 
  2.72386e-01  1.23737e-03  1.10204e-04 
  2.73637e-01  1.17369e-03  1.09524e-04 
  2.74887e-01  1.12782e-03  1.08864e-04 
  2.76138e-01  1.07368e-03  1.08225e-04 
  2.77388e-01  1.00600e-03  1.07607e-04 
  2.78639e-01  1.13268e-03  1.07009e-04 
  2.79890e-01  9.22228e-04  1.06432e-04 
  2.81140e-01  9.27759e-04  1.05875e-04 
  2.82391e-01  8.71388e-04  1.05338e-04 
  2.83642e-01  8.03835e-04  1.04822e-04 
  2.84892e-01  7.51057e-04  1.04325e-04 
  2.86143e-01  8.46779e-04  1.03847e-04 
  2.87393e-01  8.99330e-04  1.03388e-04 
  2.88644e-01  8.22004e-04  1.02947e-04 
  2.89895e-01  7.87028e-04  1.02524e-04 
  2.91145e-01  6.71955e-04  1.02118e-04 
  2.92396e-01  5.51062e-04  1.01728e-04 
  2.93647e-01  6.37460e-04  1.01354e-04 
  2.94897e-01  6.37337e-04  1.00996e-04 
  2.96148e-01  6.52125e-04  1.00652e-04 
  2.97398e-01  6.43278e-04  1.00323e-04 
  2.98649e-01  5.95767e-04  1.00006e-04 
  2.99900e-01  6.64607e-04  9.97025e-05 
  3.01150e-01  6.63462e-04  9.94107e-05 
  3.02401e-01  5.51626e-04  9.91302e-05 
  3.03652e-01  5.55048e-04  9.88603e-05 
  3.04902e-01  3.80814e-04  9.86005e-05 
  3.06153e-01  7.24060e-04  9.83499e-05 
  3.07404e-01  6.94366e-04  9.81081e-05 
  3.08654e-01  4.39774e-04  9.78744e-05 
  3.09905e-01  6.66799e-04  9.76481e-05 
  3.11155e-01  4.85687e-04  9.74287e-05 
  3.12406e-01  5.33695e-04  9.72155e-05 
  3.13657e-01  3.69298e-04  9.70082e-05 
  3.14907e-01  3.61134e-04  9.68060e-05 
  3.16158e-01  2.97016e-04  9.66085e-05 
  3.17409e-01  5.43807e-04  9.64152e-05 
  3.18659e-01  2.72790e-04  9.62257e-05 
  3.19910e-01  4.71534e-04  9.60394e-05 
  3.21160e-01  4.98324e-04  9.58560e-05 
  3.22411e-01  4.97622e-04  9.56751e-05 
  3.23662e-01  4.56857e-04  9.54962e-05 
  3.24912e-01  7.29460e-04  9.53191e-05 
  3.26163e-01  3.83059e-04  9.51434e-05 
  3.27414e-01  4.84046e-04  9.49688e-05 
  3.28664e-01  4.96911e-04  9.47950e-05 
  3.29915e-01  4.00827e-04  9.46217e-05 
  3.31165e-01  5.49920e-04  9.44487e-05 
  3.32416e-01  5.33736e-04  9.42759e-05 
  3.33667e-01  4.09536e-04  9.41029e-05 
  3.34917e-01  4.40901e-04  9.39296e-05 
  3.36168e-01  4.66563e-04  9.37559e-05 
  3.37419e-01  5.14454e-04  9.35815e-05 
  3.38669e-01  6.22091e-04  9.34065e-05 
  3.39920e-01  4.92059e-04  9.32306e-05 
  3.41170e-01  3.38594e-04  9.30538e-05 
  3.42421e-01  4.29546e-04  9.28760e-05 
  3.43672e-01  4.93020e-04  9.26971e-05 
  3.44922e-01  3.64226e-04  9.25172e-05 
  3.46173e-01  3.77291e-04  9.23361e-05 
  3.47424e-01  4.29997e-04  9.21538e-05 
  3.48674e-01  4.84079e-04  9.19704e-05 
  3.49925e-01  2.85080e-04  9.17858e-05 
  3.51175e-01  4.33610e-04  9.16000e-05 
  3.52426e-01  5.86477e-04  9.14132e-05 
  3.53677e-01  3.88276e-04  9.12253e-05 
  3.54927e-01  4.41191e-04  9.10363e-05 
  3.56178e-01  5.29159e-04  9.08464e-05 
  3.57429e-01  4.94068e-04  9.06556e-05 
  3.58679e-01  3.53845e-04  9.04639e-05 
  3.59930e-01  4.23700e-04  9.02715e-05 
  3.61180e-01  4.74552e-04  9.00784e-05 
  3.62431e-01  4.35634e-04  8.98848e-05 
  3.63682e-01  4.56391e-04  8.96906e-05 
  3.64932e-01  3.03957e-04  8.94962e-05 
  3.66183e-01  4.60064e-04  8.93014e-05 
  3.67434e-01  3.24511e-04  8.91065e-05 
  3.68684e-01  2.95545e-04  8.89115e-05 
  3.69935e-01  5.45583e-04  8.87166e-05 
  3.71185e-01  4.57558e-04  8.85219e-05 
  3.72436e-01  3.48851e-04  8.83274e-05 
  3.73687e-01  4.18021e-04  8.81334e-05 
  3.74937e-01  4.20191e-04  8.79399e-05 
  3.76188e-01  3.87890e-04  8.77470e-05 
  3.77439e-01  5.35733e-04  8.75548e-05 
  3.78689e-01  2.65228e-04  8.73635e-05 
  3.79940e-01  4.58813e-04  8.71731e-05 
  3.81190e-01  4.34067e-04  8.69837e-05 
  3.82441e-01  4.41920e-04  8.67955e-05 
  3.83692e-01  1.34487e-04  8.66085e-05 
  3.84942e-01  3.48080e-04  8.64228e-05 
  3.86193e-01  2.86436e-04  8.62385e-05 
  3.87444e-01  1.70211e-04  8.60556e-05 
  3.88694e-01  3.13912e-04  8.58742e-05 
  3.89945e-01  1.93213e-04  8.56944e-05 
  3.91195e-01  1.49409e-04  8.55162e-05 
  3.92446e-01  6.78489e-05  8.53397e-05 
  3.93697e-01  3.50194e-04  8.51650e-05 
  3.94947e-01  2.90025e-04  8.49919e-05 
  3.96198e-01  1.85606e-04  8.48207e-05 
  3.97449e-01  2.51633e-04  8.46513e-05 
  3.98699e-01  3.10972e-04  8.44836e-05 
  3.99950e-01  2.50394e-04  8.43179e-05 
  4.01201e-01  1.04404e-04  8.41539e-05 
  4.02451e-01  1.88677e-04  8.39918e-05 
  4.03702e-01  2.59215e-04  8.38315e-05 
  4.04952e-01  -1.71729e-05 8.36731e-05 
  4.06203e-01  1.54183e-04  8.35165e-05 
  4.07454e-01  2.26959e-04  8.33617e-05 
  4.08704e-01  2.83602e-04  8.32087e-05 
  4.09955e-01  3.57203e-04  8.30574e-05 
  4.11206e-01  2.31638e-04  8.29078e-05 
  4.12456e-01  1.57012e-04  8.27600e-05 
  4.13707e-01  1.15584e-04  8.26138e-05 
  4.14957e-01  1.90048e-04  8.24692e-05 
  4.16208e-01  1.43741e-04  8.23263e-05 
  4.17459e-01  1.60113e-04  8.21848e-05 
  4.18709e-01  1.43246e-04  8.20449e-05 
  4.19960e-01  2.10027e-04  8.19065e-05 
  4.21211e-01  1.12700e-04  8.17695e-05 
  4.22461e-01  1.69429e-04  8.16339e-05 
  4.23712e-01  1.52361e-04  8.14996e-05 
  4.24962e-01  1.81647e-04  8.13666e-05 
  4.26213e-01  1.70249e-04  8.12348e-05 
  4.27464e-01  9.32355e-05  8.11043e-05 
  4.28714e-01  1.55744e-04  8.09749e-05 
  4.29965e-01  4.01330e-04  8.08466e-05 
  4.31216e-01  2.58234e-05  8.07194e-05 
  4.32466e-01  1.23810e-04  8.05932e-05 
  4.33717e-01  1.67986e-04  8.04680e-05 
  4.34967e-01  1.90466e-04  8.03438e-05 
  4.36218e-01  2.36329e-04  8.02204e-05 
  4.37469e-01  6.95703e-05  8.00979e-05 
  4.38719e-01  1.91607e-04  7.99763e-05 
  4.39970e-01  1.19263e-04  7.98554e-05 
  4.41221e-01  1.18101e-04  7.97353e-05 
  4.42471e-01  2.29917e-04  7.96159e-05 
  4.43722e-01  1.77473e-04  7.94972e-05 
  4.44972e-01  8.13945e-05  7.93791e-05 
  4.46223e-01  1.94921e-04  7.92617e-05 
  4.47474e-01  1.40342e-04  7.91449e-05 
  4.48724e-01  1.18214e-04  7.90286e-05 
  4.49975e-01  1.58008e-04  7.89129e-05 
  4.51226e-01  1.79159e-04  7.87978e-05 
  4.52476e-01  2.55781e-04  7.86831e-05 
  4.53727e-01  1.42649e-05  7.85689e-05 
  4.54977e-01  1.96852e-04  7.84552e-05 
  4.56228e-01  1.49156e-04  7.83420e-05 
  4.57479e-01  1.32214e-04  7.82291e-05 
  4.58729e-01  1.05529e-04  7.81167e-05 
  4.59980e-01  1.19355e-04  7.80047e-05 
  4.61231e-01  1.89840e-04  7.78931e-05 
  4.62481e-01  7.14912e-05  7.77819e-05 
  4.63732e-01  8.26933e-05  7.76711e-05 
  4.64982e-01  8.73326e-05  7.75606e-05 
  4.66233e-01  1.43572e-04  7.74505e-05 
  4.67484e-01  1.06127e-04  7.73408e-05 
  4.68734e-01  1.20786e-04  7.72314e-05 
  4.69985e-01  9.04755e-05  7.71223e-05 
  4.71236e-01  1.63413e-04  7.70136e-05 
  4.72486e-01  7.96127e-05  7.69052e-05 
  4.73737e-01  1.45350e-04  7.67972e-05 
  4.74987e-01  7.48007e-05  7.66895e-05 
  4.76238e-01  6.26469e-05  7.65822e-05 
  4.77489e-01  1.12264e-04  7.64752e-05 
  4.78739e-01  1.14176e-04  7.63685e-05 
  4.79990e-01  1.09964e-04  7.62622e-05 
  4.81241e-01  2.65492e-05  7.61563e-05 
  4.82491e-01  4.21059e-05  7.60507e-05 
  4.83742e-01  3.67205e-05  7.59454e-05 
  4.84992e-01  1.16933e-04  7.58405e-05 
  4.86243e-01  9.48977e-05  7.57360e-05 
  4.87494e-01  2.45614e-04  7.56319e-05 
  4.88744e-01  2.11555e-04  7.55281e-05 
  4.89995e-01  1.67293e-04  7.54247e-05 
  4.91246e-01  5.03172e-06  7.53217e-05 
  4.92496e-01  9.08515e-05  7.52191e-05 
  4.93747e-01  9.58312e-05  7.51168e-05 
  4.94997e-01  5.94141e-05  7.50150e-05 
  4.96248e-01  1.66353e-04  7.49136e-05 
  4.97499e-01  9.47523e-05  7.48126e-05 
  4.98749e-01  5.66609e-06  7.47120e-05 
  5.00000e-01  1.52984e-04  7.46118e-05 
