# Simulated data
# sigma generated using Sedlak et al, k=100000, c=0.55, https://doi.org/10.1107/S1600576717003077, and rebinned with 10 per bin)
# q            I            sigma       
  1.00000e-03  1.29985e-01  7.66541e-03 
  2.25063e-03  1.26417e-01  5.10811e-03 
  3.50125e-03  1.32113e-01  4.09337e-03 
  4.75188e-03  1.22572e-01  3.51112e-03 
  6.00251e-03  1.30152e-01  3.12107e-03 
  7.25313e-03  1.31374e-01  2.83597e-03 
  8.50376e-03  1.31150e-01  2.61553e-03 
  9.75439e-03  1.31619e-01  2.43820e-03 
  1.10050e-02  1.27832e-01  2.29130e-03 
  1.22556e-02  1.27860e-01  2.16682e-03 
  1.35063e-02  1.30498e-01  2.05940e-03 
  1.47569e-02  1.27445e-01  1.96532e-03 
  1.60075e-02  1.24976e-01  1.88189e-03 
  1.72581e-02  1.23863e-01  1.80712e-03 
  1.85088e-02  1.24572e-01  1.73951e-03 
  1.97594e-02  1.24371e-01  1.67790e-03 
  2.10100e-02  1.20297e-01  1.62136e-03 
  2.22607e-02  1.24083e-01  1.56915e-03 
  2.35113e-02  1.21958e-01  1.52069e-03 
  2.47619e-02  1.18722e-01  1.47548e-03 
  2.60125e-02  1.14776e-01  1.43312e-03 
  2.72632e-02  1.18104e-01  1.39328e-03 
  2.85138e-02  1.16383e-01  1.35566e-03 
  2.97644e-02  1.16807e-01  1.32003e-03 
  3.10150e-02  1.13162e-01  1.28618e-03 
  3.22657e-02  1.11545e-01  1.25392e-03 
  3.35163e-02  1.12271e-01  1.22312e-03 
  3.47669e-02  1.09734e-01  1.19363e-03 
  3.60175e-02  1.09935e-01  1.16533e-03 
  3.72682e-02  1.08346e-01  1.13813e-03 
  3.85188e-02  1.06286e-01  1.11193e-03 
  3.97694e-02  1.03710e-01  1.08665e-03 
  4.10201e-02  1.01135e-01  1.06222e-03 
  4.22707e-02  1.01197e-01  1.03857e-03 
  4.35213e-02  9.90429e-02  1.01566e-03 
  4.47719e-02  9.72311e-02  9.93422e-04 
  4.60226e-02  9.52262e-02  9.71818e-04 
  4.72732e-02  9.49935e-02  9.50806e-04 
  4.85238e-02  9.22450e-02  9.30347e-04 
  4.97744e-02  9.16288e-02  9.10409e-04 
  5.10251e-02  8.94806e-02  8.90960e-04 
  5.22757e-02  8.85642e-02  8.71973e-04 
  5.35263e-02  8.61076e-02  8.53423e-04 
  5.47769e-02  8.34961e-02  8.35287e-04 
  5.60276e-02  8.27756e-02  8.17543e-04 
  5.72782e-02  8.17142e-02  8.00172e-04 
  5.85288e-02  7.90755e-02  7.83157e-04 
  5.97794e-02  7.89039e-02  7.66483e-04 
  6.10301e-02  7.42401e-02  7.50133e-04 
  6.22807e-02  7.33151e-02  7.34094e-04 
  6.35313e-02  7.27866e-02  7.18355e-04 
  6.47820e-02  7.13623e-02  7.02903e-04 
  6.60326e-02  6.82788e-02  6.87729e-04 
  6.72832e-02  6.72729e-02  6.72822e-04 
  6.85338e-02  6.62661e-02  6.58173e-04 
  6.97845e-02  6.31588e-02  6.43775e-04 
  7.10351e-02  6.19584e-02  6.29619e-04 
  7.22857e-02  6.09258e-02  6.15699e-04 
  7.35363e-02  5.86340e-02  6.02008e-04 
  7.47870e-02  5.67986e-02  5.88541e-04 
  7.60376e-02  5.63005e-02  5.75291e-04 
  7.72882e-02  5.37757e-02  5.62254e-04 
  7.85388e-02  5.24635e-02  5.49424e-04 
  7.97895e-02  4.87506e-02  5.36798e-04 
  8.10401e-02  4.82870e-02  5.24372e-04 
  8.22907e-02  4.65775e-02  5.12142e-04 
  8.35414e-02  4.61266e-02  5.00103e-04 
  8.47920e-02  4.46307e-02  4.88254e-04 
  8.60426e-02  4.19404e-02  4.76591e-04 
  8.72932e-02  4.02191e-02  4.65112e-04 
  8.85439e-02  3.96734e-02  4.53814e-04 
  8.97945e-02  3.77322e-02  4.42694e-04 
  9.10451e-02  3.69896e-02  4.31750e-04 
  9.22957e-02  3.52187e-02  4.20981e-04 
  9.35464e-02  3.34576e-02  4.10385e-04 
  9.47970e-02  3.25329e-02  3.99959e-04 
  9.60476e-02  3.17719e-02  3.89703e-04 
  9.72982e-02  3.02874e-02  3.79615e-04 
  9.85489e-02  2.87934e-02  3.69694e-04 
  9.97995e-02  2.72353e-02  3.59937e-04 
  1.01050e-01  2.70901e-02  3.50346e-04 
  1.02301e-01  2.56311e-02  3.40917e-04 
  1.03551e-01  2.41014e-02  3.31650e-04 
  1.04802e-01  2.32632e-02  3.22545e-04 
  1.06053e-01  2.18136e-02  3.13601e-04 
  1.07303e-01  2.12489e-02  3.04817e-04 
  1.08554e-01  1.99202e-02  2.96192e-04 
  1.09805e-01  1.88668e-02  2.87725e-04 
  1.11055e-01  1.82696e-02  2.79417e-04 
  1.12306e-01  1.68580e-02  2.71267e-04 
  1.13556e-01  1.70327e-02  2.63275e-04 
  1.14807e-01  1.51660e-02  2.55439e-04 
  1.16058e-01  1.49915e-02  2.47761e-04 
  1.17308e-01  1.39165e-02  2.40239e-04 
  1.18559e-01  1.33844e-02  2.32873e-04 
  1.19810e-01  1.27279e-02  2.25664e-04 
  1.21060e-01  1.16217e-02  2.18612e-04 
  1.22311e-01  1.10194e-02  2.11716e-04 
  1.23561e-01  1.04687e-02  2.04977e-04 
  1.24812e-01  9.54492e-03  1.98394e-04 
  1.26063e-01  9.12400e-03  1.91969e-04 
  1.27313e-01  8.43775e-03  1.85701e-04 
  1.28564e-01  8.03974e-03  1.79590e-04 
  1.29815e-01  7.34178e-03  1.73637e-04 
  1.31065e-01  6.93620e-03  1.67843e-04 
  1.32316e-01  6.58726e-03  1.62207e-04 
  1.33566e-01  6.47773e-03  1.56732e-04 
  1.34817e-01  5.62286e-03  1.51416e-04 
  1.36068e-01  4.83115e-03  1.46261e-04 
  1.37318e-01  4.64351e-03  1.41269e-04 
  1.38569e-01  4.80168e-03  1.36438e-04 
  1.39820e-01  3.89775e-03  1.31771e-04 
  1.41070e-01  3.67666e-03  1.27269e-04 
  1.42321e-01  3.57115e-03  1.22932e-04 
  1.43571e-01  3.00825e-03  1.18761e-04 
  1.44822e-01  2.86026e-03  1.14757e-04 
  1.46073e-01  2.93285e-03  1.10921e-04 
  1.47323e-01  2.42038e-03  1.07254e-04 
  1.48574e-01  2.26288e-03  1.03757e-04 
  1.49825e-01  2.09448e-03  1.00430e-04 
  1.51075e-01  1.90951e-03  9.72732e-05 
  1.52326e-01  1.82239e-03  9.42875e-05 
  1.53576e-01  1.43232e-03  9.14724e-05 
  1.54827e-01  1.26829e-03  8.88276e-05 
  1.56078e-01  1.11485e-03  8.63521e-05 
  1.57328e-01  1.11062e-03  8.40446e-05 
  1.58579e-01  9.67561e-04  8.19032e-05 
  1.59830e-01  9.04530e-04  7.99257e-05 
  1.61080e-01  8.80595e-04  7.81088e-05 
  1.62331e-01  6.99183e-04  7.64491e-05 
  1.63581e-01  7.00641e-04  7.49421e-05 
  1.64832e-01  7.36302e-04  7.35831e-05 
  1.66083e-01  7.03438e-04  7.23663e-05 
  1.67333e-01  4.61661e-04  7.12857e-05 
  1.68584e-01  5.94347e-04  7.03346e-05 
  1.69835e-01  5.09591e-04  6.95058e-05 
  1.71085e-01  4.86245e-04  6.87919e-05 
  1.72336e-01  4.65958e-04  6.81849e-05 
  1.73586e-01  4.22023e-04  6.76770e-05 
  1.74837e-01  3.42600e-04  6.72600e-05 
  1.76088e-01  4.65207e-04  6.69257e-05 
  1.77338e-01  5.46673e-04  6.66662e-05 
  1.78589e-01  3.91627e-04  6.64737e-05 
  1.79840e-01  3.82233e-04  6.63403e-05 
  1.81090e-01  3.90542e-04  6.62590e-05 
  1.82341e-01  4.56567e-04  6.62225e-05 
  1.83591e-01  5.33689e-04  6.62243e-05 
  1.84842e-01  3.66066e-04  6.62582e-05 
  1.86093e-01  5.15551e-04  6.63183e-05 
  1.87343e-01  5.57787e-04  6.63992e-05 
  1.88594e-01  5.40937e-04  6.64960e-05 
  1.89845e-01  5.04660e-04  6.66040e-05 
  1.91095e-01  5.14950e-04  6.67191e-05 
  1.92346e-01  4.15252e-04  6.68376e-05 
  1.93596e-01  7.24120e-04  6.69560e-05 
  1.94847e-01  5.46334e-04  6.70713e-05 
  1.96098e-01  7.65853e-04  6.71807e-05 
  1.97348e-01  6.52383e-04  6.72819e-05 
  1.98599e-01  7.85206e-04  6.73728e-05 
  1.99850e-01  6.76958e-04  6.74515e-05 
  2.01100e-01  7.80621e-04  6.75164e-05 
  2.02351e-01  6.72167e-04  6.75662e-05 
  2.03602e-01  7.92921e-04  6.75998e-05 
  2.04852e-01  8.77490e-04  6.76163e-05 
  2.06103e-01  8.02638e-04  6.76148e-05 
  2.07353e-01  7.91169e-04  6.75949e-05 
  2.08604e-01  8.37033e-04  6.75561e-05 
  2.09855e-01  8.94394e-04  6.74981e-05 
  2.11105e-01  7.42855e-04  6.74208e-05 
  2.12356e-01  8.72288e-04  6.73241e-05 
  2.13607e-01  8.51179e-04  6.72081e-05 
  2.14857e-01  6.85561e-04  6.70729e-05 
  2.16108e-01  1.02212e-03  6.69189e-05 
  2.17358e-01  7.08373e-04  6.67464e-05 
  2.18609e-01  7.76988e-04  6.65557e-05 
  2.19860e-01  8.13283e-04  6.63474e-05 
  2.21110e-01  7.65717e-04  6.61219e-05 
  2.22361e-01  8.18158e-04  6.58799e-05 
  2.23612e-01  9.42351e-04  6.56219e-05 
  2.24862e-01  9.07509e-04  6.53487e-05 
  2.26113e-01  6.98624e-04  6.50609e-05 
  2.27363e-01  7.96619e-04  6.47592e-05 
  2.28614e-01  7.26191e-04  6.44445e-05 
  2.29865e-01  7.81907e-04  6.41174e-05 
  2.31115e-01  7.75018e-04  6.37788e-05 
  2.32366e-01  7.98597e-04  6.34295e-05 
  2.33617e-01  6.36470e-04  6.30704e-05 
  2.34867e-01  7.12628e-04  6.27021e-05 
  2.36118e-01  6.87464e-04  6.23257e-05 
  2.37368e-01  6.59830e-04  6.19418e-05 
  2.38619e-01  7.18662e-04  6.15514e-05 
  2.39870e-01  6.49477e-04  6.11553e-05 
  2.41120e-01  6.25870e-04  6.07542e-05 
  2.42371e-01  5.59686e-04  6.03491e-05 
  2.43622e-01  6.90975e-04  5.99407e-05 
  2.44872e-01  6.51481e-04  5.95298e-05 
  2.46123e-01  5.71621e-04  5.91172e-05 
  2.47373e-01  7.21357e-04  5.87037e-05 
  2.48624e-01  5.45040e-04  5.82900e-05 
  2.49875e-01  6.54497e-04  5.78768e-05 
  2.51125e-01  6.20818e-04  5.74649e-05 
  2.52376e-01  5.07846e-04  5.70548e-05 
  2.53627e-01  4.44850e-04  5.66474e-05 
  2.54877e-01  4.93598e-04  5.62431e-05 
  2.56128e-01  3.80735e-04  5.58426e-05 
  2.57378e-01  3.23015e-04  5.54465e-05 
  2.58629e-01  4.12972e-04  5.50553e-05 
  2.59880e-01  4.66646e-04  5.46696e-05 
  2.61130e-01  3.08639e-04  5.42897e-05 
  2.62381e-01  3.61506e-04  5.39162e-05 
  2.63632e-01  2.92283e-04  5.35494e-05 
  2.64882e-01  3.28614e-04  5.31898e-05 
  2.66133e-01  2.55954e-04  5.28377e-05 
  2.67383e-01  3.93175e-04  5.24933e-05 
  2.68634e-01  3.23462e-04  5.21570e-05 
  2.69885e-01  2.72001e-04  5.18291e-05 
  2.71135e-01  2.54820e-04  5.15096e-05 
  2.72386e-01  2.54258e-04  5.11988e-05 
  2.73637e-01  2.62134e-04  5.08969e-05 
  2.74887e-01  2.51602e-04  5.06038e-05 
  2.76138e-01  2.02641e-04  5.03198e-05 
  2.77388e-01  2.26904e-04  5.00447e-05 
  2.78639e-01  2.15628e-04  4.97787e-05 
  2.79890e-01  1.39489e-04  4.95217e-05 
  2.81140e-01  9.59152e-05  4.92737e-05 
  2.82391e-01  2.22820e-04  4.90345e-05 
  2.83642e-01  1.66244e-04  4.88041e-05 
  2.84892e-01  1.26212e-04  4.85824e-05 
  2.86143e-01  1.59230e-04  4.83691e-05 
  2.87393e-01  1.14713e-04  4.81641e-05 
  2.88644e-01  9.05498e-05  4.79672e-05 
  2.89895e-01  1.64239e-04  4.77782e-05 
  2.91145e-01  1.50619e-04  4.75969e-05 
  2.92396e-01  2.50999e-05  4.74230e-05 
  2.93647e-01  1.80000e-04  4.72562e-05 
  2.94897e-01  8.76030e-05  4.70964e-05 
  2.96148e-01  1.53617e-04  4.69431e-05 
  2.97398e-01  1.21293e-04  4.67961e-05 
  2.98649e-01  1.80006e-04  4.66552e-05 
  2.99900e-01  1.49484e-04  4.65200e-05 
  3.01150e-01  7.63847e-05  4.63902e-05 
  3.02401e-01  9.78769e-05  4.62655e-05 
  3.03652e-01  1.53061e-04  4.61456e-05 
  3.04902e-01  1.88399e-04  4.60302e-05 
  3.06153e-01  1.29429e-04  4.59190e-05 
  3.07404e-01  1.75589e-04  4.58118e-05 
  3.08654e-01  1.88582e-04  4.57081e-05 
  3.09905e-01  2.80901e-05  4.56078e-05 
  3.11155e-01  1.82584e-04  4.55105e-05 
  3.12406e-01  1.88345e-04  4.54160e-05 
  3.13657e-01  1.16517e-04  4.53240e-05 
  3.14907e-01  1.13976e-04  4.52343e-05 
  3.16158e-01  5.37571e-05  4.51465e-05 
  3.17409e-01  9.91983e-05  4.50606e-05 
  3.18659e-01  1.60142e-04  4.49762e-05 
  3.19910e-01  1.17169e-04  4.48931e-05 
  3.21160e-01  1.37556e-04  4.48111e-05 
  3.22411e-01  1.32200e-04  4.47301e-05 
  3.23662e-01  1.62950e-04  4.46498e-05 
  3.24912e-01  1.14443e-04  4.45701e-05 
  3.26163e-01  1.82509e-04  4.44908e-05 
  3.27414e-01  2.96633e-05  4.44118e-05 
  3.28664e-01  9.74856e-05  4.43329e-05 
  3.29915e-01  5.64294e-05  4.42540e-05 
  3.31165e-01  1.35261e-04  4.41750e-05 
  3.32416e-01  1.13505e-04  4.40959e-05 
  3.33667e-01  1.29807e-04  4.40164e-05 
  3.34917e-01  1.23407e-04  4.39366e-05 
  3.36168e-01  9.36785e-05  4.38563e-05 
  3.37419e-01  1.23593e-04  4.37755e-05 
  3.38669e-01  8.83027e-05  4.36942e-05 
  3.39920e-01  1.02555e-04  4.36122e-05 
  3.41170e-01  1.10829e-04  4.35296e-05 
  3.42421e-01  9.60355e-05  4.34464e-05 
  3.43672e-01  1.40176e-04  4.33624e-05 
  3.44922e-01  1.10445e-04  4.32778e-05 
  3.46173e-01  9.11268e-05  4.31925e-05 
  3.47424e-01  1.76510e-04  4.31065e-05 
  3.48674e-01  5.83357e-05  4.30198e-05 
  3.49925e-01  3.24588e-05  4.29325e-05 
  3.51175e-01  9.80727e-05  4.28445e-05 
  3.52426e-01  1.38631e-04  4.27559e-05 
  3.53677e-01  1.30738e-04  4.26667e-05 
  3.54927e-01  1.03155e-04  4.25770e-05 
  3.56178e-01  1.57219e-04  4.24867e-05 
  3.57429e-01  1.60965e-04  4.23960e-05 
  3.58679e-01  1.13998e-04  4.23049e-05 
  3.59930e-01  1.59607e-04  4.22133e-05 
  3.61180e-01  6.57989e-05  4.21215e-05 
  3.62431e-01  7.93206e-05  4.20294e-05 
  3.63682e-01  1.87125e-04  4.19370e-05 
  3.64932e-01  1.49689e-04  4.18445e-05 
  3.66183e-01  7.84792e-05  4.17519e-05 
  3.67434e-01  9.30798e-05  4.16592e-05 
  3.68684e-01  9.24210e-05  4.15666e-05 
  3.69935e-01  1.78316e-04  4.14739e-05 
  3.71185e-01  4.86133e-05  4.13814e-05 
  3.72436e-01  1.24962e-04  4.12890e-05 
  3.73687e-01  8.36897e-05  4.11969e-05 
  3.74937e-01  1.66034e-04  4.11050e-05 
  3.76188e-01  1.03102e-04  4.10135e-05 
  3.77439e-01  1.08734e-04  4.09223e-05 
  3.78689e-01  1.09999e-04  4.08315e-05 
  3.79940e-01  5.21810e-05  4.07412e-05 
  3.81190e-01  6.83912e-05  4.06514e-05 
  3.82441e-01  3.34575e-05  4.05621e-05 
  3.83692e-01  1.14607e-04  4.04734e-05 
  3.84942e-01  9.08284e-05  4.03854e-05 
  3.86193e-01  7.56963e-05  4.02980e-05 
  3.87444e-01  1.29388e-04  4.02113e-05 
  3.88694e-01  4.49189e-05  4.01253e-05 
  3.89945e-01  9.53680e-05  4.00401e-05 
  3.91195e-01  2.03843e-05  3.99556e-05 
  3.92446e-01  7.01194e-05  3.98719e-05 
  3.93697e-01  9.09657e-05  3.97891e-05 
  3.94947e-01  2.71893e-05  3.97071e-05 
  3.96198e-01  6.97735e-05  3.96259e-05 
  3.97449e-01  1.02759e-05  3.95456e-05 
  3.98699e-01  1.19087e-04  3.94662e-05 
  3.99950e-01  6.23021e-05  3.93877e-05 
  4.01201e-01  4.22144e-05  3.93100e-05 
  4.02451e-01  7.10070e-05  3.92332e-05 
  4.03702e-01  2.11864e-05  3.91573e-05 
  4.04952e-01  -6.47116e-07 3.90823e-05 
  4.06203e-01  2.03656e-05  3.90082e-05 
  4.07454e-01  7.13506e-05  3.89349e-05 
  4.08704e-01  7.42687e-05  3.88625e-05 
  4.09955e-01  9.17197e-05  3.87910e-05 
  4.11206e-01  8.01352e-05  3.87203e-05 
  4.12456e-01  3.72879e-05  3.86505e-05 
  4.13707e-01  -2.94481e-06 3.85814e-05 
  4.14957e-01  2.97006e-05  3.85132e-05 
  4.16208e-01  7.40096e-05  3.84458e-05 
  4.17459e-01  5.09106e-05  3.83791e-05 
  4.18709e-01  6.31886e-05  3.83132e-05 
  4.19960e-01  -2.03872e-06 3.82481e-05 
  4.21211e-01  1.11902e-04  3.81836e-05 
  4.22461e-01  1.90772e-05  3.81199e-05 
  4.23712e-01  -2.28345e-06 3.80568e-05 
  4.24962e-01  4.11554e-05  3.79944e-05 
  4.26213e-01  4.99163e-05  3.79326e-05 
  4.27464e-01  7.12738e-05  3.78714e-05 
  4.28714e-01  2.95118e-05  3.78108e-05 
  4.29965e-01  7.40898e-05  3.77508e-05 
  4.31216e-01  3.64378e-05  3.76913e-05 
  4.32466e-01  6.08267e-05  3.76323e-05 
  4.33717e-01  2.79486e-05  3.75739e-05 
  4.34967e-01  5.06812e-05  3.75159e-05 
  4.36218e-01  6.89088e-05  3.74584e-05 
  4.37469e-01  7.69942e-05  3.74013e-05 
  4.38719e-01  3.54068e-05  3.73446e-05 
  4.39970e-01  8.46613e-05  3.72883e-05 
  4.41221e-01  1.21819e-04  3.72324e-05 
  4.42471e-01  3.89513e-05  3.71769e-05 
  4.43722e-01  5.38533e-06  3.71217e-05 
  4.44972e-01  1.01368e-04  3.70668e-05 
  4.46223e-01  1.43022e-05  3.70122e-05 
  4.47474e-01  4.72901e-05  3.69579e-05 
  4.48724e-01  2.41340e-05  3.69039e-05 
  4.49975e-01  3.66196e-05  3.68502e-05 
  4.51226e-01  5.50189e-05  3.67967e-05 
  4.52476e-01  8.08828e-05  3.67434e-05 
  4.53727e-01  7.83106e-06  3.66904e-05 
  4.54977e-01  -1.98154e-05 3.66375e-05 
  4.56228e-01  3.58354e-05  3.65849e-05 
  4.57479e-01  6.90539e-06  3.65325e-05 
  4.58729e-01  3.69157e-05  3.64802e-05 
  4.59980e-01  -4.62026e-05 3.64281e-05 
  4.61231e-01  1.48998e-05  3.63762e-05 
  4.62481e-01  9.03096e-05  3.63244e-05 
  4.63732e-01  -4.97704e-05 3.62728e-05 
  4.64982e-01  -2.64409e-05 3.62214e-05 
  4.66233e-01  -1.49096e-05 3.61700e-05 
  4.67484e-01  8.10221e-05  3.61189e-05 
  4.68734e-01  2.71341e-06  3.60678e-05 
  4.69985e-01  2.51625e-05  3.60169e-05 
  4.71236e-01  5.00004e-05  3.59661e-05 
  4.72486e-01  2.85184e-05  3.59155e-05 
  4.73737e-01  8.04387e-06  3.58650e-05 
  4.74987e-01  4.45535e-06  3.58146e-05 
  4.76238e-01  4.54769e-05  3.57643e-05 
  4.77489e-01  -3.09936e-07 3.57142e-05 
  4.78739e-01  3.66993e-05  3.56642e-05 
  4.79990e-01  5.84943e-05  3.56143e-05 
  4.81241e-01  9.20337e-05  3.55645e-05 
  4.82491e-01  3.81538e-05  3.55149e-05 
  4.83742e-01  2.06046e-05  3.54654e-05 
  4.84992e-01  8.63876e-05  3.54161e-05 
  4.86243e-01  -1.33494e-05 3.53669e-05 
  4.87494e-01  -1.16106e-05 3.53178e-05 
  4.88744e-01  1.94284e-05  3.52689e-05 
  4.89995e-01  7.08144e-05  3.52202e-05 
  4.91246e-01  -3.48408e-05 3.51715e-05 
  4.92496e-01  4.03406e-05  3.51231e-05 
  4.93747e-01  6.35663e-05  3.50748e-05 
  4.94997e-01  1.21680e-05  3.50266e-05 
  4.96248e-01  2.65448e-05  3.49786e-05 
  4.97499e-01  1.08033e-05  3.49308e-05 
  4.98749e-01  3.90453e-06  3.48832e-05 
  5.00000e-01  3.51659e-05  3.48357e-05 
