
Sample:   c= 0 mg/ml  Code: 
 5.655000e-003  2.554095e-001  2.466808e-002
 6.045000e-003  2.586452e-001  1.016178e-002
 6.435000e-003  2.607585e-001  7.359387e-003
 6.825000e-003  2.586848e-001  4.934357e-003
 7.215000e-003  2.602690e-001  4.317326e-003
 7.605000e-003  2.622305e-001  4.305714e-003
 7.995000e-003  2.562960e-001  3.745718e-003
 8.385000e-003  2.551569e-001  3.390161e-003
 8.775000e-003  2.527192e-001  3.401231e-003
 9.165000e-003  2.486472e-001  3.430296e-003
 9.555000e-003  2.489959e-001  3.139351e-003
 9.944990e-003  2.503222e-001  2.934956e-003
 1.033500e-002  2.445531e-001  2.814231e-003
 1.072500e-002  2.441137e-001  2.787894e-003
 1.111500e-002  2.379567e-001  2.683865e-003
 1.150500e-002  2.372137e-001  2.572772e-003
 1.189500e-002  2.340257e-001  2.505161e-003
 1.228500e-002  2.337956e-001  2.385982e-003
 1.267500e-002  2.318729e-001  2.450690e-003
 1.306500e-002  2.281767e-001  2.242452e-003
 1.345500e-002  2.241553e-001  2.272324e-003
 1.384500e-002  2.222775e-001  2.302671e-003
 1.423500e-002  2.210380e-001  2.099852e-003
 1.462500e-002  2.180879e-001  2.166475e-003
 1.501500e-002  2.132525e-001  2.082166e-003
 1.540500e-002  2.119271e-001  1.989392e-003
 1.579500e-002  2.113379e-001  1.986842e-003
 1.618500e-002  2.069388e-001  1.971325e-003
 1.657500e-002  2.048845e-001  1.844789e-003
 1.696500e-002  2.006536e-001  1.832956e-003
 1.735500e-002  1.999533e-001  1.835086e-003
 1.774500e-002  1.951671e-001  1.857551e-003
 1.813490e-002  1.954236e-001  1.712170e-003
 1.852490e-002  1.903766e-001  1.775322e-003
 1.891490e-002  1.873534e-001  1.747744e-003
 1.930490e-002  1.835178e-001  1.719843e-003
 1.969490e-002  1.815140e-001  1.658288e-003
 2.008490e-002  1.802256e-001  1.608181e-003
 2.047490e-002  1.771964e-001  1.582106e-003
 2.086490e-002  1.730372e-001  1.572052e-003
 2.125490e-002  1.709598e-001  1.540243e-003
 2.164490e-002  1.671430e-001  1.524968e-003
 2.203490e-002  1.677719e-001  1.528208e-003
 2.242490e-002  1.627566e-001  1.467782e-003
 2.281490e-002  1.630252e-001  1.405789e-003
 2.320490e-002  1.585783e-001  1.514331e-003
 2.359490e-002  1.566770e-001  1.433717e-003
 2.398490e-002  1.549570e-001  1.420899e-003
 2.437490e-002  1.508005e-001  1.358883e-003
 2.476490e-002  1.485292e-001  1.320732e-003
 2.515490e-002  1.468189e-001  1.323288e-003
 2.554480e-002  1.450720e-001  1.307289e-003
 2.593480e-002  1.423484e-001  1.391194e-003
 2.632480e-002  1.418609e-001  1.295691e-003
 2.671480e-002  1.389814e-001  1.215599e-003
 2.710480e-002  1.357531e-001  1.254805e-003
 2.749480e-002  1.346528e-001  1.219479e-003
 2.788480e-002  1.320692e-001  1.230437e-003
 2.827480e-002  1.293704e-001  1.169878e-003
 2.866480e-002  1.279008e-001  1.180186e-003
 2.905480e-002  1.276474e-001  1.172533e-003
 2.944480e-002  1.246388e-001  1.188271e-003
 2.983470e-002  1.234525e-001  1.145034e-003
 3.022470e-002  1.214584e-001  1.144302e-003
 3.061470e-002  1.199879e-001  1.163167e-003
 3.100470e-002  1.184479e-001  1.136474e-003
 3.139470e-002  1.161094e-001  1.145539e-003
 3.178470e-002  1.143827e-001  1.138188e-003
 3.217470e-002  1.126404e-001  1.290519e-003
 3.256470e-002  1.110540e-001  1.129731e-003
 3.295470e-002  1.100408e-001  1.138809e-003
 3.334460e-002  1.076732e-001  1.136845e-003
 3.373460e-002  1.062085e-001  1.124457e-003
 3.412460e-002  1.050459e-001  1.121845e-003
 3.451460e-002  1.026523e-001  1.106632e-003
 3.490460e-002  1.022610e-001  1.044811e-003
 3.529460e-002  1.002528e-001  1.104121e-003
 3.568460e-002  9.950178e-002  1.079505e-003
 3.607450e-002  9.832041e-002  1.086159e-003
 3.646450e-002  9.691883e-002  1.103663e-003
 3.685450e-002  9.515362e-002  1.070462e-003
 3.724450e-002  9.419427e-002  1.067884e-003
 3.763450e-002  9.373333e-002  1.078575e-003
 3.802450e-002  9.171355e-002  1.013102e-003
 3.841440e-002  9.004032e-002  1.026233e-003
 3.880440e-002  8.986741e-002  9.952196e-004
 3.919440e-002  8.908158e-002  9.836920e-004
 3.958440e-002  8.697966e-002  9.851246e-004
 3.997440e-002  8.672636e-002  9.657311e-004
 4.036440e-002  8.538469e-002  9.568402e-004
 4.075430e-002  8.433293e-002  9.412814e-004
 4.114430e-002  8.264256e-002  9.422682e-004
 4.153430e-002  8.203780e-002  9.284323e-004
 4.192430e-002  8.115722e-002  9.174361e-004
 4.231430e-002  8.121033e-002  9.206024e-004
 4.270420e-002  7.831698e-002  9.288679e-004
 4.309420e-002  7.851581e-002  9.263416e-004
 4.348420e-002  7.766946e-002  9.033461e-004
 4.387420e-002  7.617069e-002  8.637047e-004
 4.426410e-002  7.552731e-002  8.689800e-004
 4.465410e-002  7.425059e-002  8.552651e-004
 4.504410e-002  7.346241e-002  8.458359e-004
 4.543410e-002  7.367628e-002  8.814690e-004
 4.582400e-002  7.182190e-002  8.760235e-004
 4.621400e-002  7.220602e-002  8.723427e-004
 4.660400e-002  7.080700e-002  8.846392e-004
 4.699400e-002  6.960669e-002  8.893882e-004
 4.738390e-002  6.959050e-002  9.608869e-004
 4.777390e-002  6.884894e-002  9.616250e-004
 4.816390e-002  6.796283e-002  9.383341e-004
 4.855390e-002  6.804938e-002  9.498043e-004
 4.894380e-002  6.678702e-002  9.144221e-004
 4.933380e-002  6.623696e-002  9.379700e-004
 4.972380e-002  6.464204e-002  8.848093e-004
 5.011370e-002  6.463240e-002  9.024404e-004
 5.050370e-002  6.326471e-002  8.878843e-004
 5.089370e-002  6.355582e-002  8.691470e-004
 5.128370e-002  6.208057e-002  9.081856e-004
 5.167360e-002  6.195746e-002  8.635413e-004
 5.206360e-002  6.095257e-002  8.508174e-004
 5.245360e-002  6.005797e-002  8.304005e-004
 5.284350e-002  6.011769e-002  8.880930e-004
 5.323350e-002  5.867023e-002  8.183659e-004
 5.362350e-002  5.815562e-002  8.065116e-004
 5.401340e-002  5.816568e-002  8.094478e-004
 5.440340e-002  5.739266e-002  7.908844e-004
 5.479340e-002  5.706674e-002  7.756455e-004
 5.518330e-002  5.630416e-002  7.927551e-004
 5.557330e-002  5.551611e-002  7.693851e-004
 5.596320e-002  5.549051e-002  7.610348e-004
 5.635320e-002  5.359979e-002  7.537942e-004
 5.674320e-002  5.305260e-002  7.407210e-004
 5.713310e-002  5.278844e-002  7.652775e-004
 5.752310e-002  5.179845e-002  7.208739e-004
 5.791310e-002  5.159715e-002  7.611237e-004
 5.830300e-002  5.067637e-002  7.184910e-004
 5.869300e-002  5.049180e-002  7.182028e-004
 5.908290e-002  4.964648e-002  7.546249e-004
 5.947290e-002  5.033445e-002  6.976950e-004
 5.986290e-002  4.926674e-002  7.235149e-004
 6.025280e-002  4.892561e-002  7.035818e-004
 6.064280e-002  4.798202e-002  7.195652e-004
 6.103270e-002  4.749935e-002  7.003870e-004
 6.142270e-002  4.692240e-002  6.868947e-004
 6.181260e-002  4.755898e-002  7.070812e-004
 6.220260e-002  4.719294e-002  6.964221e-004
 6.259250e-002  4.545349e-002  6.882276e-004
 6.298250e-002  4.556273e-002  6.848063e-004
 6.337240e-002  4.512161e-002  6.933682e-004
 6.376240e-002  4.434431e-002  6.973633e-004
 6.415240e-002  4.273270e-002  6.594558e-004
 6.454230e-002  4.377148e-002  6.665680e-004
 6.493230e-002  4.293494e-002  6.587198e-004
 6.532220e-002  4.252242e-002  6.674726e-004
 6.571220e-002  4.177996e-002  6.558284e-004
 6.610210e-002  4.169517e-002  6.490544e-004
 6.649200e-002  4.080861e-002  6.518542e-004
 6.688200e-002  4.064838e-002  6.325431e-004
 6.727190e-002  3.991807e-002  6.353988e-004
 6.766190e-002  4.012523e-002  6.299054e-004
 6.805180e-002  3.901873e-002  6.226299e-004
 6.844180e-002  3.929369e-002  6.316441e-004
 6.883170e-002  3.849817e-002  6.246487e-004
 6.922170e-002  3.853615e-002  6.237883e-004
 6.961160e-002  3.830612e-002  6.104682e-004
 7.000160e-002  3.691385e-002  6.462720e-004
 7.039150e-002  3.697696e-002  6.109313e-004
 7.078140e-002  3.646975e-002  6.059525e-004
 7.117140e-002  3.581546e-002  5.946809e-004
 7.156130e-002  3.576897e-002  6.095856e-004
 7.195130e-002  3.541873e-002  6.054855e-004
 7.234120e-002  3.463768e-002  5.838448e-004
 7.273110e-002  3.456241e-002  5.797925e-004
 7.312110e-002  3.431949e-002  5.827778e-004
 7.351100e-002  3.381976e-002  5.795224e-004
 7.390090e-002  3.291063e-002  5.793202e-004
 7.429090e-002  3.337309e-002  5.731802e-004
 7.468080e-002  3.207482e-002  5.742425e-004
 7.507070e-002  3.248735e-002  5.752423e-004
 7.546070e-002  3.148964e-002  5.633100e-004
 7.585060e-002  3.151775e-002  5.614232e-004
 7.624050e-002  3.096373e-002  5.602155e-004
 7.663050e-002  3.068769e-002  5.586874e-004
 7.702040e-002  3.017706e-002  5.608184e-004
 7.741030e-002  2.997352e-002  5.526843e-004
 7.780030e-002  3.018566e-002  5.526885e-004
 7.819020e-002  2.952567e-002  5.511093e-004
 7.858010e-002  2.916767e-002  5.533508e-004
 7.897000e-002  2.866673e-002  5.511354e-004
 7.936000e-002  2.812728e-002  5.490200e-004
 7.974990e-002  2.775508e-002  5.471404e-004
 8.013980e-002  2.792083e-002  5.568567e-004
 8.052970e-002  2.771142e-002  5.409125e-004
 8.091970e-002  2.688125e-002  5.404306e-004
 8.130960e-002  2.710824e-002  5.432135e-004
 8.169950e-002  2.624988e-002  5.296429e-004
 8.208940e-002  2.651683e-002  5.405295e-004
 8.247930e-002  2.574436e-002  5.308326e-004
 8.286930e-002  2.548362e-002  5.265668e-004
 8.325920e-002  2.574955e-002  5.285212e-004
 8.364910e-002  2.514820e-002  5.236003e-004
 8.403900e-002  2.559494e-002  5.261716e-004
 8.442890e-002  2.465971e-002  5.142165e-004
 8.481890e-002  2.445981e-002  5.168751e-004
 8.520880e-002  2.411167e-002  5.171575e-004
 8.559870e-002  2.361236e-002  5.192694e-004
 8.598860e-002  2.319669e-002  5.198247e-004
 8.637850e-002  2.338789e-002  5.139568e-004
 8.676840e-002  2.287602e-002  5.140894e-004
 8.715830e-002  2.269938e-002  5.203845e-004
 8.754820e-002  2.216925e-002  5.173800e-004
 8.793810e-002  2.175748e-002  5.066390e-004
 8.832810e-002  2.129567e-002  5.061550e-004
 8.871800e-002  2.187715e-002  5.048546e-004
 8.910790e-002  2.079995e-002  5.005760e-004
 8.949780e-002  2.131948e-002  4.952969e-004
 8.988770e-002  2.061177e-002  4.968572e-004
 9.027760e-002  2.077624e-002  4.868777e-004
 9.066750e-002  2.086363e-002  4.921113e-004
 9.105740e-002  2.031884e-002  4.842010e-004
 9.144730e-002  2.005919e-002  4.870134e-004
 9.183720e-002  2.018113e-002  4.881295e-004
 9.222710e-002  1.931855e-002  4.846781e-004
 9.261700e-002  1.925445e-002  4.800021e-004
 9.300690e-002  1.910100e-002  4.798342e-004
 9.339680e-002  1.893970e-002  4.821700e-004
 9.378670e-002  1.796732e-002  4.835609e-004
 9.417660e-002  1.835533e-002  4.714863e-004
 9.456650e-002  1.826957e-002  4.729488e-004
 9.495640e-002  1.791017e-002  4.692033e-004
 9.534630e-002  1.769309e-002  4.700063e-004
 9.573610e-002  1.744735e-002  4.646922e-004
 9.612600e-002  1.754691e-002  4.709755e-004
 9.651590e-002  1.696521e-002  4.649133e-004
 9.690580e-002  1.710681e-002  4.534430e-004
 9.729570e-002  1.638060e-002  4.538298e-004
 9.768560e-002  1.688701e-002  4.527664e-004
 9.807550e-002  1.619174e-002  4.572863e-004
 9.846540e-002  1.614616e-002  4.564724e-004
 9.885520e-002  1.577644e-002  4.600621e-004
 9.924510e-002  1.598522e-002  4.552701e-004
 9.963500e-002  1.609930e-002  4.576501e-004
 1.000250e-001  1.531282e-002  4.568144e-004
 1.004150e-001  1.501239e-002  4.561485e-004
 1.008050e-001  1.527166e-002  4.528258e-004
 1.011950e-001  1.450283e-002  4.578858e-004
 1.015840e-001  1.479935e-002  4.531700e-004
 1.019740e-001  1.497116e-002  4.485185e-004
 1.023640e-001  1.428965e-002  4.468929e-004
 1.027540e-001  1.477231e-002  4.402813e-004
 1.031440e-001  1.366097e-002  4.530483e-004
 1.035340e-001  1.359942e-002  4.494497e-004
 1.039240e-001  1.372424e-002  4.357308e-004
 1.043140e-001  1.377014e-002  4.393352e-004
 1.047030e-001  1.350051e-002  4.416069e-004
 1.050930e-001  1.306460e-002  4.370984e-004
 1.054830e-001  1.254395e-002  4.378333e-004
 1.058730e-001  1.309211e-002  4.470969e-004
 1.062630e-001  1.310360e-002  4.383420e-004
 1.066530e-001  1.279097e-002  4.349801e-004
 1.070430e-001  1.242699e-002  4.483366e-004
 1.074320e-001  1.223837e-002  4.388579e-004
 1.078220e-001  1.260503e-002  4.365384e-004
 1.082120e-001  1.207050e-002  4.388591e-004
 1.086020e-001  1.151432e-002  4.403674e-004
 1.089920e-001  1.130210e-002  4.308030e-004
 1.093820e-001  1.172729e-002  4.291313e-004
 1.097720e-001  1.130881e-002  4.256494e-004
 1.101610e-001  1.115304e-002  4.305587e-004
 1.105510e-001  1.126479e-002  4.301571e-004
 1.109410e-001  1.129779e-002  4.276268e-004
 1.113310e-001  1.175050e-002  4.247974e-004
 1.117210e-001  1.083506e-002  4.233393e-004
 1.121110e-001  1.078536e-002  4.173328e-004
 1.125010e-001  1.068353e-002  4.265004e-004
 1.128900e-001  1.020361e-002  4.190579e-004
 1.132800e-001  1.055564e-002  4.168896e-004
 1.136700e-001  1.001570e-002  4.235850e-004
 1.140600e-001  1.031291e-002  4.215316e-004
 1.144500e-001  1.000638e-002  4.284725e-004
 1.148400e-001  9.694169e-003  4.238673e-004
 1.152300e-001  9.522179e-003  4.257665e-004
 1.156190e-001  9.389518e-003  4.388972e-004
 1.160090e-001  9.711496e-003  4.294406e-004
 1.163990e-001  9.809480e-003  4.404289e-004
 1.167890e-001  9.188930e-003  4.308229e-004
 1.171790e-001  9.202705e-003  4.236444e-004
 1.175690e-001  9.321248e-003  4.295907e-004
 1.179580e-001  9.142249e-003  4.271596e-004
 1.183480e-001  8.892113e-003  4.372853e-004
 1.187380e-001  8.849074e-003  4.382731e-004
 1.191280e-001  8.645085e-003  4.282207e-004
 1.195180e-001  8.431972e-003  4.302219e-004
 1.199080e-001  8.326990e-003  4.235410e-004
 1.202970e-001  8.165215e-003  4.164665e-004
 1.206870e-001  9.073031e-003  4.212072e-004
 1.210770e-001  8.338125e-003  4.158814e-004
 1.214670e-001  8.045180e-003  4.064197e-004
 1.218570e-001  8.198018e-003  4.132241e-004
 1.222470e-001  8.172112e-003  4.081771e-004
 1.226360e-001  7.484041e-003  4.068803e-004
 1.230260e-001  8.209332e-003  4.078773e-004
 1.234160e-001  7.570200e-003  4.089819e-004
 1.238060e-001  7.415709e-003  4.019685e-004
 1.241960e-001  7.328435e-003  4.024639e-004
 1.245850e-001  6.963037e-003  4.051679e-004
 1.249750e-001  7.197543e-003  4.041462e-004
 1.253650e-001  7.792503e-003  4.035794e-004
 1.257550e-001  7.408871e-003  4.034994e-004
 1.261450e-001  7.039605e-003  3.980424e-004
 1.265350e-001  6.676624e-003  3.982763e-004
 1.269240e-001  6.469324e-003  4.022837e-004
 1.273140e-001  6.765641e-003  3.969916e-004
 1.277040e-001  6.895468e-003  3.938573e-004
 1.280940e-001  6.215570e-003  4.036894e-004
 1.284840e-001  7.185723e-003  4.121592e-004
 1.288730e-001  6.878841e-003  4.073214e-004
 1.292630e-001  6.111792e-003  4.007473e-004
 1.296530e-001  6.068901e-003  4.152437e-004
 1.300430e-001  6.271595e-003  4.164841e-004
 1.304330e-001  6.100972e-003  4.018688e-004
 1.308220e-001  6.516227e-003  4.135756e-004
 1.312120e-001  6.104698e-003  4.086130e-004
 1.316020e-001  6.067887e-003  4.137269e-004
 1.319920e-001  5.997796e-003  4.088486e-004
 1.323820e-001  5.867343e-003  4.078163e-004
 1.327710e-001  6.014149e-003  4.105382e-004
 1.331610e-001  5.570923e-003  4.054968e-004
 1.335510e-001  5.959549e-003  3.965031e-004
 1.339410e-001  6.115002e-003  4.113955e-004
 1.343300e-001  5.355352e-003  4.000879e-004
 1.347200e-001  5.674407e-003  4.005512e-004
 1.351100e-001  5.444082e-003  4.027672e-004
 1.355000e-001  5.656939e-003  4.063854e-004
 1.358900e-001  5.333189e-003  4.014002e-004
 1.362790e-001  5.290463e-003  4.057175e-004
 1.366690e-001  5.385152e-003  4.019981e-004
 1.370590e-001  5.214020e-003  4.064978e-004
 1.374490e-001  5.264217e-003  4.042936e-004
 1.378390e-001  5.037747e-003  4.034970e-004
 1.382280e-001  4.643513e-003  3.956696e-004
 1.386180e-001  5.217507e-003  4.000822e-004
 1.390080e-001  4.367202e-003  3.988051e-004
 1.393980e-001  4.618625e-003  3.940253e-004
 1.397870e-001  5.021170e-003  4.049965e-004
 1.401770e-001  4.903474e-003  4.008389e-004
 1.405670e-001  4.932581e-003  3.943883e-004
 1.409570e-001  4.871746e-003  4.038979e-004
 1.413460e-001  4.523976e-003  3.974404e-004
 1.417360e-001  4.947192e-003  4.014160e-004
 1.421260e-001  4.676778e-003  4.027210e-004
 1.425160e-001  4.553791e-003  3.941279e-004
 1.429050e-001  4.286386e-003  3.975874e-004
 1.432950e-001  3.922340e-003  3.938164e-004
 1.436850e-001  4.861238e-003  4.018464e-004
 1.440750e-001  4.141797e-003  3.959742e-004
 1.444640e-001  4.256906e-003  4.030495e-004
 1.448540e-001  4.613369e-003  4.085869e-004
 1.452440e-001  4.232894e-003  4.019073e-004
 1.456340e-001  3.966739e-003  4.108432e-004
 1.460230e-001  4.278768e-003  4.104351e-004
 1.464130e-001  4.035877e-003  4.061086e-004
 1.468030e-001  4.148355e-003  4.109072e-004
 1.471930e-001  4.406661e-003  4.143899e-004
 1.475820e-001  3.581013e-003  4.174638e-004
 1.479720e-001  3.852873e-003  4.115393e-004
 1.483620e-001  3.353048e-003  4.137072e-004
 1.487520e-001  3.581456e-003  4.143608e-004
 1.491410e-001  4.260382e-003  4.228725e-004
 1.495310e-001  3.401535e-003  4.182086e-004
 1.499210e-001  3.584936e-003  4.138600e-004
 1.503110e-001  3.378059e-003  4.191693e-004
 1.507000e-001  3.495666e-003  4.161512e-004
 1.510900e-001  3.713526e-003  4.226892e-004
 1.514800e-001  3.090739e-003  4.124009e-004
 1.518700e-001  3.209274e-003  4.192444e-004
 1.522590e-001  3.631116e-003  4.197784e-004
 1.526490e-001  3.526062e-003  4.195389e-004
 1.530390e-001  3.890049e-003  4.230486e-004
 1.534280e-001  2.621187e-003  4.182941e-004
 1.538180e-001  3.475243e-003  4.275369e-004
 1.542080e-001  3.481201e-003  4.228222e-004
 1.545980e-001  3.762829e-003  4.174212e-004
 1.549870e-001  3.048443e-003  4.236583e-004
 1.553770e-001  3.463024e-003  4.221481e-004
 1.557670e-001  3.653127e-003  4.237753e-004
 1.561560e-001  3.677937e-003  4.233505e-004
 1.565460e-001  3.629978e-003  4.206729e-004
 1.569360e-001  2.924981e-003  4.222883e-004
 1.573260e-001  3.013126e-003  4.249236e-004
 1.577150e-001  3.592906e-003  4.178283e-004
 1.581050e-001  2.995224e-003  4.197518e-004
 1.584950e-001  2.418550e-003  4.179308e-004
 1.588840e-001  3.327016e-003  4.193408e-004
 1.592740e-001  2.975883e-003  4.235719e-004
 1.596640e-001  2.797217e-003  4.270436e-004
 1.600530e-001  3.171876e-003  4.238773e-004
 1.604430e-001  2.706304e-003  4.256359e-004
 1.608330e-001  3.043707e-003  4.238880e-004
 1.612230e-001  3.158551e-003  4.239787e-004
 1.616120e-001  2.792244e-003  4.282152e-004
 1.620020e-001  2.996141e-003  4.294484e-004
 1.623920e-001  2.700775e-003  4.338689e-004
 1.627810e-001  2.900581e-003  4.268777e-004
 1.631710e-001  3.091042e-003  4.302576e-004
 1.635610e-001  3.027307e-003  4.278541e-004
 1.639500e-001  2.790986e-003  4.277730e-004
 1.643400e-001  2.743583e-003  4.327579e-004
 1.647300e-001  2.499146e-003  4.326561e-004
 1.651190e-001  3.143998e-003  4.278797e-004
 1.655090e-001  3.107750e-003  4.231989e-004
 1.658990e-001  2.666567e-003  4.295883e-004
 1.662880e-001  2.439232e-003  4.289683e-004
 1.666780e-001  2.697076e-003  4.261363e-004
 1.670680e-001  2.754919e-003  4.245624e-004
 1.674570e-001  1.968302e-003  4.239459e-004
 1.678470e-001  2.383693e-003  4.194893e-004
 1.682370e-001  2.664603e-003  4.205621e-004
 1.686260e-001  2.235805e-003  4.307148e-004
 1.690160e-001  2.987286e-003  4.267344e-004
 1.694060e-001  3.010127e-003  4.248390e-004
 1.697950e-001  2.640514e-003  4.222199e-004
 1.701850e-001  2.362360e-003  4.278030e-004
 1.705750e-001  2.740490e-003  4.187389e-004
 1.709640e-001  1.819715e-003  4.304164e-004
 1.713540e-001  2.534533e-003  4.275012e-004
 1.717440e-001  2.179117e-003  4.280104e-004
 1.721330e-001  2.213419e-003  4.210371e-004
 1.725230e-001  2.509106e-003  4.335550e-004
 1.729130e-001  2.527577e-003  4.253169e-004
 1.733020e-001  2.377373e-003  4.258383e-004
 1.736920e-001  2.590075e-003  4.306930e-004
 1.740820e-001  2.304782e-003  4.294281e-004
 1.744710e-001  2.430675e-003  4.383677e-004
 1.748610e-001  2.352940e-003  4.363710e-004
 1.752500e-001  2.027859e-003  4.321585e-004
 1.756400e-001  2.408615e-003  4.336580e-004
 1.760300e-001  2.164275e-003  4.319929e-004
 1.764190e-001  1.860537e-003  4.308699e-004
 1.768090e-001  2.406498e-003  4.282629e-004
 1.771990e-001  2.163873e-003  4.280905e-004
 1.775880e-001  1.843936e-003  4.296916e-004
 1.779780e-001  2.238527e-003  4.293521e-004
 1.783680e-001  1.890921e-003  4.305942e-004
 1.787570e-001  2.480414e-003  4.360578e-004
 1.791470e-001  2.272110e-003  4.312796e-004
 1.795360e-001  2.228146e-003  4.320882e-004
 1.799260e-001  1.872418e-003  4.277510e-004
 1.803160e-001  1.934363e-003  4.328966e-004
 1.807050e-001  2.397623e-003  4.284970e-004
 1.810950e-001  2.406232e-003  4.317617e-004
 1.814840e-001  1.981451e-003  4.419948e-004
 1.818740e-001  2.310293e-003  4.418483e-004
 1.822640e-001  2.146211e-003  4.413524e-004
 1.826530e-001  2.214161e-003  4.458676e-004
 1.830430e-001  2.142159e-003  4.397731e-004
 1.834320e-001  1.648250e-003  4.323189e-004
 1.838220e-001  2.208505e-003  4.366838e-004
 1.842120e-001  1.862644e-003  4.318512e-004
 1.846010e-001  2.115440e-003  4.354353e-004
 1.849910e-001  1.304988e-003  4.301014e-004
 1.853800e-001  2.228493e-003  4.362582e-004
 1.857700e-001  2.265018e-003  4.258954e-004
 1.861600e-001  1.586687e-003  4.315933e-004
 1.865490e-001  1.601101e-003  4.362930e-004
 1.869390e-001  1.534800e-003  4.368172e-004
 1.873280e-001  2.043158e-003  4.357915e-004
 1.877180e-001  2.267722e-003  4.296269e-004
 1.881080e-001  1.959315e-003  4.382875e-004
 1.884970e-001  1.649227e-003  4.332904e-004
 1.888870e-001  1.629457e-003  4.403033e-004
 1.892760e-001  2.486950e-003  4.460728e-004
 1.896660e-001  2.156463e-003  4.285526e-004
 1.900550e-001  1.701597e-003  4.397235e-004
 1.904450e-001  1.929106e-003  4.360446e-004
 1.908350e-001  2.283556e-003  4.320871e-004
 1.912240e-001  1.698903e-003  4.272933e-004
 1.916140e-001  2.538635e-003  4.244787e-004
 1.920030e-001  1.776843e-003  4.285240e-004
 1.923930e-001  1.890314e-003  4.225492e-004
 1.927820e-001  1.374380e-003  4.341983e-004
 1.931720e-001  1.735717e-003  4.331380e-004
 1.935620e-001  1.670459e-003  4.362252e-004
 1.939510e-001  1.552632e-003  4.331802e-004
 1.943410e-001  1.470085e-003  4.344872e-004
 1.947300e-001  1.871903e-003  4.348323e-004
 1.951200e-001  1.793107e-003  4.293921e-004
 1.955090e-001  1.856287e-003  4.338309e-004
 1.958990e-001  2.153850e-003  4.273668e-004
 1.962880e-001  1.972105e-003  4.385730e-004
 1.966780e-001  1.372654e-003  4.407414e-004
 1.970670e-001  1.710736e-003  4.444401e-004
 1.974570e-001  2.503351e-003  4.528452e-004
 1.978470e-001  1.926911e-003  4.580187e-004
 1.982360e-001  2.127826e-003  4.533683e-004
 1.986260e-001  1.555611e-003  4.617488e-004
 1.990150e-001  1.658723e-003  4.580892e-004
 1.994050e-001  1.694729e-003  4.579524e-004
 1.997940e-001  2.022315e-003  4.531975e-004
 2.001840e-001  1.059127e-003  4.662835e-004
 2.005730e-001  1.946902e-003  4.652603e-004
 2.009630e-001  1.084268e-003  4.658053e-004
 2.013520e-001  1.483672e-003  4.681592e-004
 2.017420e-001  2.173560e-003  4.613341e-004
 2.021310e-001  1.677120e-003  4.645707e-004
 2.025210e-001  1.713767e-003  4.727136e-004
 2.029100e-001  1.461735e-003  4.667180e-004
 2.033000e-001  1.904361e-003  4.587133e-004
 2.036890e-001  2.061744e-003  4.563139e-004
 2.040790e-001  1.868845e-003  4.478180e-004
 2.044680e-001  1.566004e-003  4.433855e-004
 2.048580e-001  1.201844e-003  4.499555e-004
 2.052470e-001  1.928046e-003  4.472746e-004
 2.056370e-001  1.582272e-003  4.496521e-004
 2.060260e-001  1.759017e-003  4.481323e-004
 2.064160e-001  1.501912e-003  4.475635e-004
 2.068050e-001  1.977240e-003  4.443141e-004
 2.071950e-001  1.455365e-003  4.391970e-004
 2.075840e-001  1.290246e-003  4.416226e-004
 2.079740e-001  1.275021e-003  4.371301e-004
 2.083630e-001  1.655080e-003  4.350488e-004
 2.087530e-001  1.702145e-003  4.462247e-004
 2.091420e-001  1.349686e-003  4.400298e-004
 2.095320e-001  1.844715e-003  4.506163e-004
 2.099210e-001  2.263784e-003  4.463848e-004
 2.103110e-001  1.747927e-003  4.447609e-004
 2.107000e-001  1.415592e-003  4.479677e-004
 2.110900e-001  1.911350e-003  4.386759e-004
 2.114790e-001  1.512657e-003  4.401520e-004
 2.118690e-001  1.697881e-003  4.393342e-004
 2.122580e-001  1.945561e-003  4.373010e-004
 2.126480e-001  1.569122e-003  4.344279e-004
 2.130370e-001  1.708827e-003  4.347727e-004
 2.134260e-001  1.206222e-003  4.280400e-004
 2.138160e-001  1.152616e-003  4.368711e-004
 2.142050e-001  1.425604e-003  4.384305e-004
 2.145950e-001  1.313844e-003  4.383359e-004
 2.149840e-001  1.621337e-003  4.370894e-004
 2.153740e-001  1.448706e-003  4.283024e-004
 2.157630e-001  1.687046e-003  4.352156e-004
 2.161530e-001  1.392364e-003  4.284426e-004
 2.165420e-001  1.702791e-003  4.222090e-004
 2.169320e-001  1.320896e-003  4.415712e-004
 2.173210e-001  1.462286e-003  4.310749e-004
 2.177100e-001  1.118285e-003  4.246509e-004
 2.181000e-001  1.784692e-003  4.286046e-004
 2.184890e-001  1.531955e-003  4.345939e-004
 2.188790e-001  1.794581e-003  4.492654e-004
 2.192680e-001  1.608999e-003  4.324363e-004
 2.196580e-001  1.517941e-003  4.383664e-004
 2.200470e-001  1.097705e-003  4.291453e-004
 2.204360e-001  1.594296e-003  4.334266e-004
 2.208260e-001  1.174834e-003  4.274367e-004
 2.212150e-001  1.056564e-003  4.257103e-004
 2.216050e-001  1.127979e-003  4.332612e-004
 2.219940e-001  1.003180e-003  4.225028e-004
 2.223840e-001  9.002860e-004  4.204784e-004
 2.227730e-001  1.087734e-003  4.392281e-004
 2.231620e-001  1.525764e-003  4.335127e-004
 2.235520e-001  1.243355e-003  4.306324e-004
 2.239410e-001  1.496456e-003  4.260203e-004
 2.243310e-001  1.291926e-003  4.300355e-004
 2.247200e-001  1.553817e-003  4.346404e-004
 2.251090e-001  1.209807e-003  4.240160e-004
 2.254990e-001  1.244925e-003  4.399848e-004
 2.258880e-001  1.000884e-003  4.400152e-004
 2.262780e-001  1.481114e-003  4.322613e-004
 2.266670e-001  9.814437e-004  4.246852e-004
 2.270560e-001  1.776366e-003  4.258675e-004
 2.274460e-001  1.827316e-003  4.274934e-004
 2.278350e-001  1.189031e-003  4.265824e-004
 2.282240e-001  1.397899e-003  4.256798e-004
 2.286140e-001  1.644135e-003  4.211094e-004
 2.290030e-001  1.342564e-003  4.275128e-004
 2.293930e-001  1.101849e-003  4.329437e-004
 2.297820e-001  1.216657e-003  4.245401e-004
 2.301710e-001  1.467030e-003  4.272572e-004
 2.305610e-001  1.657895e-003  4.281540e-004
 2.309500e-001  1.800924e-003  4.235646e-004
 2.313390e-001  1.334663e-003  4.456944e-004
 2.317290e-001  1.398159e-003  4.340694e-004
 2.321180e-001  2.019162e-003  4.218065e-004
 2.325080e-001  1.247756e-003  4.268917e-004
 2.328970e-001  1.511756e-003  4.202748e-004
 2.332860e-001  1.153407e-003  4.216243e-004
 2.336760e-001  1.124308e-003  4.195978e-004
 2.340650e-001  8.480249e-004  4.273001e-004
 2.344540e-001  1.769043e-003  4.252756e-004
 2.348440e-001  1.509443e-003  4.369154e-004
 2.352330e-001  1.635501e-003  4.188700e-004
 2.356220e-001  1.247287e-003  4.192900e-004
 2.360120e-001  1.747013e-003  4.255227e-004
 2.364010e-001  1.177179e-003  4.188938e-004
 2.367900e-001  1.391059e-003  4.261293e-004
 2.371800e-001  6.918935e-004  4.280139e-004
 2.375690e-001  1.736061e-003  4.198460e-004
 2.379580e-001  1.817398e-003  4.192287e-004
 2.383480e-001  1.427061e-003  4.197774e-004
 2.387370e-001  1.177973e-003  4.262957e-004
 2.391260e-001  1.154437e-003  4.221075e-004
 2.395160e-001  1.096510e-003  4.352099e-004
 2.399050e-001  1.258544e-003  4.348917e-004
 2.402940e-001  1.074912e-003  4.369234e-004
 2.406840e-001  1.080628e-003  4.401282e-004
 2.410730e-001  1.337280e-003  4.375292e-004
 2.414620e-001  1.418458e-003  4.415098e-004
 2.418520e-001  1.508396e-003  4.443644e-004
 2.422410e-001  1.351188e-003  4.450398e-004
 2.426300e-001  1.327248e-003  4.431263e-004
 2.430190e-001  1.368094e-003  4.462332e-004
 2.434090e-001  8.067182e-004  4.455924e-004
 2.437980e-001  1.655241e-003  4.413703e-004
 2.441870e-001  1.365581e-003  4.490415e-004
 2.445770e-001  1.654850e-003  4.461496e-004
 2.449660e-001  1.421274e-003  4.524593e-004
 2.453550e-001  1.216598e-003  4.544648e-004
 2.457450e-001  1.458339e-003  4.425570e-004
 2.461340e-001  1.085608e-003  4.472918e-004
 2.465230e-001  8.931321e-004  4.544657e-004
 2.469120e-001  1.183725e-003  4.564493e-004
 2.473020e-001  1.227249e-003  4.520758e-004
 2.476910e-001  1.678101e-003  4.629646e-004
 2.480800e-001  8.342986e-004  4.537435e-004
 2.484690e-001  1.411859e-003  4.544565e-004
 2.488590e-001  1.410160e-003  4.551110e-004
 2.492480e-001  1.323217e-003  4.606626e-004
 2.496370e-001  1.582845e-003  4.445651e-004
 2.500260e-001  1.381395e-003  4.689593e-004
 2.504160e-001  1.375863e-003  4.727420e-004
 2.508050e-001  1.878701e-003  5.052771e-004
 2.511940e-001  7.927265e-004  4.633812e-004
 2.515840e-001  1.935560e-003  4.672017e-004
 2.519730e-001  6.776476e-004  4.664624e-004
 2.523620e-001  1.294363e-003  4.567690e-004
 2.527510e-001  1.402109e-003  4.698320e-004
 2.531400e-001  1.097590e-003  4.747563e-004
 2.535300e-001  1.457393e-003  4.593208e-004
 2.539190e-001  7.412598e-004  4.614792e-004
 2.543080e-001  1.328488e-003  4.657640e-004
 2.546970e-001  1.394195e-003  4.681055e-004
 2.550870e-001  1.019651e-003  4.743720e-004
 2.554760e-001  1.247906e-003  4.810533e-004
 2.558650e-001  1.408696e-003  4.759836e-004
 2.562540e-001  1.987506e-003  4.719499e-004
 2.566440e-001  1.303100e-003  4.912442e-004
 2.570330e-001  1.322056e-003  4.859954e-004
 2.574220e-001  1.338427e-003  4.862569e-004
 2.578110e-001  1.384211e-003  4.944339e-004
 2.582000e-001  1.247919e-003  4.802033e-004
 2.585900e-001  1.046876e-003  4.773642e-004
 2.589790e-001  8.978117e-004  4.853079e-004
 2.593680e-001  6.843866e-004  4.726934e-004
 2.597570e-001  8.785262e-004  4.736577e-004
 2.601460e-001  6.868263e-004  4.853323e-004
 2.605360e-001  1.283080e-003  4.820758e-004
 2.609250e-001  1.817230e-003  4.739659e-004
 2.613140e-001  1.111277e-003  4.787217e-004
 2.617030e-001  9.510395e-004  4.841247e-004
 2.620920e-001  1.138764e-003  4.846147e-004
 2.624820e-001  9.434869e-004  5.101327e-004
 2.628710e-001  1.174280e-003  4.860720e-004
 2.632600e-001  1.111869e-003  4.846480e-004
 2.636490e-001  1.198129e-003  4.817300e-004
 2.640380e-001  9.078258e-004  4.896606e-004
 2.644270e-001  1.356915e-003  4.890241e-004
 2.648170e-001  1.521213e-003  4.877769e-004
 2.652060e-001  1.046312e-003  4.946985e-004
 2.655950e-001  9.778721e-004  8.019430e-003
 2.659840e-001  1.651456e-003  4.878942e-004
 2.663730e-001  1.380494e-003  4.887333e-004
 2.667620e-001  1.166154e-003  4.951732e-004
 2.671520e-001  1.018758e-003  4.969017e-004
 2.675410e-001  9.655737e-004  4.880216e-004
 2.679300e-001  1.136516e-003  4.982576e-004
 2.683190e-001  9.498512e-004  4.894922e-004
 2.687080e-001  1.444297e-003  4.931320e-004
 2.690970e-001  9.869292e-004  5.028242e-004
 2.694860e-001  6.840309e-004  4.924077e-004
 2.698760e-001  1.447438e-003  4.972404e-004
 2.702650e-001  1.002485e-003  4.965037e-004
 2.706540e-001  6.576010e-004  4.987465e-004
 2.710430e-001  1.376183e-003  4.945357e-004
 2.714320e-001  1.373223e-003  5.001212e-004
 2.718210e-001  8.278164e-004  4.970864e-004
 2.722100e-001  1.438752e-003  5.007005e-004
 2.726000e-001  8.790229e-004  4.949282e-004
 2.729890e-001  1.647238e-003  5.000160e-004
 2.733780e-001  1.237162e-003  4.967210e-004
 2.737670e-001  5.783030e-004  4.926389e-004
 2.741560e-001  1.358733e-003  5.102042e-004
 2.745450e-001  1.214074e-003  5.012775e-004
 2.749340e-001  8.739787e-004  5.009829e-004
 2.753230e-001  7.887219e-004  5.062749e-004
 2.757120e-001  1.153899e-003  4.987849e-004
 2.761010e-001  1.282920e-003  4.978444e-004
 2.764910e-001  1.334699e-003  4.998992e-004
 2.768800e-001  5.989863e-004  5.093099e-004
 2.772690e-001  9.559684e-004  4.974406e-004
 2.776580e-001  9.857650e-004  5.003512e-004
 2.780470e-001  1.038546e-003  5.023496e-004
 2.784360e-001  9.358237e-004  5.077592e-004
 2.788250e-001  9.552009e-004  5.087517e-004
 2.792140e-001  1.238823e-003  5.368825e-004
 2.796030e-001  1.637283e-003  5.388384e-004
 2.799920e-001  1.016672e-003  5.309144e-004
 2.803810e-001  1.633170e-004  5.449299e-004
 2.807700e-001  1.299371e-003  5.557752e-004
 2.811600e-001  8.508116e-004  5.688046e-004
 2.815490e-001  1.376741e-003  5.596250e-004
 2.819380e-001  8.288620e-004  5.713112e-004
 2.823270e-001  1.602235e-003  5.668277e-004
 2.827160e-001  1.497613e-003  5.758860e-004
 2.831050e-001  1.388460e-003  5.870975e-004
 2.834940e-001  8.882469e-004  5.945525e-004
 2.838830e-001  1.661849e-003  5.716173e-004
 2.842720e-001  4.408382e-004  5.992958e-004
 2.846610e-001  7.093366e-004  5.965379e-004
 2.850500e-001  9.760131e-004  6.002444e-004
 2.854390e-001  1.304507e-003  6.017106e-004
 2.858280e-001  1.591498e-003  6.188606e-004
 2.862170e-001  1.328787e-003  6.067592e-004
 2.866060e-001  8.754385e-004  6.298738e-004
 2.869950e-001  1.213312e-003  6.114872e-004
 2.873840e-001  9.472009e-004  6.157906e-004
 2.877730e-001  1.220153e-003  6.413672e-004
 2.881620e-001  1.189155e-003  6.263379e-004
 2.885510e-001  6.696287e-004  6.493293e-004
 2.889400e-001  1.545403e-003  6.311903e-004
 2.893290e-001  1.371302e-003  6.529817e-004
 2.897180e-001  1.214951e-003  6.709834e-004
 2.901070e-001  2.572368e-004  6.335037e-004
 2.904960e-001  1.747973e-003  6.451099e-004
 2.908850e-001  1.850890e-003  6.392567e-004
 2.912740e-001  5.702772e-004  6.576618e-004
 2.916630e-001  1.381785e-003  6.737365e-004
 2.920520e-001  1.455557e-003  6.529189e-004
 2.924410e-001  1.263078e-003  6.657402e-004
 2.928300e-001  1.170383e-003  6.843950e-004
 2.932190e-001  1.444062e-003  6.940811e-004
 2.936080e-001  1.156339e-003  6.787016e-004
 2.939970e-001  1.149424e-003  7.035274e-004
 2.943860e-001  8.147989e-004  6.920646e-004
 2.947750e-001  1.306651e-003  6.872329e-004
 2.951640e-001  8.109733e-004  7.101757e-004
 2.955530e-001  4.897636e-004  6.953611e-004
 2.959420e-001  7.426695e-004  7.298599e-004
 2.963310e-001  1.106470e-003  7.047420e-004
 2.967200e-001  8.898090e-004  7.074671e-004
 2.971090e-001  1.345237e-003  7.261508e-004
 2.974980e-001  9.348067e-004  7.375805e-004
 2.978870e-001  1.000376e-003  7.362251e-004
 2.982760e-001  1.440966e-003  7.208960e-004
 2.986650e-001  1.074678e-003  7.505494e-004
 2.990540e-001  1.505434e-003  7.479507e-004
 2.994430e-001  1.637205e-004  7.507874e-004
 2.998310e-001  1.507935e-003  7.522534e-004
 3.002200e-001  2.372517e-003  7.537300e-004
 3.006090e-001  1.329587e-003  7.538275e-004
 3.009980e-001  6.994367e-004  7.406960e-004
 3.013870e-001 -2.729251e-004  7.753006e-004
 3.017760e-001  1.056340e-003  8.061082e-004
 3.021650e-001  9.683235e-004  7.672305e-004
 3.025540e-001  8.978453e-004  7.984022e-004
 3.029430e-001  6.261783e-004  7.927097e-004
 3.033320e-001  9.579892e-004  8.030775e-004
 3.037210e-001  1.527923e-003  8.164733e-004
 3.041100e-001  1.798140e-003  7.748253e-004
 3.044990e-001  5.441247e-004  8.304934e-004
 3.048870e-001  8.479503e-004  8.134750e-004
 3.052760e-001  1.068398e-003  8.238814e-004
 3.056650e-001  1.938369e-003  8.422462e-004
 3.060540e-001  1.222975e-003  8.234819e-004
 3.064430e-001  9.003522e-004  8.809781e-004
 3.068320e-001  9.363002e-004  8.550052e-004
 3.072210e-001  3.436037e-004  8.618116e-004
 3.076100e-001  2.912364e-004  8.794136e-004
 3.079990e-001  4.373234e-004  8.893092e-004
 3.083870e-001  1.975953e-003  8.639668e-004
 3.087760e-001  9.223341e-004  8.697756e-004
 3.091650e-001  1.348064e-003  9.144989e-004
 3.095540e-001  8.470700e-004  8.831225e-004
 3.099430e-001  4.928801e-004  9.131630e-004
 3.103320e-001  1.253287e-003  9.130408e-004
 3.107210e-001 -3.699126e-004  8.684713e-004
 3.111090e-001  1.168187e-003  9.360607e-004
 3.114980e-001  1.415118e-003  8.874111e-004
 3.118870e-001  1.213262e-003  9.252176e-004
 3.122760e-001  3.151289e-004  9.279207e-004
 3.126650e-001  2.198932e-003  9.413070e-004
 3.130540e-001  1.026196e-003  9.602564e-004
 3.134420e-001  1.527283e-003  9.116816e-004
 3.138310e-001  1.769686e-003  9.575854e-004
 3.142200e-001  7.790307e-004  9.410435e-004
 3.146090e-001  1.431895e-003  9.370973e-004
 3.149980e-001  1.469028e-003  9.680941e-004
 3.153870e-001  1.294185e-003  9.313119e-004
 3.157750e-001  7.619022e-004  9.748489e-004
 3.161640e-001  1.043336e-003  9.547156e-004
 3.165530e-001  8.706317e-004  9.760971e-004
 3.169420e-001  9.895398e-004  9.718111e-004
range-from: 1
range-to: 800
Parent(s): C:/Users/Rhys/Desktop/raw_dat/sub_215.dat C:/Users/Rhys/Desktop/raw_dat/sub_216.dat C:/Users/Rhys/Desktop/raw_dat/sub_217.dat C:/Users/Rhys/Desktop/raw_dat/sub_218.dat C:/Users/Rhys/Desktop/raw_dat/sub_219.dat C:/Users/Rhys/Desktop/raw_dat/sub_220.dat
