Data divided by constant (Conc)                                               
TIP60p_0_q26  Conc = .50E+01  Mult = .10E+01  N1 =    1  N2 =  717  SCALE =  1
  0.569788E-01  0.594466E+00  0.197192E+00
  0.605400E-01  0.582789E+00  0.160162E+00
  0.641012E-01  0.574123E+00  0.139482E+00
  0.676623E-01  0.559932E+00  0.880054E-01
  0.712235E-01  0.553139E+00  0.645401E-01
  0.747847E-01  0.547049E+00  0.513946E-01
  0.783458E-01  0.535754E+00  0.425608E-01
  0.819070E-01  0.528556E+00  0.355481E-01
  0.854682E-01  0.517013E+00  0.310219E-01
  0.890293E-01  0.511162E+00  0.281219E-01
  0.925905E-01  0.502084E+00  0.251811E-01
  0.961517E-01  0.491284E+00  0.232795E-01
  0.997128E-01  0.479141E+00  0.222283E-01
  0.103274E+00  0.470127E+00  0.208022E-01
  0.106835E+00  0.459992E+00  0.200404E-01
  0.110396E+00  0.448851E+00  0.190124E-01
  0.113957E+00  0.439611E+00  0.180157E-01
  0.117519E+00  0.428248E+00  0.174390E-01
  0.121080E+00  0.418802E+00  0.166859E-01
  0.124641E+00  0.407298E+00  0.161732E-01
  0.128202E+00  0.395826E+00  0.154590E-01
  0.131763E+00  0.387112E+00  0.149507E-01
  0.135324E+00  0.375712E+00  0.147571E-01
  0.138885E+00  0.364601E+00  0.138082E-01
  0.142447E+00  0.353067E+00  0.135726E-01
  0.146008E+00  0.343590E+00  0.130593E-01
  0.149569E+00  0.331839E+00  0.127642E-01
  0.153130E+00  0.321810E+00  0.124559E-01
  0.156691E+00  0.311347E+00  0.120891E-01
  0.160252E+00  0.301127E+00  0.120547E-01
  0.163813E+00  0.290207E+00  0.113668E-01
  0.167374E+00  0.279875E+00  0.113577E-01
  0.170935E+00  0.269932E+00  0.110475E-01
  0.174497E+00  0.259848E+00  0.106797E-01
  0.178058E+00  0.250638E+00  0.105138E-01
  0.181619E+00  0.240525E+00  0.102801E-01
  0.185180E+00  0.232061E+00  0.100438E-01
  0.188741E+00  0.221428E+00  0.961792E-02
  0.192302E+00  0.211560E+00  0.938647E-02
  0.195863E+00  0.202663E+00  0.914593E-02
  0.199424E+00  0.192497E+00  0.882361E-02
  0.202985E+00  0.184651E+00  0.892778E-02
  0.206546E+00  0.175468E+00  0.879511E-02
  0.210108E+00  0.168283E+00  0.884422E-02
  0.213669E+00  0.157793E+00  0.885280E-02
  0.217230E+00  0.151649E+00  0.863621E-02
  0.220791E+00  0.143061E+00  0.858831E-02
  0.224352E+00  0.135786E+00  0.828291E-02
  0.227913E+00  0.129056E+00  0.811921E-02
  0.231474E+00  0.121521E+00  0.756197E-02
  0.235035E+00  0.115134E+00  0.736621E-02
  0.238596E+00  0.108077E+00  0.743592E-02
  0.242157E+00  0.101717E+00  0.705840E-02
  0.245718E+00  0.963242E-01  0.698554E-02
  0.249279E+00  0.906509E-01  0.663438E-02
  0.252840E+00  0.842397E-01  0.658993E-02
  0.256401E+00  0.785034E-01  0.637490E-02
  0.259962E+00  0.735108E-01  0.595773E-02
  0.263523E+00  0.675299E-01  0.570515E-02
  0.267084E+00  0.636666E-01  0.540593E-02
  0.270645E+00  0.590970E-01  0.536051E-02
  0.274206E+00  0.541208E-01  0.502442E-02
  0.277767E+00  0.499374E-01  0.478428E-02
  0.281328E+00  0.456227E-01  0.471139E-02
  0.284889E+00  0.422665E-01  0.451843E-02
  0.288450E+00  0.388830E-01  0.435589E-02
  0.292011E+00  0.357542E-01  0.419478E-02
  0.295572E+00  0.317996E-01  0.402167E-02
  0.299133E+00  0.292198E-01  0.388070E-02
  0.302694E+00  0.264991E-01  0.374047E-02
  0.306255E+00  0.240108E-01  0.364214E-02
  0.309816E+00  0.219316E-01  0.351788E-02
  0.313377E+00  0.191619E-01  0.344970E-02
  0.316938E+00  0.172714E-01  0.334857E-02
  0.320499E+00  0.152532E-01  0.327780E-02
  0.324060E+00  0.138391E-01  0.321540E-02
  0.327621E+00  0.122927E-01  0.310995E-02
  0.331182E+00  0.112244E-01  0.306756E-02
  0.334743E+00  0.961793E-02  0.300119E-02
  0.338304E+00  0.865306E-02  0.293793E-02
  0.341865E+00  0.812426E-02  0.292165E-02
  0.345426E+00  0.725153E-02  0.284191E-02
  0.348986E+00  0.631934E-02  0.283844E-02
  0.352547E+00  0.606714E-02  0.275935E-02
  0.356108E+00  0.541348E-02  0.274970E-02
  0.359669E+00  0.533016E-02  0.273310E-02
  0.363230E+00  0.480237E-02  0.268079E-02
  0.366791E+00  0.466594E-02  0.267049E-02
  0.370352E+00  0.439861E-02  0.261687E-02
  0.373913E+00  0.457956E-02  0.258366E-02
  0.377474E+00  0.428967E-02  0.256043E-02
  0.381034E+00  0.441666E-02  0.253955E-02
  0.384595E+00  0.508883E-02  0.254665E-02
  0.388156E+00  0.483315E-02  0.253716E-02
  0.391717E+00  0.503576E-02  0.254255E-02
  0.395278E+00  0.537064E-02  0.249664E-02
  0.398838E+00  0.578068E-02  0.253841E-02
  0.402399E+00  0.603897E-02  0.254604E-02
  0.405960E+00  0.641379E-02  0.253009E-02
  0.409521E+00  0.675126E-02  0.255692E-02
  0.413082E+00  0.719956E-02  0.253555E-02
  0.416643E+00  0.747809E-02  0.255358E-02
  0.420203E+00  0.801758E-02  0.253047E-02
  0.423764E+00  0.838038E-02  0.253714E-02
  0.427325E+00  0.882928E-02  0.258416E-02
  0.430886E+00  0.928476E-02  0.253257E-02
  0.434446E+00  0.963336E-02  0.257591E-02
  0.438007E+00  0.999242E-02  0.254951E-02
  0.441568E+00  0.103428E-01  0.254468E-02
  0.445129E+00  0.107700E-01  0.251642E-02
  0.448689E+00  0.111204E-01  0.246945E-02
  0.452250E+00  0.113285E-01  0.248573E-02
  0.455811E+00  0.117412E-01  0.249956E-02
  0.459371E+00  0.120802E-01  0.250147E-02
  0.462932E+00  0.121449E-01  0.247401E-02
  0.466493E+00  0.125026E-01  0.248239E-02
  0.470054E+00  0.126246E-01  0.248092E-02
  0.473614E+00  0.127565E-01  0.244593E-02
  0.477175E+00  0.128898E-01  0.246824E-02
  0.480735E+00  0.129577E-01  0.243805E-02
  0.484296E+00  0.131242E-01  0.244712E-02
  0.487857E+00  0.134076E-01  0.246903E-02
  0.491417E+00  0.133472E-01  0.243908E-02
  0.494978E+00  0.133933E-01  0.246927E-02
  0.498539E+00  0.132206E-01  0.248852E-02
  0.502099E+00  0.131985E-01  0.249351E-02
  0.505660E+00  0.131475E-01  0.252703E-02
  0.509220E+00  0.130635E-01  0.252160E-02
  0.512781E+00  0.127816E-01  0.251485E-02
  0.516342E+00  0.126770E-01  0.250427E-02
  0.519902E+00  0.124279E-01  0.247983E-02
  0.523463E+00  0.123856E-01  0.247530E-02
  0.527023E+00  0.122523E-01  0.247428E-02
  0.530584E+00  0.120240E-01  0.249381E-02
  0.534144E+00  0.116858E-01  0.247014E-02
  0.537705E+00  0.112917E-01  0.245535E-02
  0.541265E+00  0.112405E-01  0.243771E-02
  0.544826E+00  0.107972E-01  0.241743E-02
  0.548386E+00  0.104934E-01  0.240083E-02
  0.551947E+00  0.100915E-01  0.236809E-02
  0.555507E+00  0.967894E-02  0.238127E-02
  0.559068E+00  0.951636E-02  0.230048E-02
  0.562628E+00  0.930647E-02  0.228533E-02
  0.566189E+00  0.882216E-02  0.225665E-02
  0.569749E+00  0.855130E-02  0.221890E-02
  0.573310E+00  0.814745E-02  0.223003E-02
  0.576870E+00  0.756332E-02  0.218759E-02
  0.580430E+00  0.735412E-02  0.216373E-02
  0.583991E+00  0.697840E-02  0.214569E-02
  0.587551E+00  0.660079E-02  0.212740E-02
  0.591112E+00  0.627338E-02  0.213001E-02
  0.594672E+00  0.589207E-02  0.208553E-02
  0.598232E+00  0.554230E-02  0.209081E-02
  0.601793E+00  0.523102E-02  0.204265E-02
  0.605353E+00  0.506992E-02  0.202196E-02
  0.608913E+00  0.457352E-02  0.201833E-02
  0.612474E+00  0.424296E-02  0.198169E-02
  0.616034E+00  0.406536E-02  0.197441E-02
  0.619594E+00  0.373150E-02  0.194795E-02
  0.623155E+00  0.346743E-02  0.196113E-02
  0.626715E+00  0.326122E-02  0.192332E-02
  0.630275E+00  0.292742E-02  0.191028E-02
  0.633835E+00  0.280685E-02  0.191408E-02
  0.637396E+00  0.244132E-02  0.187606E-02
  0.640956E+00  0.232374E-02  0.188676E-02
  0.644516E+00  0.227766E-02  0.186102E-02
  0.648077E+00  0.201740E-02  0.185435E-02
  0.651637E+00  0.202066E-02  0.184756E-02
  0.655197E+00  0.178215E-02  0.182233E-02
  0.658757E+00  0.175036E-02  0.180593E-02
  0.662317E+00  0.170902E-02  0.177955E-02
  0.665878E+00  0.147413E-02  0.176320E-02
  0.669438E+00  0.142481E-02  0.177055E-02
  0.672998E+00  0.131889E-02  0.177676E-02
  0.676558E+00  0.145769E-02  0.177064E-02
  0.680118E+00  0.131402E-02  0.176941E-02
  0.683678E+00  0.139751E-02  0.178282E-02
  0.687238E+00  0.142803E-02  0.176550E-02
  0.690798E+00  0.133402E-02  0.177329E-02
  0.694358E+00  0.139575E-02  0.177166E-02
  0.697918E+00  0.145027E-02  0.175702E-02
  0.701479E+00  0.143994E-02  0.177083E-02
  0.705039E+00  0.150153E-02  0.175612E-02
  0.708599E+00  0.160981E-02  0.174543E-02
  0.712159E+00  0.167666E-02  0.174321E-02
  0.715719E+00  0.162470E-02  0.172454E-02
  0.719279E+00  0.184038E-02  0.173074E-02
  0.722839E+00  0.193428E-02  0.171652E-02
  0.726399E+00  0.207250E-02  0.171295E-02
  0.729959E+00  0.215858E-02  0.171071E-02
  0.733519E+00  0.229983E-02  0.171107E-02
  0.737079E+00  0.235441E-02  0.172034E-02
  0.740638E+00  0.248151E-02  0.171542E-02
  0.744198E+00  0.264433E-02  0.171537E-02
  0.747758E+00  0.279754E-02  0.172239E-02
  0.751318E+00  0.288681E-02  0.171724E-02
  0.754878E+00  0.285193E-02  0.172021E-02
  0.758438E+00  0.309057E-02  0.170851E-02
  0.761998E+00  0.321980E-02  0.172077E-02
  0.765558E+00  0.342190E-02  0.171205E-02
  0.769118E+00  0.339480E-02  0.171040E-02
  0.772677E+00  0.351741E-02  0.171384E-02
  0.776237E+00  0.364151E-02  0.169682E-02
  0.779797E+00  0.377317E-02  0.170951E-02
  0.783357E+00  0.377815E-02  0.169613E-02
  0.786917E+00  0.392009E-02  0.169732E-02
  0.790476E+00  0.401455E-02  0.168995E-02
  0.794036E+00  0.407393E-02  0.168969E-02
  0.797596E+00  0.409725E-02  0.167351E-02
  0.801156E+00  0.425898E-02  0.166985E-02
  0.804715E+00  0.426385E-02  0.167464E-02
  0.808275E+00  0.436138E-02  0.166517E-02
  0.811835E+00  0.434182E-02  0.167197E-02
  0.815394E+00  0.423676E-02  0.165640E-02
  0.818954E+00  0.437223E-02  0.166415E-02
  0.822514E+00  0.446848E-02  0.166635E-02
  0.826073E+00  0.440070E-02  0.165436E-02
  0.829633E+00  0.436742E-02  0.165255E-02
  0.833192E+00  0.443148E-02  0.165467E-02
  0.836752E+00  0.444198E-02  0.165521E-02
  0.840311E+00  0.440226E-02  0.165166E-02
  0.843871E+00  0.433078E-02  0.163499E-02
  0.847431E+00  0.429386E-02  0.164299E-02
  0.850990E+00  0.428097E-02  0.164048E-02
  0.854550E+00  0.416470E-02  0.163124E-02
  0.858109E+00  0.418637E-02  0.162695E-02
  0.861669E+00  0.416249E-02  0.161474E-02
  0.865228E+00  0.410272E-02  0.163263E-02
  0.868788E+00  0.393747E-02  0.159868E-02
  0.872347E+00  0.394305E-02  0.158738E-02
  0.875907E+00  0.387030E-02  0.157832E-02
  0.879466E+00  0.377882E-02  0.155739E-02
  0.883025E+00  0.361193E-02  0.155077E-02
  0.886585E+00  0.350771E-02  0.154152E-02
  0.890144E+00  0.350547E-02  0.154152E-02
  0.893703E+00  0.335560E-02  0.153747E-02
  0.897263E+00  0.325498E-02  0.153301E-02
  0.900822E+00  0.316980E-02  0.152576E-02
  0.904381E+00  0.298003E-02  0.150700E-02
  0.907941E+00  0.287758E-02  0.151412E-02
  0.911500E+00  0.278506E-02  0.150360E-02
  0.915059E+00  0.273906E-02  0.150914E-02
  0.918619E+00  0.252041E-02  0.150382E-02
  0.922178E+00  0.247547E-02  0.150348E-02
  0.925737E+00  0.238520E-02  0.149809E-02
  0.929296E+00  0.232775E-02  0.148194E-02
  0.932855E+00  0.218083E-02  0.148706E-02
  0.936415E+00  0.201610E-02  0.147971E-02
  0.939974E+00  0.189313E-02  0.147751E-02
  0.943533E+00  0.179712E-02  0.147455E-02
  0.947092E+00  0.167487E-02  0.145912E-02
  0.950651E+00  0.167385E-02  0.146077E-02
  0.954210E+00  0.155733E-02  0.146349E-02
  0.957770E+00  0.150440E-02  0.146720E-02
  0.961329E+00  0.142574E-02  0.147561E-02
  0.964888E+00  0.128872E-02  0.147625E-02
  0.968447E+00  0.118556E-02  0.147250E-02
  0.972006E+00  0.117062E-02  0.145783E-02
  0.975565E+00  0.104566E-02  0.146647E-02
  0.979124E+00  0.106213E-02  0.146095E-02
  0.982683E+00  0.100004E-02  0.145492E-02
  0.986242E+00  0.871306E-03  0.146257E-02
  0.989801E+00  0.812398E-03  0.146284E-02
  0.993359E+00  0.772620E-03  0.147006E-02
  0.996918E+00  0.879416E-03  0.146019E-02
  0.100048E+01  0.845659E-03  0.146068E-02
  0.100404E+01  0.726491E-03  0.146784E-02
  0.100760E+01  0.602419E-03  0.146036E-02
  0.101115E+01  0.706543E-03  0.147507E-02
  0.101471E+01  0.696947E-03  0.146591E-02
  0.101827E+01  0.615261E-03  0.147061E-02
  0.102183E+01  0.598281E-03  0.146675E-02
  0.102539E+01  0.665731E-03  0.145747E-02
  0.102895E+01  0.598824E-03  0.147849E-02
  0.103251E+01  0.599787E-03  0.146166E-02
  0.103607E+01  0.662526E-03  0.146466E-02
  0.103962E+01  0.654617E-03  0.146609E-02
  0.104318E+01  0.628139E-03  0.145688E-02
  0.104674E+01  0.674939E-03  0.145680E-02
  0.105030E+01  0.650812E-03  0.144138E-02
  0.105386E+01  0.646385E-03  0.144628E-02
  0.105742E+01  0.737842E-03  0.144543E-02
  0.106098E+01  0.719791E-03  0.145668E-02
  0.106454E+01  0.699532E-03  0.144883E-02
  0.106809E+01  0.701335E-03  0.144962E-02
  0.107165E+01  0.818460E-03  0.145247E-02
  0.107521E+01  0.787033E-03  0.144545E-02
  0.107877E+01  0.841109E-03  0.145361E-02
  0.108233E+01  0.849728E-03  0.145262E-02
  0.108589E+01  0.944273E-03  0.144731E-02
  0.108944E+01  0.943495E-03  0.147901E-02
  0.109300E+01  0.102476E-02  0.144573E-02
  0.109656E+01  0.104065E-02  0.144453E-02
  0.110012E+01  0.105319E-02  0.142431E-02
  0.110368E+01  0.105503E-02  0.143381E-02
  0.110724E+01  0.120618E-02  0.143953E-02
  0.111079E+01  0.118793E-02  0.143859E-02
  0.111435E+01  0.109273E-02  0.144750E-02
  0.111791E+01  0.123285E-02  0.144775E-02
  0.112147E+01  0.118568E-02  0.144634E-02
  0.112503E+01  0.130284E-02  0.144320E-02
  0.112859E+01  0.128761E-02  0.143191E-02
  0.113214E+01  0.133440E-02  0.144226E-02
  0.113570E+01  0.130386E-02  0.141980E-02
  0.113926E+01  0.130608E-02  0.143310E-02
  0.114282E+01  0.135136E-02  0.142375E-02
  0.114638E+01  0.144025E-02  0.143394E-02
  0.114994E+01  0.129485E-02  0.142863E-02
  0.115349E+01  0.143249E-02  0.142122E-02
  0.115705E+01  0.145031E-02  0.143501E-02
  0.116061E+01  0.144774E-02  0.142715E-02
  0.116417E+01  0.140934E-02  0.143148E-02
  0.116773E+01  0.139155E-02  0.142938E-02
  0.117128E+01  0.139948E-02  0.142366E-02
  0.117484E+01  0.142728E-02  0.143560E-02
  0.117840E+01  0.134731E-02  0.142690E-02
  0.118196E+01  0.142091E-02  0.142608E-02
  0.118552E+01  0.133255E-02  0.142287E-02
  0.118907E+01  0.137095E-02  0.142843E-02
  0.119263E+01  0.132349E-02  0.142722E-02
  0.119619E+01  0.137061E-02  0.141777E-02
  0.119975E+01  0.132742E-02  0.142548E-02
  0.120331E+01  0.130175E-02  0.141028E-02
  0.120686E+01  0.130703E-02  0.141492E-02
  0.121042E+01  0.126359E-02  0.141218E-02
  0.121398E+01  0.121578E-02  0.140245E-02
  0.121754E+01  0.125745E-02  0.141679E-02
  0.122110E+01  0.120649E-02  0.139719E-02
  0.122465E+01  0.116254E-02  0.140006E-02
  0.122821E+01  0.125510E-02  0.139115E-02
  0.123177E+01  0.112463E-02  0.138421E-02
  0.123533E+01  0.112425E-02  0.138997E-02
  0.123888E+01  0.985570E-03  0.138155E-02
  0.124244E+01  0.104870E-02  0.138429E-02
  0.124600E+01  0.101233E-02  0.138023E-02
  0.124956E+01  0.101389E-02  0.138561E-02
  0.125311E+01  0.969460E-03  0.139457E-02
  0.125667E+01  0.947548E-03  0.140142E-02
  0.126023E+01  0.926461E-03  0.142714E-02
  0.126379E+01  0.803463E-03  0.141939E-02
  0.126734E+01  0.819483E-03  0.143068E-02
  0.127090E+01  0.839452E-03  0.142416E-02
  0.127446E+01  0.789697E-03  0.142695E-02
  0.127802E+01  0.781062E-03  0.144298E-02
  0.128157E+01  0.756643E-03  0.142939E-02
  0.128513E+01  0.685183E-03  0.144610E-02
  0.128869E+01  0.603335E-03  0.144461E-02
  0.129225E+01  0.664564E-03  0.144203E-02
  0.129580E+01  0.521549E-03  0.143695E-02
  0.129936E+01  0.606674E-03  0.143160E-02
  0.130292E+01  0.625491E-03  0.144976E-02
  0.130648E+01  0.618808E-03  0.143135E-02
  0.131003E+01  0.506324E-03  0.142700E-02
  0.131359E+01  0.499012E-03  0.139305E-02
  0.131715E+01  0.487416E-03  0.137133E-02
  0.132071E+01  0.398765E-03  0.137973E-02
  0.132426E+01  0.403110E-03  0.137201E-02
  0.132782E+01  0.415494E-03  0.138067E-02
  0.133138E+01  0.382830E-03  0.137439E-02
  0.133493E+01  0.373065E-03  0.137775E-02
  0.133849E+01  0.342819E-03  0.137960E-02
  0.134205E+01  0.375781E-03  0.136914E-02
  0.134560E+01  0.326284E-03  0.137427E-02
  0.134916E+01  0.355372E-03  0.136371E-02
  0.135272E+01  0.366594E-03  0.136975E-02
  0.135628E+01  0.372231E-03  0.136957E-02
  0.135983E+01  0.357718E-03  0.136408E-02
  0.136339E+01  0.349949E-03  0.136091E-02
  0.136695E+01  0.396457E-03  0.135848E-02
  0.137050E+01  0.389748E-03  0.135990E-02
  0.137406E+01  0.336826E-03  0.134900E-02
  0.137762E+01  0.366765E-03  0.134147E-02
  0.138117E+01  0.417229E-03  0.134541E-02
  0.138473E+01  0.350537E-03  0.134735E-02
  0.138829E+01  0.362099E-03  0.133739E-02
  0.139184E+01  0.410013E-03  0.133039E-02
  0.139540E+01  0.372298E-03  0.132865E-02
  0.139896E+01  0.460507E-03  0.133106E-02
  0.140251E+01  0.351243E-03  0.132442E-02
  0.140607E+01  0.415454E-03  0.132783E-02
  0.140963E+01  0.456152E-03  0.133191E-02
  0.141318E+01  0.460073E-03  0.133526E-02
  0.141674E+01  0.467337E-03  0.132169E-02
  0.142030E+01  0.472512E-03  0.132064E-02
  0.142385E+01  0.489368E-03  0.132608E-02
  0.142741E+01  0.498771E-03  0.132781E-02
  0.143097E+01  0.600452E-03  0.133607E-02
  0.143452E+01  0.521660E-03  0.132069E-02
  0.143808E+01  0.483021E-03  0.132453E-02
  0.144164E+01  0.540873E-03  0.132644E-02
  0.144519E+01  0.638316E-03  0.132121E-02
  0.144875E+01  0.598205E-03  0.132237E-02
  0.145231E+01  0.616619E-03  0.131864E-02
  0.145586E+01  0.587826E-03  0.131880E-02
  0.145942E+01  0.582752E-03  0.131175E-02
  0.146297E+01  0.600112E-03  0.130709E-02
  0.146653E+01  0.629880E-03  0.131330E-02
  0.147009E+01  0.641734E-03  0.129198E-02
  0.147364E+01  0.670395E-03  0.129821E-02
  0.147720E+01  0.621559E-03  0.129559E-02
  0.148076E+01  0.681582E-03  0.130114E-02
  0.148431E+01  0.664122E-03  0.128856E-02
  0.148787E+01  0.720634E-03  0.129312E-02
  0.149143E+01  0.699626E-03  0.129673E-02
  0.149498E+01  0.657607E-03  0.129240E-02
  0.149854E+01  0.595341E-03  0.129894E-02
  0.150209E+01  0.577088E-03  0.129777E-02
  0.150565E+01  0.736185E-03  0.128749E-02
  0.150920E+01  0.655696E-03  0.129352E-02
  0.151276E+01  0.695359E-03  0.128566E-02
  0.151632E+01  0.654770E-03  0.129553E-02
  0.151987E+01  0.738943E-03  0.128707E-02
  0.152343E+01  0.639318E-03  0.127925E-02
  0.152699E+01  0.649586E-03  0.127656E-02
  0.153054E+01  0.611756E-03  0.126820E-02
  0.153410E+01  0.734014E-03  0.129357E-02
  0.153765E+01  0.661943E-03  0.130253E-02
  0.154121E+01  0.692601E-03  0.131282E-02
  0.154476E+01  0.641851E-03  0.131671E-02
  0.154832E+01  0.654817E-03  0.130443E-02
  0.155187E+01  0.589226E-03  0.131115E-02
  0.155543E+01  0.676299E-03  0.131231E-02
  0.155899E+01  0.624492E-03  0.131065E-02
  0.156254E+01  0.595012E-03  0.130839E-02
  0.156610E+01  0.516365E-03  0.130988E-02
  0.156965E+01  0.618858E-03  0.131797E-02
  0.157321E+01  0.584391E-03  0.131334E-02
  0.157676E+01  0.591373E-03  0.132588E-02
  0.158032E+01  0.570933E-03  0.131770E-02
  0.158387E+01  0.532215E-03  0.133381E-02
  0.158743E+01  0.470692E-03  0.133339E-02
  0.159099E+01  0.534125E-03  0.132839E-02
  0.159454E+01  0.551594E-03  0.133945E-02
  0.159810E+01  0.455413E-03  0.133139E-02
  0.160165E+01  0.546472E-03  0.133583E-02
  0.160521E+01  0.468072E-03  0.133841E-02
  0.160876E+01  0.486267E-03  0.134447E-02
  0.161232E+01  0.434534E-03  0.134620E-02
  0.161587E+01  0.453640E-03  0.133811E-02
  0.161943E+01  0.368977E-03  0.134271E-02
  0.162298E+01  0.465860E-03  0.133751E-02
  0.162654E+01  0.437847E-03  0.134025E-02
  0.163009E+01  0.431217E-03  0.133477E-02
  0.163365E+01  0.415176E-03  0.133007E-02
  0.163720E+01  0.346623E-03  0.133850E-02
  0.164076E+01  0.434526E-03  0.133144E-02
  0.164431E+01  0.371554E-03  0.133484E-02
  0.164787E+01  0.354596E-03  0.132865E-02
  0.165142E+01  0.407458E-03  0.132909E-02
  0.165498E+01  0.335622E-03  0.133112E-02
  0.165853E+01  0.343143E-03  0.132688E-02
  0.166209E+01  0.297563E-03  0.133151E-02
  0.166564E+01  0.315101E-03  0.133101E-02
  0.166920E+01  0.232304E-03  0.133178E-02
  0.167275E+01  0.290222E-03  0.133890E-02
  0.167631E+01  0.194507E-03  0.132664E-02
  0.167986E+01  0.247576E-03  0.133898E-02
  0.168342E+01  0.282344E-03  0.134677E-02
  0.168697E+01  0.338438E-03  0.134781E-02
  0.169053E+01  0.254679E-03  0.134290E-02
  0.169408E+01  0.261339E-03  0.134509E-02
  0.169764E+01  0.301398E-03  0.135223E-02
  0.170119E+01  0.246776E-03  0.133701E-02
  0.170474E+01  0.178317E-03  0.134389E-02
  0.170830E+01  0.233349E-03  0.134465E-02
  0.171185E+01  0.241662E-03  0.134300E-02
  0.171541E+01  0.217115E-03  0.134986E-02
  0.171896E+01  0.252727E-03  0.133946E-02
  0.172252E+01  0.243731E-03  0.134789E-02
  0.172607E+01  0.253872E-03  0.133776E-02
  0.172963E+01  0.273203E-03  0.133734E-02
  0.173318E+01  0.231393E-03  0.134224E-02
  0.173673E+01  0.248414E-03  0.133405E-02
  0.174029E+01  0.237519E-03  0.134479E-02
  0.174384E+01  0.210372E-03  0.132769E-02
  0.174740E+01  0.241695E-03  0.133319E-02
  0.175095E+01  0.213110E-03  0.133368E-02
  0.175451E+01  0.226612E-03  0.133320E-02
  0.175806E+01  0.276521E-03  0.134377E-02
  0.176161E+01  0.215771E-03  0.134752E-02
  0.176517E+01  0.317027E-03  0.134813E-02
  0.176872E+01  0.280130E-03  0.134302E-02
  0.177228E+01  0.283786E-03  0.134286E-02
  0.177583E+01  0.282062E-03  0.134331E-02
  0.177938E+01  0.222645E-03  0.134490E-02
  0.178294E+01  0.283248E-03  0.134348E-02
  0.178649E+01  0.381087E-03  0.134327E-02
  0.179005E+01  0.332669E-03  0.134775E-02
  0.179360E+01  0.335826E-03  0.134638E-02
  0.179715E+01  0.337745E-03  0.133652E-02
  0.180071E+01  0.326831E-03  0.134226E-02
  0.180426E+01  0.321442E-03  0.133581E-02
  0.180781E+01  0.358524E-03  0.134087E-02
  0.181137E+01  0.370039E-03  0.134836E-02
  0.181492E+01  0.369435E-03  0.134957E-02
  0.181848E+01  0.269402E-03  0.133462E-02
  0.182203E+01  0.353560E-03  0.134313E-02
  0.182558E+01  0.337058E-03  0.133612E-02
  0.182914E+01  0.328927E-03  0.133685E-02
  0.183269E+01  0.363297E-03  0.133283E-02
  0.183624E+01  0.338622E-03  0.134716E-02
  0.183980E+01  0.358166E-03  0.133529E-02
  0.184335E+01  0.349565E-03  0.133055E-02
  0.184690E+01  0.316690E-03  0.133347E-02
  0.185046E+01  0.322651E-03  0.133613E-02
  0.185401E+01  0.353424E-03  0.134134E-02
  0.185756E+01  0.378043E-03  0.133641E-02
  0.186112E+01  0.337610E-03  0.133936E-02
  0.186467E+01  0.378841E-03  0.133293E-02
  0.186822E+01  0.329292E-03  0.133378E-02
  0.187178E+01  0.364194E-03  0.132834E-02
  0.187533E+01  0.360514E-03  0.132918E-02
  0.187888E+01  0.333116E-03  0.133181E-02
  0.188244E+01  0.345453E-03  0.132176E-02
  0.188599E+01  0.344592E-03  0.132124E-02
  0.188954E+01  0.351457E-03  0.131345E-02
  0.189310E+01  0.376539E-03  0.132337E-02
  0.189665E+01  0.363221E-03  0.131820E-02
  0.190020E+01  0.341965E-03  0.131241E-02
  0.190376E+01  0.285132E-03  0.131577E-02
  0.190731E+01  0.324607E-03  0.130695E-02
  0.191086E+01  0.347058E-03  0.131850E-02
  0.191441E+01  0.338556E-03  0.132096E-02
  0.191797E+01  0.299361E-03  0.132077E-02
  0.192152E+01  0.233780E-03  0.131990E-02
  0.192507E+01  0.360717E-03  0.130743E-02
  0.192863E+01  0.308484E-03  0.131900E-02
  0.193218E+01  0.286651E-03  0.131196E-02
  0.193573E+01  0.305911E-03  0.131794E-02
  0.193928E+01  0.378397E-03  0.131222E-02
  0.194284E+01  0.325583E-03  0.131777E-02
  0.194639E+01  0.341545E-03  0.131659E-02
  0.194994E+01  0.275551E-03  0.130908E-02
  0.195349E+01  0.230811E-03  0.131303E-02
  0.195704E+01  0.276034E-03  0.131247E-02
  0.196060E+01  0.328099E-03  0.131165E-02
  0.196415E+01  0.240974E-03  0.133348E-02
  0.196770E+01  0.267940E-03  0.133168E-02
  0.197125E+01  0.236084E-03  0.134276E-02
  0.197481E+01  0.248264E-03  0.133836E-02
  0.197836E+01  0.268053E-03  0.134434E-02
  0.198191E+01  0.211097E-03  0.135689E-02
  0.198546E+01  0.181345E-03  0.134922E-02
  0.198902E+01  0.252534E-03  0.136615E-02
  0.199257E+01  0.311683E-03  0.135986E-02
  0.199612E+01  0.256653E-03  0.136348E-02
  0.199967E+01  0.287598E-03  0.137017E-02
  0.200322E+01  0.240569E-03  0.136399E-02
  0.200678E+01  0.281310E-03  0.140564E-02
  0.201033E+01  0.224120E-03  0.140816E-02
  0.201388E+01  0.231222E-03  0.144113E-02
  0.201743E+01  0.289656E-03  0.145233E-02
  0.202098E+01  0.264524E-03  0.146157E-02
  0.202454E+01  0.163589E-03  0.148834E-02
  0.202809E+01  0.233505E-03  0.148065E-02
  0.203164E+01  0.173613E-03  0.150969E-02
  0.203519E+01  0.205726E-03  0.150937E-02
  0.203874E+01  0.243558E-03  0.152687E-02
  0.204229E+01  0.243340E-03  0.153594E-02
  0.204585E+01  0.232926E-03  0.154466E-02
  0.204940E+01  0.125451E-03  0.154777E-02
  0.205295E+01  0.199109E-03  0.154703E-02
  0.205650E+01  0.216649E-03  0.156038E-02
  0.206005E+01  0.202596E-03  0.156607E-02
  0.206360E+01  0.323199E-03  0.158275E-02
  0.206716E+01  0.290441E-03  0.153900E-02
  0.207071E+01  0.186188E-03  0.152567E-02
  0.207426E+01  0.237525E-03  0.153144E-02
  0.207781E+01  0.259792E-03  0.151854E-02
  0.208136E+01  0.141714E-03  0.151982E-02
  0.208491E+01  0.255372E-03  0.152543E-02
  0.208846E+01  0.206635E-03  0.152388E-02
  0.209201E+01  0.173570E-03  0.152607E-02
  0.209557E+01  0.146359E-03  0.152176E-02
  0.209912E+01  0.146037E-03  0.152131E-02
  0.210267E+01  0.128519E-03  0.151706E-02
  0.210622E+01  0.211374E-03  0.151810E-02
  0.210977E+01  0.258112E-03  0.153739E-02
  0.211332E+01  0.124302E-03  0.152236E-02
  0.211687E+01  0.147349E-03  0.152665E-02
  0.212042E+01  0.271035E-03  0.152040E-02
  0.212397E+01  0.221666E-03  0.152764E-02
  0.212752E+01  0.240876E-03  0.153453E-02
  0.213108E+01  0.209946E-03  0.153387E-02
  0.213463E+01  0.231115E-03  0.153803E-02
  0.213818E+01  0.170579E-03  0.152734E-02
  0.214173E+01  0.259665E-03  0.153116E-02
  0.214528E+01  0.203545E-03  0.153524E-02
  0.214883E+01  0.273550E-03  0.153243E-02
  0.215238E+01  0.199905E-03  0.154588E-02
  0.215593E+01  0.179242E-03  0.153219E-02
  0.215948E+01  0.218433E-03  0.154200E-02
  0.216303E+01  0.300121E-03  0.153219E-02
  0.216658E+01  0.267521E-03  0.154033E-02
  0.217013E+01  0.263506E-03  0.153859E-02
  0.217368E+01  0.294202E-03  0.151956E-02
  0.217723E+01  0.314370E-03  0.154599E-02
  0.218078E+01  0.297683E-03  0.153108E-02
  0.218433E+01  0.178500E-03  0.154569E-02
  0.218788E+01  0.243281E-03  0.154215E-02
  0.219143E+01  0.203686E-03  0.154228E-02
  0.219498E+01  0.232932E-03  0.153935E-02
  0.219854E+01  0.163598E-03  0.152657E-02
  0.220208E+01  0.159199E-03  0.153865E-02
  0.220564E+01  0.263097E-03  0.154149E-02
  0.220919E+01  0.226917E-03  0.153824E-02
  0.221273E+01  0.313684E-03  0.153323E-02
  0.221629E+01  0.274663E-03  0.153391E-02
  0.221983E+01  0.175780E-03  0.153077E-02
  0.222338E+01  0.196609E-03  0.152592E-02
  0.222694E+01  0.256228E-03  0.152640E-02
  0.223048E+01  0.196936E-03  0.153079E-02
  0.223403E+01  0.213892E-03  0.152346E-02
  0.223758E+01  0.236653E-03  0.152338E-02
  0.224113E+01  0.241024E-03  0.152124E-02
  0.224468E+01  0.175346E-03  0.152769E-02
  0.224823E+01  0.163040E-03  0.152773E-02
  0.225178E+01  0.160383E-03  0.153661E-02
  0.225533E+01  0.195789E-03  0.152455E-02
  0.225888E+01  0.262774E-03  0.151872E-02
  0.226243E+01  0.863433E-04  0.152219E-02
  0.226598E+01  0.183392E-03  0.151289E-02
  0.226953E+01  0.200817E-03  0.152377E-02
  0.227308E+01  0.112629E-03  0.152305E-02
  0.227663E+01  0.219133E-03  0.151734E-02
  0.228018E+01  0.206462E-03  0.153759E-02
  0.228373E+01  0.206769E-03  0.153240E-02
  0.228728E+01  0.149684E-03  0.153268E-02
  0.229083E+01  0.166825E-03  0.153995E-02
  0.229438E+01  0.200245E-03  0.152719E-02
  0.229793E+01  0.172948E-03  0.152478E-02
  0.230147E+01  0.196585E-03  0.152008E-02
  0.230502E+01  0.212136E-03  0.152774E-02
  0.230857E+01  0.206441E-03  0.151985E-02
  0.231212E+01  0.213150E-03  0.151325E-02
  0.231567E+01  0.168823E-03  0.151562E-02
  0.231922E+01  0.265296E-03  0.151640E-02
  0.232277E+01  0.242070E-03  0.152760E-02
  0.232632E+01  0.156574E-03  0.149707E-02
  0.232987E+01  0.241851E-03  0.151833E-02
  0.233341E+01  0.165375E-03  0.151962E-02
  0.233696E+01  0.146808E-03  0.150722E-02
  0.234051E+01  0.227711E-03  0.151073E-02
  0.234406E+01  0.261968E-03  0.149901E-02
  0.234761E+01  0.266246E-03  0.151993E-02
  0.235116E+01  0.188104E-03  0.148773E-02
  0.235471E+01  0.163246E-03  0.150538E-02
  0.235826E+01  0.413201E-04  0.149771E-02
  0.236180E+01  0.178841E-03  0.150222E-02
  0.236535E+01  0.151992E-03  0.150872E-02
  0.236890E+01  0.184263E-03  0.149695E-02
  0.237245E+01  0.237959E-03  0.149679E-02
  0.237600E+01  0.166808E-03  0.149214E-02
  0.237954E+01  0.165573E-03  0.150545E-02
  0.238309E+01  0.203884E-03  0.149311E-02
  0.238664E+01  0.168586E-03  0.149549E-02
  0.239019E+01  0.203473E-03  0.149229E-02
  0.239374E+01  0.215529E-03  0.148843E-02
  0.239729E+01  0.135076E-03  0.148907E-02
  0.240083E+01  0.213093E-03  0.148411E-02
  0.240438E+01  0.154101E-03  0.148073E-02
  0.240793E+01  0.169599E-03  0.146938E-02
  0.241148E+01  0.183538E-03  0.146937E-02
  0.241503E+01  0.273411E-03  0.146010E-02
  0.241857E+01  0.180935E-03  0.147607E-02
  0.242212E+01  0.180962E-03  0.146248E-02
  0.242567E+01  0.191921E-03  0.148490E-02
  0.242922E+01  0.152087E-03  0.146739E-02
  0.243276E+01  0.207101E-03  0.147903E-02
  0.243631E+01  0.121206E-03  0.147816E-02
  0.243986E+01  0.173937E-03  0.147572E-02
  0.244341E+01  0.212283E-03  0.147984E-02
  0.244695E+01  0.228878E-03  0.148175E-02
  0.245050E+01  0.139708E-03  0.148907E-02
  0.245405E+01  0.234364E-03  0.147138E-02
  0.245760E+01  0.158251E-03  0.146852E-02
  0.246115E+01  0.212457E-03  0.148184E-02
  0.246469E+01  0.280565E-03  0.147957E-02
  0.246824E+01  0.121430E-03  0.149007E-02
  0.247179E+01  0.189052E-03  0.146966E-02
  0.247533E+01  0.156630E-03  0.147247E-02
  0.247888E+01  0.256514E-03  0.146269E-02
  0.248243E+01  0.185334E-03  0.146797E-02
  0.248597E+01  0.211400E-03  0.146654E-02
  0.248952E+01  0.213600E-03  0.145968E-02
  0.249307E+01  0.142640E-03  0.146364E-02
  0.249662E+01  0.147768E-03  0.146287E-02
  0.250016E+01  0.282693E-03  0.146579E-02
  0.250371E+01  0.995690E-04  0.146811E-02
  0.250726E+01  0.134780E-03  0.146357E-02
  0.251080E+01  0.175118E-03  0.146886E-02
  0.251435E+01  0.183888E-03  0.146407E-02
  0.251790E+01  0.103121E-03  0.146730E-02
  0.252144E+01  0.130832E-03  0.147093E-02
  0.252499E+01  0.208955E-03  0.145982E-02
  0.252854E+01  0.222680E-03  0.147019E-02
  0.253208E+01  0.124303E-03  0.146272E-02
  0.253563E+01  0.105059E-03  0.146810E-02
  0.253918E+01  0.127153E-03  0.146280E-02
  0.254272E+01  0.120293E-03  0.145228E-02
  0.254627E+01  0.155515E-03  0.145604E-02
  0.254982E+01  0.188122E-03  0.144819E-02
  0.255336E+01  0.251262E-03  0.144792E-02
  0.255691E+01  0.203880E-03  0.143742E-02
  0.256046E+01  0.183592E-03  0.144083E-02
  0.256400E+01  0.217212E-03  0.144156E-02
  0.256755E+01  0.734374E-04  0.142369E-02
  0.257109E+01  0.192290E-03  0.142772E-02
  0.257464E+01  0.116810E-03  0.142002E-02
  0.257819E+01  0.199912E-03  0.142238E-02
  0.258173E+01  0.235263E-03  0.141817E-02
  0.258528E+01  0.206093E-03  0.142848E-02
  0.258882E+01  0.207540E-03  0.143979E-02
  0.259237E+01  0.189373E-03  0.143328E-02
  0.259592E+01  0.164195E-03  0.144368E-02
  0.259946E+01  0.517593E-04  0.142458E-02
  0.260301E+01  0.177857E-03  0.142825E-02
---------C:\Users\rarai\Documents\Manuscripts\TIP60\dat_ATSAS\TIP60p_0_q26.dat---------------------
Sample description: Extrapolated to infinite dilution                           
Sample: Extrapolated to  c= 0.000 mg/ml  Code:                                  
Parent(s): C:/Users/Sasahara/Google ƒhƒ‰ƒCƒu/Œ¤‹†(Google drive)/201711/20171111B
