# q                 I(q)             
  1.00000e-03       9.99765e-01      
  2.12531e-03       9.98941e-01      
  3.25063e-03       9.97524e-01      
  4.37594e-03       9.95517e-01      
  5.50125e-03       9.92922e-01      
  6.62657e-03       9.89745e-01      
  7.75188e-03       9.85989e-01      
  8.87719e-03       9.81660e-01      
  1.00025e-02       9.76765e-01      
  1.11278e-02       9.71312e-01      
  1.22531e-02       9.65308e-01      
  1.33784e-02       9.58763e-01      
  1.45038e-02       9.51686e-01      
  1.56291e-02       9.44088e-01      
  1.67544e-02       9.35981e-01      
  1.78797e-02       9.27377e-01      
  1.90050e-02       9.18288e-01      
  2.01303e-02       9.08727e-01      
  2.12556e-02       8.98710e-01      
  2.23810e-02       8.88250e-01      
  2.35063e-02       8.77364e-01      
  2.46316e-02       8.66066e-01      
  2.57569e-02       8.54373e-01      
  2.68822e-02       8.42303e-01      
  2.80075e-02       8.29871e-01      
  2.91328e-02       8.17097e-01      
  3.02581e-02       8.03997e-01      
  3.13835e-02       7.90591e-01      
  3.25088e-02       7.76897e-01      
  3.36341e-02       7.62934e-01      
  3.47594e-02       7.48722e-01      
  3.58847e-02       7.34278e-01      
  3.70100e-02       7.19624e-01      
  3.81353e-02       7.04778e-01      
  3.92607e-02       6.89760e-01      
  4.03860e-02       6.74591e-01      
  4.15113e-02       6.59288e-01      
  4.26366e-02       6.43873e-01      
  4.37619e-02       6.28364e-01      
  4.48872e-02       6.12781e-01      
  4.60125e-02       5.97143e-01      
  4.71378e-02       5.81469e-01      
  4.82632e-02       5.65779e-01      
  4.93885e-02       5.50089e-01      
  5.05138e-02       5.34420e-01      
  5.16391e-02       5.18788e-01      
  5.27644e-02       5.03211e-01      
  5.38897e-02       4.87706e-01      
  5.50150e-02       4.72290e-01      
  5.61404e-02       4.56979e-01      
  5.72657e-02       4.41790e-01      
  5.83910e-02       4.26736e-01      
  5.95163e-02       4.11834e-01      
  6.06416e-02       3.97097e-01      
  6.17669e-02       3.82540e-01      
  6.28922e-02       3.68174e-01      
  6.40175e-02       3.54014e-01      
  6.51429e-02       3.40070e-01      
  6.62682e-02       3.26354e-01      
  6.73935e-02       3.12876e-01      
  6.85188e-02       2.99648e-01      
  6.96441e-02       2.86677e-01      
  7.07694e-02       2.73974e-01      
  7.18947e-02       2.61545e-01      
  7.30201e-02       2.49399e-01      
  7.41454e-02       2.37542e-01      
  7.52707e-02       2.25980e-01      
  7.63960e-02       2.14718e-01      
  7.75213e-02       2.03762e-01      
  7.86466e-02       1.93116e-01      
  7.97719e-02       1.82783e-01      
  8.08972e-02       1.72765e-01      
  8.20226e-02       1.63066e-01      
  8.31479e-02       1.53686e-01      
  8.42732e-02       1.44626e-01      
  8.53985e-02       1.35888e-01      
  8.65238e-02       1.27470e-01      
  8.76491e-02       1.19371e-01      
  8.87744e-02       1.11592e-01      
  8.98997e-02       1.04129e-01      
  9.10251e-02       9.69802e-02      
  9.21504e-02       9.01428e-02      
  9.32757e-02       8.36133e-02      
  9.44010e-02       7.73879e-02      
  9.55263e-02       7.14623e-02      
  9.66516e-02       6.58318e-02      
  9.77769e-02       6.04914e-02      
  9.89023e-02       5.54355e-02      
  1.00028e-01       5.06584e-02      
  1.01153e-01       4.61539e-02      
  1.02278e-01       4.19156e-02      
  1.03404e-01       3.79368e-02      
  1.04529e-01       3.42104e-02      
  1.05654e-01       3.07294e-02      
  1.06779e-01       2.74863e-02      
  1.07905e-01       2.44736e-02      
  1.09030e-01       2.16834e-02      
  1.10155e-01       1.91080e-02      
  1.11281e-01       1.67392e-02      
  1.12406e-01       1.45692e-02      
  1.13531e-01       1.25896e-02      
  1.14657e-01       1.07924e-02      
  1.15782e-01       9.16924e-03      
  1.16907e-01       7.71202e-03      
  1.18033e-01       6.41249e-03      
  1.19158e-01       5.26252e-03      
  1.20283e-01       4.25398e-03      
  1.21409e-01       3.37886e-03      
  1.22534e-01       2.62922e-03      
  1.23659e-01       1.99724e-03      
  1.24784e-01       1.47521e-03      
  1.25910e-01       1.05556e-03      
  1.27035e-01       7.30894e-04      
  1.28160e-01       4.93962e-04      
  1.29286e-01       3.37699e-04      
  1.30411e-01       2.55233e-04      
  1.31536e-01       2.39888e-04      
  1.32662e-01       2.85203e-04      
  1.33787e-01       3.84932e-04      
  1.34912e-01       5.33058e-04      
  1.36038e-01       7.23797e-04      
  1.37163e-01       9.51603e-04      
  1.38288e-01       1.21118e-03      
  1.39414e-01       1.49746e-03      
  1.40539e-01       1.80566e-03      
  1.41664e-01       2.13123e-03      
  1.42789e-01       2.46987e-03      
  1.43915e-01       2.81754e-03      
  1.45040e-01       3.17047e-03      
  1.46165e-01       3.52513e-03      
  1.47291e-01       3.87824e-03      
  1.48416e-01       4.22679e-03      
  1.49541e-01       4.56798e-03      
  1.50667e-01       4.89930e-03      
  1.51792e-01       5.21845e-03      
  1.52917e-01       5.52336e-03      
  1.54043e-01       5.81221e-03      
  1.55168e-01       6.08338e-03      
  1.56293e-01       6.33549e-03      
  1.57419e-01       6.56735e-03      
  1.58544e-01       6.77797e-03      
  1.59669e-01       6.96656e-03      
  1.60794e-01       7.13252e-03      
  1.61920e-01       7.27543e-03      
  1.63045e-01       7.39502e-03      
  1.64170e-01       7.49119e-03      
  1.65296e-01       7.56399e-03      
  1.66421e-01       7.61362e-03      
  1.67546e-01       7.64040e-03      
  1.68672e-01       7.64478e-03      
  1.69797e-01       7.62731e-03      
  1.70922e-01       7.58866e-03      
  1.72048e-01       7.52959e-03      
  1.73173e-01       7.45095e-03      
  1.74298e-01       7.35364e-03      
  1.75424e-01       7.23868e-03      
  1.76549e-01       7.10709e-03      
  1.77674e-01       6.95997e-03      
  1.78799e-01       6.79847e-03      
  1.79925e-01       6.62375e-03      
  1.81050e-01       6.43701e-03      
  1.82175e-01       6.23947e-03      
  1.83301e-01       6.03235e-03      
  1.84426e-01       5.81687e-03      
  1.85551e-01       5.59427e-03      
  1.86677e-01       5.36575e-03      
  1.87802e-01       5.13252e-03      
  1.88927e-01       4.89574e-03      
  1.90053e-01       4.65659e-03      
  1.91178e-01       4.41616e-03      
  1.92303e-01       4.17555e-03      
  1.93429e-01       3.93579e-03      
  1.94554e-01       3.69789e-03      
  1.95679e-01       3.46279e-03      
  1.96805e-01       3.23140e-03      
  1.97930e-01       3.00456e-03      
  1.99055e-01       2.78307e-03      
  2.00180e-01       2.56766e-03      
  2.01306e-01       2.35901e-03      
  2.02431e-01       2.15773e-03      
  2.03556e-01       1.96438e-03      
  2.04682e-01       1.77945e-03      
  2.05807e-01       1.60339e-03      
  2.06932e-01       1.43656e-03      
  2.08058e-01       1.27927e-03      
  2.09183e-01       1.13179e-03      
  2.10308e-01       9.94303e-04      
  2.11434e-01       8.66950e-04      
  2.12559e-01       7.49812e-04      
  2.13684e-01       6.42918e-04      
  2.14810e-01       5.46244e-04      
  2.15935e-01       4.59715e-04      
  2.17060e-01       3.83211e-04      
  2.18185e-01       3.16565e-04      
  2.19311e-01       2.59568e-04      
  2.20436e-01       2.11970e-04      
  2.21561e-01       1.73485e-04      
  2.22687e-01       1.43793e-04      
  2.23812e-01       1.22543e-04      
  2.24937e-01       1.09354e-04      
  2.26063e-01       1.03821e-04      
  2.27188e-01       1.05517e-04      
  2.28313e-01       1.13995e-04      
  2.29439e-01       1.28793e-04      
  2.30564e-01       1.49434e-04      
  2.31689e-01       1.75433e-04      
  2.32815e-01       2.06295e-04      
  2.33940e-01       2.41523e-04      
  2.35065e-01       2.80617e-04      
  2.36190e-01       3.23078e-04      
  2.37316e-01       3.68411e-04      
  2.38441e-01       4.16125e-04      
  2.39566e-01       4.65740e-04      
  2.40692e-01       5.16784e-04      
  2.41817e-01       5.68798e-04      
  2.42942e-01       6.21339e-04      
  2.44068e-01       6.73977e-04      
  2.45193e-01       7.26304e-04      
  2.46318e-01       7.77927e-04      
  2.47444e-01       8.28477e-04      
  2.48569e-01       8.77605e-04      
  2.49694e-01       9.24984e-04      
  2.50820e-01       9.70315e-04      
  2.51945e-01       1.01332e-03      
  2.53070e-01       1.05374e-03      
  2.54195e-01       1.09136e-03      
  2.55321e-01       1.12597e-03      
  2.56446e-01       1.15739e-03      
  2.57571e-01       1.18548e-03      
  2.58697e-01       1.21012e-03      
  2.59822e-01       1.23120e-03      
  2.60947e-01       1.24865e-03      
  2.62073e-01       1.26243e-03      
  2.63198e-01       1.27250e-03      
  2.64323e-01       1.27887e-03      
  2.65449e-01       1.28156e-03      
  2.66574e-01       1.28061e-03      
  2.67699e-01       1.27608e-03      
  2.68825e-01       1.26805e-03      
  2.69950e-01       1.25663e-03      
  2.71075e-01       1.24194e-03      
  2.72201e-01       1.22410e-03      
  2.73326e-01       1.20326e-03      
  2.74451e-01       1.17959e-03      
  2.75576e-01       1.15326e-03      
  2.76702e-01       1.12445e-03      
  2.77827e-01       1.09336e-03      
  2.78952e-01       1.06018e-03      
  2.80078e-01       1.02512e-03      
  2.81203e-01       9.88401e-04      
  2.82328e-01       9.50228e-04      
  2.83454e-01       9.10821e-04      
  2.84579e-01       8.70401e-04      
  2.85704e-01       8.29186e-04      
  2.86830e-01       7.87392e-04      
  2.87955e-01       7.45234e-04      
  2.89080e-01       7.02922e-04      
  2.90206e-01       6.60664e-04      
  2.91331e-01       6.18658e-04      
  2.92456e-01       5.77098e-04      
  2.93581e-01       5.36169e-04      
  2.94707e-01       4.96049e-04      
  2.95832e-01       4.56906e-04      
  2.96957e-01       4.18897e-04      
  2.98083e-01       3.82170e-04      
  2.99208e-01       3.46862e-04      
  3.00333e-01       3.13098e-04      
  3.01459e-01       2.80991e-04      
  3.02584e-01       2.50643e-04      
  3.03709e-01       2.22142e-04      
  3.04835e-01       1.95566e-04      
  3.05960e-01       1.70977e-04      
  3.07085e-01       1.48429e-04      
  3.08211e-01       1.27959e-04      
  3.09336e-01       1.09595e-04      
  3.10461e-01       9.33515e-05      
  3.11586e-01       7.92308e-05      
  3.12712e-01       6.72246e-05      
  3.13837e-01       5.73127e-05      
  3.14962e-01       4.94647e-05      
  3.16088e-01       4.36397e-05      
  3.17213e-01       3.97868e-05      
  3.18338e-01       3.78462e-05      
  3.19464e-01       3.77494e-05      
  3.20589e-01       3.94198e-05      
  3.21714e-01       4.27733e-05      
  3.22840e-01       4.77194e-05      
  3.23965e-01       5.41614e-05      
  3.25090e-01       6.19972e-05      
  3.26216e-01       7.11202e-05      
  3.27341e-01       8.14198e-05      
  3.28466e-01       9.27823e-05      
  3.29591e-01       1.05091e-04      
  3.30717e-01       1.18229e-04      
  3.31842e-01       1.32076e-04      
  3.32967e-01       1.46513e-04      
  3.34093e-01       1.61421e-04      
  3.35218e-01       1.76682e-04      
  3.36343e-01       1.92178e-04      
  3.37469e-01       2.07796e-04      
  3.38594e-01       2.23423e-04      
  3.39719e-01       2.38950e-04      
  3.40845e-01       2.54274e-04      
  3.41970e-01       2.69293e-04      
  3.43095e-01       2.83912e-04      
  3.44221e-01       2.98040e-04      
  3.45346e-01       3.11592e-04      
  3.46471e-01       3.24488e-04      
  3.47596e-01       3.36654e-04      
  3.48722e-01       3.48025e-04      
  3.49847e-01       3.58538e-04      
  3.50972e-01       3.68141e-04      
  3.52098e-01       3.76786e-04      
  3.53223e-01       3.84434e-04      
  3.54348e-01       3.91050e-04      
  3.55474e-01       3.96609e-04      
  3.56599e-01       4.01090e-04      
  3.57724e-01       4.04483e-04      
  3.58850e-01       4.06780e-04      
  3.59975e-01       4.07981e-04      
  3.61100e-01       4.08096e-04      
  3.62226e-01       4.07135e-04      
  3.63351e-01       4.05119e-04      
  3.64476e-01       4.02071e-04      
  3.65602e-01       3.98023e-04      
  3.66727e-01       3.93010e-04      
  3.67852e-01       3.87071e-04      
  3.68977e-01       3.80251e-04      
  3.70103e-01       3.72598e-04      
  3.71228e-01       3.64164e-04      
  3.72353e-01       3.55004e-04      
  3.73479e-01       3.45177e-04      
  3.74604e-01       3.34743e-04      
  3.75729e-01       3.23765e-04      
  3.76855e-01       3.12307e-04      
  3.77980e-01       3.00434e-04      
  3.79105e-01       2.88214e-04      
  3.80231e-01       2.75712e-04      
  3.81356e-01       2.62995e-04      
  3.82481e-01       2.50131e-04      
  3.83607e-01       2.37184e-04      
  3.84732e-01       2.24220e-04      
  3.85857e-01       2.11302e-04      
  3.86982e-01       1.98492e-04      
  3.88108e-01       1.85849e-04      
  3.89233e-01       1.73430e-04      
  3.90358e-01       1.61290e-04      
  3.91484e-01       1.49481e-04      
  3.92609e-01       1.38052e-04      
  3.93734e-01       1.27047e-04      
  3.94860e-01       1.16510e-04      
  3.95985e-01       1.06478e-04      
  3.97110e-01       9.69858e-05      
  3.98236e-01       8.80649e-05      
  3.99361e-01       7.97418e-05      
  4.00486e-01       7.20393e-05      
  4.01612e-01       6.49764e-05      
  4.02737e-01       5.85679e-05      
  4.03862e-01       5.28245e-05      
  4.04987e-01       4.77530e-05      
  4.06113e-01       4.33564e-05      
  4.07238e-01       3.96335e-05      
  4.08363e-01       3.65796e-05      
  4.09489e-01       3.41863e-05      
  4.10614e-01       3.24416e-05      
  4.11739e-01       3.13303e-05      
  4.12865e-01       3.08337e-05      
  4.13990e-01       3.09304e-05      
  4.15115e-01       3.15959e-05      
  4.16241e-01       3.28034e-05      
  4.17366e-01       3.45233e-05      
  4.18491e-01       3.67242e-05      
  4.19617e-01       3.93724e-05      
  4.20742e-01       4.24328e-05      
  4.21867e-01       4.58686e-05      
  4.22992e-01       4.96418e-05      
  4.24118e-01       5.37135e-05      
  4.25243e-01       5.80440e-05      
  4.26368e-01       6.25932e-05      
  4.27494e-01       6.73206e-05      
  4.28619e-01       7.21859e-05      
  4.29744e-01       7.71488e-05      
  4.30870e-01       8.21695e-05      
  4.31995e-01       8.72089e-05      
  4.33120e-01       9.22289e-05      
  4.34246e-01       9.71923e-05      
  4.35371e-01       1.02063e-04      
  4.36496e-01       1.06807e-04      
  4.37622e-01       1.11392e-04      
  4.38747e-01       1.15785e-04      
  4.39872e-01       1.19959e-04      
  4.40997e-01       1.23886e-04      
  4.42123e-01       1.27541e-04      
  4.43248e-01       1.30902e-04      
  4.44373e-01       1.33948e-04      
  4.45499e-01       1.36660e-04      
  4.46624e-01       1.39025e-04      
  4.47749e-01       1.41028e-04      
  4.48875e-01       1.42659e-04      
  4.50000e-01       1.43911e-04      
