# q                 I(q)             
  1.00000e-03       9.99402e-01      
  2.25063e-03       9.96976e-01      
  3.50125e-03       9.92696e-01      
  4.75188e-03       9.86581e-01      
  6.00251e-03       9.78660e-01      
  7.25313e-03       9.68970e-01      
  8.50376e-03       9.57556e-01      
  9.75439e-03       9.44472e-01      
  1.10050e-02       9.29778e-01      
  1.22556e-02       9.13540e-01      
  1.35063e-02       8.95835e-01      
  1.47569e-02       8.76741e-01      
  1.60075e-02       8.56344e-01      
  1.72581e-02       8.34737e-01      
  1.85088e-02       8.12013e-01      
  1.97594e-02       7.88273e-01      
  2.10100e-02       7.63619e-01      
  2.22607e-02       7.38156e-01      
  2.35113e-02       7.11992e-01      
  2.47619e-02       6.85235e-01      
  2.60125e-02       6.57995e-01      
  2.72632e-02       6.30380e-01      
  2.85138e-02       6.02499e-01      
  2.97644e-02       5.74459e-01      
  3.10150e-02       5.46367e-01      
  3.22657e-02       5.18325e-01      
  3.35163e-02       4.90433e-01      
  3.47669e-02       4.62789e-01      
  3.60175e-02       4.35485e-01      
  3.72682e-02       4.08609e-01      
  3.85188e-02       3.82245e-01      
  3.97694e-02       3.56472e-01      
  4.10201e-02       3.31363e-01      
  4.22707e-02       3.06984e-01      
  4.35213e-02       2.83398e-01      
  4.47719e-02       2.60660e-01      
  4.60226e-02       2.38818e-01      
  4.72732e-02       2.17915e-01      
  4.85238e-02       1.97988e-01      
  4.97744e-02       1.79066e-01      
  5.10251e-02       1.61173e-01      
  5.22757e-02       1.44326e-01      
  5.35263e-02       1.28537e-01      
  5.47769e-02       1.13811e-01      
  5.60276e-02       1.00147e-01      
  5.72782e-02       8.75404e-02      
  5.85288e-02       7.59792e-02      
  5.97794e-02       6.54477e-02      
  6.10301e-02       5.59255e-02      
  6.22807e-02       4.73878e-02      
  6.35313e-02       3.98057e-02      
  6.47820e-02       3.31472e-02      
  6.60326e-02       2.73766e-02      
  6.72832e-02       2.24559e-02      
  6.85338e-02       1.83443e-02      
  6.97845e-02       1.49992e-02      
  7.10351e-02       1.23761e-02      
  7.22857e-02       1.04294e-02      
  7.35363e-02       9.11257e-03      
  7.47870e-02       8.37833e-03      
  7.60376e-02       8.17926e-03      
  7.72882e-02       8.46797e-03      
  7.85388e-02       9.19744e-03      
  7.97895e-02       1.03213e-02      
  8.10401e-02       1.17940e-02      
  8.22907e-02       1.35713e-02      
  8.35414e-02       1.56101e-02      
  8.47920e-02       1.78690e-02      
  8.60426e-02       2.03083e-02      
  8.72932e-02       2.28902e-02      
  8.85439e-02       2.55787e-02      
  8.97945e-02       2.83401e-02      
  9.10451e-02       3.11427e-02      
  9.22957e-02       3.39573e-02      
  9.35464e-02       3.67565e-02      
  9.47970e-02       3.95157e-02      
  9.60476e-02       4.22121e-02      
  9.72982e-02       4.48255e-02      
  9.85489e-02       4.73378e-02      
  9.97995e-02       4.97330e-02      
  1.01050e-01       5.19973e-02      
  1.02301e-01       5.41188e-02      
  1.03551e-01       5.60878e-02      
  1.04802e-01       5.78962e-02      
  1.06053e-01       5.95379e-02      
  1.07303e-01       6.10083e-02      
  1.08554e-01       6.23043e-02      
  1.09805e-01       6.34244e-02      
  1.11055e-01       6.43684e-02      
  1.12306e-01       6.51371e-02      
  1.13556e-01       6.57327e-02      
  1.14807e-01       6.61582e-02      
  1.16058e-01       6.64176e-02      
  1.17308e-01       6.65155e-02      
  1.18559e-01       6.64575e-02      
  1.19810e-01       6.62493e-02      
  1.21060e-01       6.58977e-02      
  1.22311e-01       6.54093e-02      
  1.23561e-01       6.47914e-02      
  1.24812e-01       6.40515e-02      
  1.26063e-01       6.31973e-02      
  1.27313e-01       6.22364e-02      
  1.28564e-01       6.11768e-02      
  1.29815e-01       6.00262e-02      
  1.31065e-01       5.87925e-02      
  1.32316e-01       5.74835e-02      
  1.33566e-01       5.61068e-02      
  1.34817e-01       5.46699e-02      
  1.36068e-01       5.31801e-02      
  1.37318e-01       5.16447e-02      
  1.38569e-01       5.00706e-02      
  1.39820e-01       4.84645e-02      
  1.41070e-01       4.68330e-02      
  1.42321e-01       4.51824e-02      
  1.43571e-01       4.35187e-02      
  1.44822e-01       4.18477e-02      
  1.46073e-01       4.01749e-02      
  1.47323e-01       3.85056e-02      
  1.48574e-01       3.68447e-02      
  1.49825e-01       3.51971e-02      
  1.51075e-01       3.35672e-02      
  1.52326e-01       3.19593e-02      
  1.53576e-01       3.03771e-02      
  1.54827e-01       2.88245e-02      
  1.56078e-01       2.73049e-02      
  1.57328e-01       2.58214e-02      
  1.58579e-01       2.43768e-02      
  1.59830e-01       2.29739e-02      
  1.61080e-01       2.16149e-02      
  1.62331e-01       2.03020e-02      
  1.63581e-01       1.90369e-02      
  1.64832e-01       1.78214e-02      
  1.66083e-01       1.66567e-02      
  1.67333e-01       1.55439e-02      
  1.68584e-01       1.44837e-02      
  1.69835e-01       1.34769e-02      
  1.71085e-01       1.25237e-02      
  1.72336e-01       1.16242e-02      
  1.73586e-01       1.07784e-02      
  1.74837e-01       9.98578e-03      
  1.76088e-01       9.24588e-03      
  1.77338e-01       8.55791e-03      
  1.78589e-01       7.92093e-03      
  1.79840e-01       7.33377e-03      
  1.81090e-01       6.79513e-03      
  1.82341e-01       6.30354e-03      
  1.83591e-01       5.85736e-03      
  1.84842e-01       5.45484e-03      
  1.86093e-01       5.09411e-03      
  1.87343e-01       4.77319e-03      
  1.88594e-01       4.49000e-03      
  1.89845e-01       4.24241e-03      
  1.91095e-01       4.02822e-03      
  1.92346e-01       3.84517e-03      
  1.93596e-01       3.69101e-03      
  1.94847e-01       3.56344e-03      
  1.96098e-01       3.46019e-03      
  1.97348e-01       3.37899e-03      
  1.98599e-01       3.31761e-03      
  1.99850e-01       3.27385e-03      
  2.01100e-01       3.24558e-03      
  2.02351e-01       3.23073e-03      
  2.03602e-01       3.22731e-03      
  2.04852e-01       3.23341e-03      
  2.06103e-01       3.24721e-03      
  2.07353e-01       3.26701e-03      
  2.08604e-01       3.29120e-03      
  2.09855e-01       3.31828e-03      
  2.11105e-01       3.34688e-03      
  2.12356e-01       3.37574e-03      
  2.13607e-01       3.40370e-03      
  2.14857e-01       3.42976e-03      
  2.16108e-01       3.45300e-03      
  2.17358e-01       3.47262e-03      
  2.18609e-01       3.48797e-03      
  2.19860e-01       3.49846e-03      
  2.21110e-01       3.50364e-03      
  2.22361e-01       3.50316e-03      
  2.23612e-01       3.49674e-03      
  2.24862e-01       3.48421e-03      
  2.26113e-01       3.46549e-03      
  2.27363e-01       3.44055e-03      
  2.28614e-01       3.40946e-03      
  2.29865e-01       3.37233e-03      
  2.31115e-01       3.32934e-03      
  2.32366e-01       3.28072e-03      
  2.33617e-01       3.22673e-03      
  2.34867e-01       3.16768e-03      
  2.36118e-01       3.10390e-03      
  2.37368e-01       3.03575e-03      
  2.38619e-01       2.96360e-03      
  2.39870e-01       2.88784e-03      
  2.41120e-01       2.80886e-03      
  2.42371e-01       2.72707e-03      
  2.43622e-01       2.64286e-03      
  2.44872e-01       2.55663e-03      
  2.46123e-01       2.46875e-03      
  2.47373e-01       2.37962e-03      
  2.48624e-01       2.28957e-03      
  2.49875e-01       2.19898e-03      
  2.51125e-01       2.10815e-03      
  2.52376e-01       2.01742e-03      
  2.53627e-01       1.92706e-03      
  2.54877e-01       1.83736e-03      
  2.56128e-01       1.74857e-03      
  2.57378e-01       1.66092e-03      
  2.58629e-01       1.57464e-03      
  2.59880e-01       1.48992e-03      
  2.61130e-01       1.40693e-03      
  2.62381e-01       1.32584e-03      
  2.63632e-01       1.24680e-03      
  2.64882e-01       1.16991e-03      
  2.66133e-01       1.09531e-03      
  2.67383e-01       1.02307e-03      
  2.68634e-01       9.53286e-04      
  2.69885e-01       8.86018e-04      
  2.71135e-01       8.21321e-04      
  2.72386e-01       7.59236e-04      
  2.73637e-01       6.99793e-04      
  2.74887e-01       6.43013e-04      
  2.76138e-01       5.88904e-04      
  2.77388e-01       5.37467e-04      
  2.78639e-01       4.88693e-04      
  2.79890e-01       4.42564e-04      
  2.81140e-01       3.99056e-04      
  2.82391e-01       3.58135e-04      
  2.83642e-01       3.19762e-04      
  2.84892e-01       2.83892e-04      
  2.86143e-01       2.50471e-04      
  2.87393e-01       2.19443e-04      
  2.88644e-01       1.90743e-04      
  2.89895e-01       1.64305e-04      
  2.91145e-01       1.40056e-04      
  2.92396e-01       1.17919e-04      
  2.93647e-01       9.78152e-05      
  2.94897e-01       7.96620e-05      
  2.96148e-01       6.33742e-05      
  2.97398e-01       4.88650e-05      
  2.98649e-01       3.60460e-05      
  2.99900e-01       2.48279e-05      
  3.01150e-01       1.51212e-05      
  3.02401e-01       6.83652e-06      
  3.03652e-01       -1.14990e-07     
  3.04902e-01       -5.82084e-06     
  3.06153e-01       -1.03669e-05     
  3.07404e-01       -1.38370e-05     
  3.08654e-01       -1.63124e-05     
  3.09905e-01       -1.78714e-05     
  3.11155e-01       -1.85892e-05     
  3.12406e-01       -1.85374e-05     
  3.13657e-01       -1.77841e-05     
  3.14907e-01       -1.63933e-05     
  3.16158e-01       -1.44249e-05     
  3.17409e-01       -1.19352e-05     
  3.18659e-01       -8.97608e-06     
  3.19910e-01       -5.59568e-06     
  3.21160e-01       -1.83825e-06     
  3.22411e-01       2.25554e-06      
  3.23662e-01       6.64846e-06      
  3.24912e-01       1.13064e-05      
  3.26163e-01       1.61980e-05      
  3.27414e-01       2.12946e-05      
  3.28664e-01       2.65694e-05      
  3.29915e-01       3.19975e-05      
  3.31165e-01       3.75553e-05      
  3.32416e-01       4.32204e-05      
  3.33667e-01       4.89708e-05      
  3.34917e-01       5.47849e-05      
  3.36168e-01       6.06411e-05      
  3.37419e-01       6.65177e-05      
  3.38669e-01       7.23920e-05      
  3.39920e-01       7.82410e-05      
  3.41170e-01       8.40408e-05      
  3.42421e-01       8.97663e-05      
  3.43672e-01       9.53917e-05      
  3.44922e-01       1.00890e-04      
  3.46173e-01       1.06234e-04      
  3.47424e-01       1.11394e-04      
  3.48674e-01       1.16342e-04      
  3.49925e-01       1.21049e-04      
  3.51175e-01       1.25485e-04      
  3.52426e-01       1.29622e-04      
  3.53677e-01       1.33431e-04      
  3.54927e-01       1.36884e-04      
  3.56178e-01       1.39958e-04      
  3.57429e-01       1.42628e-04      
  3.58679e-01       1.44872e-04      
  3.59930e-01       1.46673e-04      
  3.61180e-01       1.48015e-04      
  3.62431e-01       1.48887e-04      
  3.63682e-01       1.49281e-04      
  3.64932e-01       1.49194e-04      
  3.66183e-01       1.48626e-04      
  3.67434e-01       1.47585e-04      
  3.68684e-01       1.46080e-04      
  3.69935e-01       1.44128e-04      
  3.71185e-01       1.41750e-04      
  3.72436e-01       1.38971e-04      
  3.73687e-01       1.35822e-04      
  3.74937e-01       1.32339e-04      
  3.76188e-01       1.28562e-04      
  3.77439e-01       1.24535e-04      
  3.78689e-01       1.20305e-04      
  3.79940e-01       1.15924e-04      
  3.81190e-01       1.11446e-04      
  3.82441e-01       1.06927e-04      
  3.83692e-01       1.02425e-04      
  3.84942e-01       9.79990e-05      
  3.86193e-01       9.37093e-05      
  3.87444e-01       8.96149e-05      
  3.88694e-01       8.57745e-05      
  3.89945e-01       8.22451e-05      
  3.91195e-01       7.90818e-05      
  3.92446e-01       7.63366e-05      
  3.93697e-01       7.40586e-05      
  3.94947e-01       7.22925e-05      
  3.96198e-01       7.10790e-05      
  3.97449e-01       7.04536e-05      
  3.98699e-01       7.04465e-05      
  3.99950e-01       7.10824e-05      
  4.01201e-01       7.23799e-05      
  4.02451e-01       7.43515e-05      
  4.03702e-01       7.70034e-05      
  4.04952e-01       8.03352e-05      
  4.06203e-01       8.43404e-05      
  4.07454e-01       8.90059e-05      
  4.08704e-01       9.43127e-05      
  4.09955e-01       1.00236e-04      
  4.11206e-01       1.06744e-04      
  4.12456e-01       1.13801e-04      
  4.13707e-01       1.21365e-04      
  4.14957e-01       1.29392e-04      
  4.16208e-01       1.37830e-04      
  4.17459e-01       1.46627e-04      
  4.18709e-01       1.55726e-04      
  4.19960e-01       1.65068e-04      
  4.21211e-01       1.74591e-04      
  4.22461e-01       1.84235e-04      
  4.23712e-01       1.93934e-04      
  4.24962e-01       2.03627e-04      
  4.26213e-01       2.13251e-04      
  4.27464e-01       2.22744e-04      
  4.28714e-01       2.32046e-04      
  4.29965e-01       2.41098e-04      
  4.31216e-01       2.49844e-04      
  4.32466e-01       2.58232e-04      
  4.33717e-01       2.66213e-04      
  4.34967e-01       2.73739e-04      
  4.36218e-01       2.80770e-04      
  4.37469e-01       2.87267e-04      
  4.38719e-01       2.93197e-04      
  4.39970e-01       2.98531e-04      
  4.41221e-01       3.03245e-04      
  4.42471e-01       3.07319e-04      
  4.43722e-01       3.10739e-04      
  4.44972e-01       3.13495e-04      
  4.46223e-01       3.15582e-04      
  4.47474e-01       3.16998e-04      
  4.48724e-01       3.17749e-04      
  4.49975e-01       3.17841e-04      
  4.51226e-01       3.17288e-04      
  4.52476e-01       3.16105e-04      
  4.53727e-01       3.14313e-04      
  4.54977e-01       3.11934e-04      
  4.56228e-01       3.08995e-04      
  4.57479e-01       3.05525e-04      
  4.58729e-01       3.01557e-04      
  4.59980e-01       2.97123e-04      
  4.61231e-01       2.92261e-04      
  4.62481e-01       2.87007e-04      
  4.63732e-01       2.81402e-04      
  4.64982e-01       2.75485e-04      
  4.66233e-01       2.69297e-04      
  4.67484e-01       2.62880e-04      
  4.68734e-01       2.56276e-04      
  4.69985e-01       2.49526e-04      
  4.71236e-01       2.42671e-04      
  4.72486e-01       2.35754e-04      
  4.73737e-01       2.28813e-04      
  4.74987e-01       2.21888e-04      
  4.76238e-01       2.15017e-04      
  4.77489e-01       2.08237e-04      
  4.78739e-01       2.01583e-04      
  4.79990e-01       1.95088e-04      
  4.81241e-01       1.88784e-04      
  4.82491e-01       1.82700e-04      
  4.83742e-01       1.76863e-04      
  4.84992e-01       1.71299e-04      
  4.86243e-01       1.66030e-04      
  4.87494e-01       1.61076e-04      
  4.88744e-01       1.56455e-04      
  4.89995e-01       1.52182e-04      
  4.91246e-01       1.48268e-04      
  4.92496e-01       1.44725e-04      
  4.93747e-01       1.41557e-04      
  4.94997e-01       1.38771e-04      
  4.96248e-01       1.36365e-04      
  4.97499e-01       1.34340e-04      
  4.98749e-01       1.32691e-04      
  5.00000e-01       1.31412e-04      
