# r                 p(r)             
  6.16620e-01       1.31737e-03      
  1.84986e+00       1.03037e-02      
  3.08310e+00       2.58298e-02      
  4.31634e+00       4.80604e-02      
  5.54958e+00       7.39608e-02      
  6.78282e+00       1.05060e-01      
  8.01607e+00       1.35830e-01      
  9.24931e+00       1.74269e-01      
  1.04825e+01       2.01581e-01      
  1.17158e+01       2.33950e-01      
  1.29490e+01       2.60956e-01      
  1.41823e+01       2.85046e-01      
  1.54155e+01       3.06100e-01      
  1.66488e+01       3.12969e-01      
  1.78820e+01       3.26190e-01      
  1.91152e+01       3.19227e-01      
  2.03485e+01       3.13298e-01      
  2.15817e+01       3.00595e-01      
  2.28150e+01       2.91938e-01      
  2.40482e+01       2.76977e-01      
  2.52814e+01       2.67614e-01      
  2.65147e+01       2.55146e-01      
  2.77479e+01       2.39902e-01      
  2.89812e+01       2.36562e-01      
  3.02144e+01       2.22306e-01      
  3.14476e+01       2.22329e-01      
  3.26809e+01       2.04968e-01      
  3.39141e+01       2.17319e-01      
  3.51474e+01       2.14802e-01      
  3.63806e+01       2.36820e-01      
  3.76138e+01       2.42960e-01      
  3.88471e+01       2.71519e-01      
  4.00803e+01       2.96267e-01      
  4.13136e+01       3.24308e-01      
  4.25468e+01       3.81284e-01      
  4.37801e+01       4.00903e-01      
  4.50133e+01       4.70253e-01      
  4.62465e+01       5.29935e-01      
  4.74798e+01       5.68421e-01      
  4.87130e+01       6.37324e-01      
  4.99463e+01       6.91148e-01      
  5.11795e+01       7.46313e-01      
  5.24127e+01       8.06300e-01      
  5.36460e+01       8.49467e-01      
  5.48792e+01       9.04279e-01      
  5.61125e+01       9.24534e-01      
  5.73457e+01       9.66501e-01      
  5.85789e+01       9.83180e-01      
  5.98122e+01       9.94354e-01      
  6.10454e+01       1.00000e+00      
  6.22787e+01       9.73206e-01      
  6.35119e+01       9.56950e-01      
  6.47451e+01       9.21028e-01      
  6.59784e+01       8.94093e-01      
  6.72116e+01       8.50761e-01      
  6.84449e+01       8.15192e-01      
  6.96781e+01       7.73789e-01      
  7.09114e+01       7.36973e-01      
  7.21446e+01       6.85055e-01      
  7.33778e+01       6.40359e-01      
  7.46111e+01       5.90487e-01      
  7.58443e+01       5.48072e-01      
  7.70776e+01       5.10739e-01      
  7.83108e+01       4.60491e-01      
  7.95440e+01       4.25086e-01      
  8.07773e+01       3.92764e-01      
  8.20105e+01       3.59830e-01      
  8.32438e+01       3.33647e-01      
  8.44770e+01       3.07347e-01      
  8.57102e+01       2.79635e-01      
  8.69435e+01       2.56840e-01      
  8.81767e+01       2.33762e-01      
  8.94100e+01       2.10614e-01      
  9.06432e+01       1.91042e-01      
  9.18764e+01       1.73281e-01      
  9.31097e+01       1.50392e-01      
  9.43429e+01       1.33242e-01      
  9.55762e+01       1.19175e-01      
  9.68094e+01       1.02872e-01      
  9.80427e+01       8.78873e-02      
  9.92759e+01       7.73483e-02      
  1.00509e+02       6.56096e-02      
  1.01742e+02       5.46943e-02      
  1.02976e+02       4.24381e-02      
  1.04209e+02       3.74509e-02      
  1.05442e+02       2.99936e-02      
  1.06675e+02       2.30304e-02      
  1.07909e+02       1.59731e-02      
  1.09142e+02       1.23974e-02      
  1.10375e+02       8.32765e-03      
  1.11608e+02       5.22242e-03      
  1.12842e+02       2.96408e-03      
  1.14075e+02       1.57614e-03      
  1.15308e+02       6.35160e-04      
  1.16541e+02       2.35244e-04      
  1.17775e+02       2.35244e-05      
  1.19008e+02       0.00000e+00      
  1.20241e+02       0.00000e+00      
  1.21474e+02       0.00000e+00      
  1.22707e+02       0.00000e+00      
