# q                 I(q)             
  1.00000e-03       9.99438e-01      
  2.12531e-03       9.97462e-01      
  3.25063e-03       9.94071e-01      
  4.37594e-03       9.89278e-01      
  5.50125e-03       9.83099e-01      
  6.62657e-03       9.75557e-01      
  7.75188e-03       9.66679e-01      
  8.87719e-03       9.56498e-01      
  1.00025e-02       9.45049e-01      
  1.11278e-02       9.32374e-01      
  1.22531e-02       9.18518e-01      
  1.33784e-02       9.03529e-01      
  1.45038e-02       8.87461e-01      
  1.56291e-02       8.70369e-01      
  1.67544e-02       8.52312e-01      
  1.78797e-02       8.33352e-01      
  1.90050e-02       8.13555e-01      
  2.01303e-02       7.92987e-01      
  2.12556e-02       7.71715e-01      
  2.23810e-02       7.49812e-01      
  2.35063e-02       7.27347e-01      
  2.46316e-02       7.04393e-01      
  2.57569e-02       6.81023e-01      
  2.68822e-02       6.57310e-01      
  2.80075e-02       6.33327e-01      
  2.91328e-02       6.09145e-01      
  3.02581e-02       5.84837e-01      
  3.13835e-02       5.60472e-01      
  3.25088e-02       5.36120e-01      
  3.36341e-02       5.11847e-01      
  3.47594e-02       4.87720e-01      
  3.58847e-02       4.63801e-01      
  3.70100e-02       4.40150e-01      
  3.81353e-02       4.16825e-01      
  3.92607e-02       3.93881e-01      
  4.03860e-02       3.71370e-01      
  4.15113e-02       3.49340e-01      
  4.26366e-02       3.27837e-01      
  4.37619e-02       3.06901e-01      
  4.48872e-02       2.86571e-01      
  4.60125e-02       2.66881e-01      
  4.71378e-02       2.47860e-01      
  4.82632e-02       2.29537e-01      
  4.93885e-02       2.11932e-01      
  5.05138e-02       1.95066e-01      
  5.16391e-02       1.78953e-01      
  5.27644e-02       1.63605e-01      
  5.38897e-02       1.49030e-01      
  5.50150e-02       1.35231e-01      
  5.61404e-02       1.22210e-01      
  5.72657e-02       1.09963e-01      
  5.83910e-02       9.84858e-02      
  5.95163e-02       8.77686e-02      
  6.06416e-02       7.77999e-02      
  6.17669e-02       6.85652e-02      
  6.28922e-02       6.00476e-02      
  6.40175e-02       5.22277e-02      
  6.51429e-02       4.50843e-02      
  6.62682e-02       3.85938e-02      
  6.73935e-02       3.27314e-02      
  6.85188e-02       2.74705e-02      
  6.96441e-02       2.27832e-02      
  7.07694e-02       1.86407e-02      
  7.18947e-02       1.50132e-02      
  7.30201e-02       1.18703e-02      
  7.41454e-02       9.18115e-03      
  7.52707e-02       6.91467e-03      
  7.63960e-02       5.03969e-03      
  7.75213e-02       3.52514e-03      
  7.86466e-02       2.34028e-03      
  7.97719e-02       1.45482e-03      
  8.08972e-02       8.39064e-04      
  8.20226e-02       4.64104e-04      
  8.31479e-02       3.01898e-04      
  8.42732e-02       3.25417e-04      
  8.53985e-02       5.08748e-04      
  8.65238e-02       8.27186e-04      
  8.76491e-02       1.25732e-03      
  8.87744e-02       1.77709e-03      
  8.98997e-02       2.36585e-03      
  9.10251e-02       3.00444e-03      
  9.21504e-02       3.67517e-03      
  9.32757e-02       4.36184e-03      
  9.44010e-02       5.04982e-03      
  9.55263e-02       5.72594e-03      
  9.66516e-02       6.37856e-03      
  9.77769e-02       6.99751e-03      
  9.89023e-02       7.57405e-03      
  1.00028e-01       8.10086e-03      
  1.01153e-01       8.57194e-03      
  1.02278e-01       8.98261e-03      
  1.03404e-01       9.32939e-03      
  1.04529e-01       9.60996e-03      
  1.05654e-01       9.82311e-03      
  1.06779e-01       9.96859e-03      
  1.07905e-01       1.00471e-02      
  1.09030e-01       1.00602e-02      
  1.10155e-01       1.00101e-02      
  1.11281e-01       9.89977e-03      
  1.12406e-01       9.73278e-03      
  1.13531e-01       9.51312e-03      
  1.14657e-01       9.24522e-03      
  1.15782e-01       8.93384e-03      
  1.16907e-01       8.58399e-03      
  1.18033e-01       8.20085e-03      
  1.19158e-01       7.78968e-03      
  1.20283e-01       7.35581e-03      
  1.21409e-01       6.90450e-03      
  1.22534e-01       6.44093e-03      
  1.23659e-01       5.97014e-03      
  1.24784e-01       5.49697e-03      
  1.25910e-01       5.02602e-03      
  1.27035e-01       4.56159e-03      
  1.28160e-01       4.10771e-03      
  1.29286e-01       3.66804e-03      
  1.30411e-01       3.24589e-03      
  1.31536e-01       2.84419e-03      
  1.32662e-01       2.46548e-03      
  1.33787e-01       2.11192e-03      
  1.34912e-01       1.78525e-03      
  1.36038e-01       1.48684e-03      
  1.37163e-01       1.21766e-03      
  1.38288e-01       9.78308e-04      
  1.39414e-01       7.69018e-04      
  1.40539e-01       5.89687e-04      
  1.41664e-01       4.39886e-04      
  1.42789e-01       3.18887e-04      
  1.43915e-01       2.25687e-04      
  1.45040e-01       1.59036e-04      
  1.46165e-01       1.17464e-04      
  1.47291e-01       9.93091e-05      
  1.48416e-01       1.02749e-04      
  1.49541e-01       1.25828e-04      
  1.50667e-01       1.66490e-04      
  1.51792e-01       2.22606e-04      
  1.52917e-01       2.91999e-04      
  1.54043e-01       3.72478e-04      
  1.55168e-01       4.61858e-04      
  1.56293e-01       5.57989e-04      
  1.57419e-01       6.58776e-04      
  1.58544e-01       7.62202e-04      
  1.59669e-01       8.66346e-04      
  1.60794e-01       9.69398e-04      
  1.61920e-01       1.06968e-03      
  1.63045e-01       1.16565e-03      
  1.64170e-01       1.25592e-03      
  1.65296e-01       1.33926e-03      
  1.66421e-01       1.41461e-03      
  1.67546e-01       1.48107e-03      
  1.68672e-01       1.53791e-03      
  1.69797e-01       1.58457e-03      
  1.70922e-01       1.62066e-03      
  1.72048e-01       1.64595e-03      
  1.73173e-01       1.66038e-03      
  1.74298e-01       1.66400e-03      
  1.75424e-01       1.65705e-03      
  1.76549e-01       1.63986e-03      
  1.77674e-01       1.61290e-03      
  1.78799e-01       1.57674e-03      
  1.79925e-01       1.53205e-03      
  1.81050e-01       1.47957e-03      
  1.82175e-01       1.42011e-03      
  1.83301e-01       1.35454e-03      
  1.84426e-01       1.28378e-03      
  1.85551e-01       1.20875e-03      
  1.86677e-01       1.13041e-03      
  1.87802e-01       1.04970e-03      
  1.88927e-01       9.67579e-04      
  1.90053e-01       8.84953e-04      
  1.91178e-01       8.02714e-04      
  1.92303e-01       7.21707e-04      
  1.93429e-01       6.42728e-04      
  1.94554e-01       5.66516e-04      
  1.95679e-01       4.93744e-04      
  1.96805e-01       4.25015e-04      
  1.97930e-01       3.60859e-04      
  1.99055e-01       3.01728e-04      
  2.00180e-01       2.47995e-04      
  2.01306e-01       1.99951e-04      
  2.02431e-01       1.57806e-04      
  2.03556e-01       1.21693e-04      
  2.04682e-01       9.16646e-05      
  2.05807e-01       6.76983e-05      
  2.06932e-01       4.97008e-05      
  2.08058e-01       3.75111e-05      
  2.09183e-01       3.09058e-05      
  2.10308e-01       2.96046e-05      
  2.11434e-01       3.32760e-05      
  2.12559e-01       4.15436e-05      
  2.13684e-01       5.39930e-05      
  2.14810e-01       7.01781e-05      
  2.15935e-01       8.96284e-05      
  2.17060e-01       1.11855e-04      
  2.18185e-01       1.36360e-04      
  2.19311e-01       1.62638e-04      
  2.20436e-01       1.90187e-04      
  2.21561e-01       2.18514e-04      
  2.22687e-01       2.47140e-04      
  2.23812e-01       2.75602e-04      
  2.24937e-01       3.03465e-04      
  2.26063e-01       3.30320e-04      
  2.27188e-01       3.55791e-04      
  2.28313e-01       3.79538e-04      
  2.29439e-01       4.01257e-04      
  2.30564e-01       4.20686e-04      
  2.31689e-01       4.37604e-04      
  2.32815e-01       4.51834e-04      
  2.33940e-01       4.63242e-04      
  2.35065e-01       4.71734e-04      
  2.36190e-01       4.77261e-04      
  2.37316e-01       4.79814e-04      
  2.38441e-01       4.79424e-04      
  2.39566e-01       4.76158e-04      
  2.40692e-01       4.70119e-04      
  2.41817e-01       4.61441e-04      
  2.42942e-01       4.50288e-04      
  2.44068e-01       4.36849e-04      
  2.45193e-01       4.21334e-04      
  2.46318e-01       4.03972e-04      
  2.47444e-01       3.85009e-04      
  2.48569e-01       3.64700e-04      
  2.49694e-01       3.43307e-04      
  2.50820e-01       3.21096e-04      
  2.51945e-01       2.98334e-04      
  2.53070e-01       2.75283e-04      
  2.54195e-01       2.52202e-04      
  2.55321e-01       2.29335e-04      
  2.56446e-01       2.06919e-04      
  2.57571e-01       1.85173e-04      
  2.58697e-01       1.64300e-04      
  2.59822e-01       1.44484e-04      
  2.60947e-01       1.25888e-04      
  2.62073e-01       1.08654e-04      
  2.63198e-01       9.29020e-05      
  2.64323e-01       7.87267e-05      
  2.65449e-01       6.62006e-05      
  2.66574e-01       5.53726e-05      
  2.67699e-01       4.62683e-05      
  2.68825e-01       3.88906e-05      
  2.69950e-01       3.32209e-05      
  2.71075e-01       2.92201e-05      
  2.72201e-01       2.68297e-05      
  2.73326e-01       2.59737e-05      
  2.74451e-01       2.65602e-05      
  2.75576e-01       2.84830e-05      
  2.76702e-01       3.16239e-05      
  2.77827e-01       3.58546e-05      
  2.78952e-01       4.10387e-05      
  2.80078e-01       4.70339e-05      
  2.81203e-01       5.36940e-05      
  2.82328e-01       6.08712e-05      
  2.83454e-01       6.84177e-05      
  2.84579e-01       7.61879e-05      
  2.85704e-01       8.40404e-05      
  2.86830e-01       9.18392e-05      
  2.87955e-01       9.94555e-05      
  2.89080e-01       1.06769e-04      
  2.90206e-01       1.13670e-04      
  2.91331e-01       1.20059e-04      
  2.92456e-01       1.25848e-04      
  2.93581e-01       1.30962e-04      
  2.94707e-01       1.35338e-04      
  2.95832e-01       1.38928e-04      
  2.96957e-01       1.41695e-04      
  2.98083e-01       1.43617e-04      
  2.99208e-01       1.44684e-04      
  3.00333e-01       1.44899e-04      
  3.01459e-01       1.44276e-04      
  3.02584e-01       1.42842e-04      
  3.03709e-01       1.40634e-04      
  3.04835e-01       1.37697e-04      
  3.05960e-01       1.34086e-04      
  3.07085e-01       1.29863e-04      
  3.08211e-01       1.25096e-04      
  3.09336e-01       1.19858e-04      
  3.10461e-01       1.14227e-04      
  3.11586e-01       1.08282e-04      
  3.12712e-01       1.02104e-04      
  3.13837e-01       9.57745e-05      
  3.14962e-01       8.93733e-05      
  3.16088e-01       8.29788e-05      
  3.17213e-01       7.66660e-05      
  3.18338e-01       7.05059e-05      
  3.19464e-01       6.45649e-05      
  3.20589e-01       5.89035e-05      
  3.21714e-01       5.35762e-05      
  3.22840e-01       4.86304e-05      
  3.23965e-01       4.41066e-05      
  3.25090e-01       4.00376e-05      
  3.26216e-01       3.64486e-05      
  3.27341e-01       3.33570e-05      
  3.28466e-01       3.07724e-05      
  3.29591e-01       2.86970e-05      
  3.30717e-01       2.71254e-05      
  3.31842e-01       2.60454e-05      
  3.32967e-01       2.54381e-05      
  3.34093e-01       2.52786e-05      
  3.35218e-01       2.55364e-05      
  3.36343e-01       2.61763e-05      
  3.37469e-01       2.71588e-05      
  3.38594e-01       2.84409e-05      
  3.39719e-01       2.99770e-05      
  3.40845e-01       3.17193e-05      
  3.41970e-01       3.36191e-05      
  3.43095e-01       3.56268e-05      
  3.44221e-01       3.76935e-05      
  3.45346e-01       3.97711e-05      
  3.46471e-01       4.18130e-05      
  3.47596e-01       4.37752e-05      
  3.48722e-01       4.56161e-05      
  3.49847e-01       4.72979e-05      
  3.50972e-01       4.87864e-05      
  3.52098e-01       5.00516e-05      
  3.53223e-01       5.10680e-05      
  3.54348e-01       5.18150e-05      
  3.55474e-01       5.22767e-05      
  3.56599e-01       5.24424e-05      
  3.57724e-01       5.23064e-05      
  3.58850e-01       5.18678e-05      
  3.59975e-01       5.11307e-05      
  3.61100e-01       5.01038e-05      
  3.62226e-01       4.88003e-05      
  3.63351e-01       4.72373e-05      
  3.64476e-01       4.54358e-05      
  3.65602e-01       4.34201e-05      
  3.66727e-01       4.12173e-05      
  3.67852e-01       3.88571e-05      
  3.68977e-01       3.63710e-05      
  3.70103e-01       3.37919e-05      
  3.71228e-01       3.11539e-05      
  3.72353e-01       2.84910e-05      
  3.73479e-01       2.58377e-05      
  3.74604e-01       2.32274e-05      
  3.75729e-01       2.06928e-05      
  3.76855e-01       1.82648e-05      
  3.77980e-01       1.59726e-05      
  3.79105e-01       1.38430e-05      
  3.80231e-01       1.19001e-05      
  3.81356e-01       1.01653e-05      
  3.82481e-01       8.65665e-06      
  3.83607e-01       7.38884e-06      
  3.84732e-01       6.37313e-06      
  3.85857e-01       5.61714e-06      
  3.86982e-01       5.12491e-06      
  3.88108e-01       4.89682e-06      
  3.89233e-01       4.92974e-06      
  3.90358e-01       5.21707e-06      
  3.91484e-01       5.74897e-06      
  3.92609e-01       6.51249e-06      
  3.93734e-01       7.49186e-06      
  3.94860e-01       8.66874e-06      
  3.95985e-01       1.00225e-05      
  3.97110e-01       1.15306e-05      
  3.98236e-01       1.31689e-05      
  3.99361e-01       1.49121e-05      
  4.00486e-01       1.67339e-05      
  4.01612e-01       1.86075e-05      
  4.02737e-01       2.05063e-05      
  4.03862e-01       2.24035e-05      
  4.04987e-01       2.42732e-05      
  4.06113e-01       2.60905e-05      
  4.07238e-01       2.78315e-05      
  4.08363e-01       2.94741e-05      
  4.09489e-01       3.09980e-05      
  4.10614e-01       3.23848e-05      
  4.11739e-01       3.36186e-05      
  4.12865e-01       3.46858e-05      
  4.13990e-01       3.55754e-05      
  4.15115e-01       3.62792e-05      
  4.16241e-01       3.67916e-05      
  4.17366e-01       3.71097e-05      
  4.18491e-01       3.72335e-05      
  4.19617e-01       3.71655e-05      
  4.20742e-01       3.69109e-05      
  4.21867e-01       3.64774e-05      
  4.22992e-01       3.58747e-05      
  4.24118e-01       3.51150e-05      
  4.25243e-01       3.42122e-05      
  4.26368e-01       3.31819e-05      
  4.27494e-01       3.20412e-05      
  4.28619e-01       3.08083e-05      
  4.29744e-01       2.95025e-05      
  4.30870e-01       2.81433e-05      
  4.31995e-01       2.67509e-05      
  4.33120e-01       2.53455e-05      
  4.34246e-01       2.39470e-05      
  4.35371e-01       2.25748e-05      
  4.36496e-01       2.12477e-05      
  4.37622e-01       1.99834e-05      
  4.38747e-01       1.87983e-05      
  4.39872e-01       1.77076e-05      
  4.40997e-01       1.67248e-05      
  4.42123e-01       1.58617e-05      
  4.43248e-01       1.51281e-05      
  4.44373e-01       1.45321e-05      
  4.45499e-01       1.40795e-05      
  4.46624e-01       1.37741e-05      
  4.47749e-01       1.36177e-05      
  4.48875e-01       1.36097e-05      
  4.50000e-01       1.37478e-05      
