# Simulated data
# sigma generated using Sedlak et al, k=100000, c=0.55, https://doi.org/10.1107/S1600576717003077, and rebinned with 10 per bin)
# q            I            sigma       
  1.00000e-03  1.74328e+00  2.77059e-01 
  2.12531e-03  1.56302e+00  1.89859e-01 
  3.25063e-03  1.96765e+00  1.53257e-01 
  4.37594e-03  1.57594e+00  1.31772e-01 
  5.50125e-03  1.71050e+00  1.17157e-01 
  6.62657e-03  1.84402e+00  1.06337e-01 
  7.75188e-03  1.76008e+00  9.78688e-02 
  8.87719e-03  1.65314e+00  9.09735e-02 
  1.00025e-02  1.75264e+00  8.51898e-02 
  1.11278e-02  1.55503e+00  8.02251e-02 
  1.22531e-02  1.64739e+00  7.58833e-02 
  1.33784e-02  1.67140e+00  7.20279e-02 
  1.45038e-02  1.60888e+00  6.85605e-02 
  1.56291e-02  1.51724e+00  6.54082e-02 
  1.67544e-02  1.56017e+00  6.25160e-02 
  1.78797e-02  1.33195e+00  5.98411e-02 
  1.90050e-02  1.42983e+00  5.73502e-02 
  2.01303e-02  1.39637e+00  5.50167e-02 
  2.12556e-02  1.33822e+00  5.28191e-02 
  2.23810e-02  1.22014e+00  5.07399e-02 
  2.35063e-02  1.27139e+00  4.87648e-02 
  2.46316e-02  1.21331e+00  4.68819e-02 
  2.57569e-02  1.16995e+00  4.50812e-02 
  2.68822e-02  1.15192e+00  4.33543e-02 
  2.80075e-02  1.10126e+00  4.16943e-02 
  2.91328e-02  1.04873e+00  4.00951e-02 
  3.02581e-02  1.04311e+00  3.85517e-02 
  3.13835e-02  9.51794e-01  3.70595e-02 
  3.25088e-02  9.39271e-01  3.56150e-02 
  3.36341e-02  8.93094e-01  3.42148e-02 
  3.47594e-02  8.73478e-01  3.28562e-02 
  3.58847e-02  8.04059e-01  3.15367e-02 
  3.70100e-02  7.75115e-01  3.02543e-02 
  3.81353e-02  6.86243e-01  2.90071e-02 
  3.92607e-02  6.60926e-01  2.77936e-02 
  4.03860e-02  6.45371e-01  2.66124e-02 
  4.15113e-02  6.08080e-01  2.54623e-02 
  4.26366e-02  5.72467e-01  2.43422e-02 
  4.37619e-02  5.33197e-01  2.32513e-02 
  4.48872e-02  4.77153e-01  2.21888e-02 
  4.60125e-02  4.25050e-01  2.11539e-02 
  4.71378e-02  4.44733e-01  2.01461e-02 
  4.82632e-02  4.02442e-01  1.91648e-02 
  4.93885e-02  3.90156e-01  1.82096e-02 
  5.05138e-02  3.48754e-01  1.72800e-02 
  5.16391e-02  3.09410e-01  1.63758e-02 
  5.27644e-02  2.92938e-01  1.54965e-02 
  5.38897e-02  2.50799e-01  1.46420e-02 
  5.50150e-02  2.19966e-01  1.38120e-02 
  5.61404e-02  1.97999e-01  1.30062e-02 
  5.72657e-02  1.91811e-01  1.22246e-02 
  5.83910e-02  1.70827e-01  1.14668e-02 
  5.95163e-02  1.55115e-01  1.07329e-02 
  6.06416e-02  1.41238e-01  1.00225e-02 
  6.17669e-02  1.17030e-01  9.33580e-03 
  6.28922e-02  1.01690e-01  8.67253e-03 
  6.40175e-02  8.02974e-02  8.03270e-03 
  6.51429e-02  6.72081e-02  7.41628e-03 
  6.62682e-02  6.82595e-02  6.82328e-03 
  6.73935e-02  5.73406e-02  6.25377e-03 
  6.85188e-02  5.10350e-02  5.70787e-03 
  6.96441e-02  3.30676e-02  5.18581e-03 
  7.07694e-02  3.41147e-02  4.68791e-03 
  7.18947e-02  2.64159e-02  4.21470e-03 
  7.30201e-02  2.33413e-02  3.76690e-03 
  7.41454e-02  1.67001e-02  3.34562e-03 
  7.52707e-02  1.51038e-02  2.95245e-03 
  7.63960e-02  1.26400e-02  2.58971e-03 
  7.75213e-02  5.60674e-03  2.26079e-03 
  7.86466e-02  5.93019e-03  1.97049e-03 
  7.97719e-02  2.77960e-03  1.72538e-03 
  8.08972e-02  -1.51159e-04 1.53358e-03 
  8.20226e-02  1.14797e-03  1.40323e-03 
  8.31479e-02  -1.14371e-04 1.33897e-03 
  8.42732e-02  1.91154e-03  1.33802e-03 
  8.53985e-02  -1.42438e-03 1.38972e-03 
  8.65238e-02  5.63871e-04  1.47932e-03 
  8.76491e-02  4.08927e-03  1.59267e-03 
  8.87744e-02  4.96857e-03  1.71854e-03 
  8.98997e-02  8.79836e-04  1.84895e-03 
  9.10251e-02  8.67817e-03  1.97846e-03 
  9.21504e-02  4.03961e-03  2.10347e-03 
  9.32757e-02  5.83166e-03  2.22165e-03 
  9.44010e-02  4.82652e-03  2.33146e-03 
  9.55263e-02  3.09752e-03  2.43195e-03 
  9.66516e-02  1.24981e-02  2.52256e-03 
  9.77769e-02  1.32560e-02  2.60297e-03 
  9.89023e-02  1.38910e-02  2.67308e-03 
  1.00028e-01  1.74769e-02  2.73291e-03 
  1.01153e-01  1.58066e-02  2.78259e-03 
  1.02278e-01  2.16980e-02  2.82232e-03 
  1.03404e-01  1.83371e-02  2.85236e-03 
  1.04529e-01  1.28536e-02  2.87301e-03 
  1.05654e-01  1.79966e-02  2.88461e-03 
  1.06779e-01  1.99060e-02  2.88752e-03 
  1.07905e-01  1.73975e-02  2.88212e-03 
  1.09030e-01  1.97421e-02  2.86881e-03 
  1.10155e-01  1.63809e-02  2.84800e-03 
  1.11281e-01  1.58547e-02  2.82012e-03 
  1.12406e-01  1.68204e-02  2.78560e-03 
  1.13531e-01  1.43836e-02  2.74486e-03 
  1.14657e-01  1.73896e-02  2.69836e-03 
  1.15782e-01  1.62047e-02  2.64654e-03 
  1.16907e-01  1.37524e-02  2.58985e-03 
  1.18033e-01  1.61262e-02  2.52872e-03 
  1.19158e-01  1.25272e-02  2.46363e-03 
  1.20283e-01  1.27267e-02  2.39502e-03 
  1.21409e-01  1.28045e-02  2.32334e-03 
  1.22534e-01  1.40814e-02  2.24905e-03 
  1.23659e-01  1.35011e-02  2.17262e-03 
  1.24784e-01  1.18782e-02  2.09450e-03 
  1.25910e-01  6.73541e-03  2.01517e-03 
  1.27035e-01  9.76246e-03  1.93510e-03 
  1.28160e-01  4.21218e-03  1.85477e-03 
  1.29286e-01  6.55831e-03  1.77468e-03 
  1.30411e-01  4.44655e-03  1.69531e-03 
  1.31536e-01  3.36895e-03  1.61720e-03 
  1.32662e-01  2.65553e-03  1.54086e-03 
  1.33787e-01  3.99315e-03  1.46684e-03 
  1.34912e-01  2.11592e-03  1.39572e-03 
  1.36038e-01  8.20507e-04  1.32805e-03 
  1.37163e-01  3.92132e-03  1.26442e-03 
  1.38288e-01  1.95754e-03  1.20542e-03 
  1.39414e-01  1.90002e-03  1.15160e-03 
  1.40539e-01  -7.13880e-04 1.10351e-03 
  1.41664e-01  2.39376e-03  1.06159e-03 
  1.42789e-01  -7.61692e-04 1.02621e-03 
  1.43915e-01  1.16154e-03  9.97606e-04 
  1.45040e-01  1.38944e-03  9.75837e-04 
  1.46165e-01  -6.20915e-04 9.60790e-04 
  1.47291e-01  3.77876e-04  9.52163e-04 
  1.48416e-01  -9.07377e-04 9.49483e-04 
  1.49541e-01  3.71618e-04  9.52138e-04 
  1.50667e-01  4.30528e-04  9.59422e-04 
  1.51792e-01  1.84651e-03  9.70574e-04 
  1.52917e-01  -5.04904e-04 9.84824e-04 
  1.54043e-01  -8.77441e-04 1.00143e-03 
  1.55168e-01  1.05034e-03  1.01968e-03 
  1.56293e-01  3.22083e-04  1.03895e-03 
  1.57419e-01  -2.27492e-04 1.05868e-03 
  1.58544e-01  9.88845e-04  1.07836e-03 
  1.59669e-01  2.06603e-03  1.09758e-03 
  1.60794e-01  3.24934e-03  1.11597e-03 
  1.61920e-01  3.60726e-05  1.13324e-03 
  1.63045e-01  1.71429e-03  1.14913e-03 
  1.64170e-01  5.05958e-04  1.16345e-03 
  1.65296e-01  1.48660e-03  1.17604e-03 
  1.66421e-01  3.34055e-03  1.18677e-03 
  1.67546e-01  3.36147e-03  1.19557e-03 
  1.68672e-01  8.65393e-04  1.20237e-03 
  1.69797e-01  4.85141e-03  1.20713e-03 
  1.70922e-01  2.42357e-03  1.20986e-03 
  1.72048e-01  2.95568e-03  1.21057e-03 
  1.73173e-01  3.35278e-03  1.20927e-03 
  1.74298e-01  4.13943e-03  1.20602e-03 
  1.75424e-01  2.27099e-03  1.20088e-03 
  1.76549e-01  1.16021e-03  1.19393e-03 
  1.77674e-01  5.37168e-03  1.18524e-03 
  1.78799e-01  4.41339e-03  1.17493e-03 
  1.79925e-01  2.41161e-03  1.16309e-03 
  1.81050e-01  2.18319e-03  1.14984e-03 
  1.82175e-01  5.08049e-04  1.13532e-03 
  1.83301e-01  1.94875e-03  1.11964e-03 
  1.84426e-01  2.48415e-03  1.10296e-03 
  1.85551e-01  2.39212e-03  1.08542e-03 
  1.86677e-01  1.49342e-03  1.06718e-03 
  1.87802e-01  5.94461e-04  1.04837e-03 
  1.88927e-01  1.93299e-03  1.02918e-03 
  1.90053e-01  2.94470e-03  1.00975e-03 
  1.91178e-01  2.46024e-03  9.90261e-04 
  1.92303e-01  1.41749e-03  9.70864e-04 
  1.93429e-01  6.47894e-04  9.51727e-04 
  1.94554e-01  7.91553e-04  9.33010e-04 
  1.95679e-01  7.40881e-04  9.14869e-04 
  1.96805e-01  2.88547e-03  8.97453e-04 
  1.97930e-01  1.72656e-04  8.80902e-04 
  1.99055e-01  5.94244e-04  8.65346e-04 
  2.00180e-01  -3.10314e-04 8.50900e-04 
  2.01306e-01  -2.08841e-04 8.37666e-04 
  2.02431e-01  3.06042e-04  8.25723e-04 
  2.03556e-01  8.02638e-04  8.15136e-04 
  2.04682e-01  -4.58430e-04 8.05943e-04 
  2.05807e-01  2.02182e-03  7.98162e-04 
  2.06932e-01  -8.03020e-04 7.91789e-04 
  2.08058e-01  9.40976e-04  7.86795e-04 
  2.09183e-01  4.16206e-04  7.83131e-04 
  2.10308e-01  -2.05492e-04 7.80730e-04 
  2.11434e-01  5.02690e-04  7.79504e-04 
  2.12559e-01  1.87150e-04  7.79353e-04 
  2.13684e-01  -4.32285e-04 7.80167e-04 
  2.14810e-01  7.12095e-04  7.81824e-04 
  2.15935e-01  7.71404e-04  7.84201e-04 
  2.17060e-01  1.73847e-03  7.87169e-04 
  2.18185e-01  8.77603e-04  7.90601e-04 
  2.19311e-01  2.06799e-03  7.94374e-04 
  2.20436e-01  -7.52643e-04 7.98369e-04 
  2.21561e-01  7.26749e-05  8.02470e-04 
  2.22687e-01  -2.52079e-04 8.06574e-04 
  2.23812e-01  -8.41281e-04 8.10581e-04 
  2.24937e-01  5.75720e-04  8.14403e-04 
  2.26063e-01  6.10533e-04  8.17961e-04 
  2.27188e-01  5.20555e-04  8.21184e-04 
  2.28313e-01  4.39292e-04  8.24011e-04 
  2.29439e-01  8.94842e-04  8.26391e-04 
  2.30564e-01  2.38988e-03  8.28282e-04 
  2.31689e-01  1.39563e-04  8.29650e-04 
  2.32815e-01  1.42664e-03  8.30469e-04 
  2.33940e-01  1.27428e-03  8.30722e-04 
  2.35065e-01  2.09226e-03  8.30401e-04 
  2.36190e-01  1.54880e-03  8.29503e-04 
  2.37316e-01  1.21502e-03  8.28032e-04 
  2.38441e-01  -2.94330e-04 8.26000e-04 
  2.39566e-01  1.31892e-03  8.23423e-04 
  2.40692e-01  9.77708e-04  8.20324e-04 
  2.41817e-01  5.13325e-04  8.16731e-04 
  2.42942e-01  7.01915e-04  8.12674e-04 
  2.44068e-01  6.01563e-04  8.08190e-04 
  2.45193e-01  7.65214e-04  8.03319e-04 
  2.46318e-01  8.89272e-04  7.98103e-04 
  2.47444e-01  -2.40130e-04 7.92588e-04 
  2.48569e-01  1.33801e-03  7.86821e-04 
  2.49694e-01  1.02660e-03  7.80850e-04 
  2.50820e-01  8.84463e-04  7.74727e-04 
  2.51945e-01  8.96404e-05  7.68500e-04 
  2.53070e-01  2.81098e-04  7.62222e-04 
  2.54195e-01  5.75839e-04  7.55942e-04 
  2.55321e-01  2.26743e-04  7.49708e-04 
  2.56446e-01  4.65114e-04  7.43568e-04 
  2.57571e-01  7.86264e-05  7.37566e-04 
  2.58697e-01  3.12208e-04  7.31745e-04 
  2.59822e-01  -5.12466e-05 7.26143e-04 
  2.60947e-01  -1.48630e-03 7.20795e-04 
  2.62073e-01  -1.63600e-03 7.15732e-04 
  2.63198e-01  7.45227e-04  7.10980e-04 
  2.64323e-01  1.95040e-04  7.06561e-04 
  2.65449e-01  -8.94036e-04 7.02491e-04 
  2.66574e-01  -6.20511e-05 6.98781e-04 
  2.67699e-01  2.23073e-05  6.95439e-04 
  2.68825e-01  1.47318e-03  6.92464e-04 
  2.69950e-01  -1.08884e-03 6.89853e-04 
  2.71075e-01  -5.45895e-06 6.87597e-04 
  2.72201e-01  -7.48033e-06 6.85683e-04 
  2.73326e-01  3.87692e-04  6.84095e-04 
  2.74451e-01  6.51692e-04  6.82811e-04 
  2.75576e-01  -3.19351e-04 6.81808e-04 
  2.76702e-01  -2.99854e-04 6.81059e-04 
  2.77827e-01  1.82718e-03  6.80537e-04 
  2.78952e-01  -7.99856e-04 6.80211e-04 
  2.80078e-01  1.19724e-03  6.80051e-04 
  2.81203e-01  8.06869e-04  6.80026e-04 
  2.82328e-01  -5.39705e-04 6.80104e-04 
  2.83454e-01  1.35407e-03  6.80255e-04 
  2.84579e-01  5.12952e-04  6.80449e-04 
  2.85704e-01  -1.19190e-04 6.80657e-04 
  2.86830e-01  8.24729e-04  6.80853e-04 
  2.87955e-01  2.93231e-05  6.81012e-04 
  2.89080e-01  1.73937e-04  6.81111e-04 
  2.90206e-01  -1.18638e-03 6.81129e-04 
  2.91331e-01  1.45156e-03  6.81048e-04 
  2.92456e-01  -1.74600e-05 6.80852e-04 
  2.93581e-01  -1.03625e-05 6.80528e-04 
  2.94707e-01  5.27434e-04  6.80065e-04 
  2.95832e-01  -7.13655e-04 6.79456e-04 
  2.96957e-01  8.36388e-04  6.78694e-04 
  2.98083e-01  -5.62946e-04 6.77776e-04 
  2.99208e-01  -4.94125e-04 6.76702e-04 
  3.00333e-01  3.05150e-04  6.75474e-04 
  3.01459e-01  -2.39477e-05 6.74095e-04 
  3.02584e-01  -7.79064e-04 6.72570e-04 
  3.03709e-01  -2.69371e-04 6.70907e-04 
  3.04835e-01  -1.50789e-04 6.69116e-04 
  3.05960e-01  6.44393e-04  6.67207e-04 
  3.07085e-01  8.93486e-04  6.65191e-04 
  3.08211e-01  8.72946e-04  6.63082e-04 
  3.09336e-01  8.73263e-04  6.60893e-04 
  3.10461e-01  9.83490e-06  6.58639e-04 
  3.11586e-01  -9.13212e-05 6.56335e-04 
  3.12712e-01  4.87466e-04  6.53996e-04 
  3.13837e-01  -2.36548e-04 6.51637e-04 
  3.14962e-01  6.74588e-04  6.49273e-04 
  3.16088e-01  -6.52565e-04 6.46918e-04 
  3.17213e-01  5.97393e-04  6.44587e-04 
  3.18338e-01  5.19503e-04  6.42293e-04 
  3.19464e-01  3.50027e-04  6.40047e-04 
  3.20589e-01  1.22295e-04  6.37863e-04 
  3.21714e-01  -4.22067e-04 6.35748e-04 
  3.22840e-01  -6.48817e-05 6.33713e-04 
  3.23965e-01  5.00637e-04  6.31765e-04 
  3.25090e-01  -5.33889e-05 6.29909e-04 
  3.26216e-01  -7.76793e-04 6.28150e-04 
  3.27341e-01  -6.07045e-04 6.26492e-04 
  3.28466e-01  -7.43788e-04 6.24935e-04 
  3.29591e-01  -4.30951e-04 6.23480e-04 
  3.30717e-01  -2.69123e-04 6.22126e-04 
  3.31842e-01  -6.04026e-04 6.20869e-04 
  3.32967e-01  2.54377e-04  6.19706e-04 
  3.34093e-01  3.62963e-04  6.18632e-04 
  3.35218e-01  -2.59599e-05 6.17641e-04 
  3.36343e-01  -1.60108e-04 6.16725e-04 
  3.37469e-01  -9.44296e-04 6.15877e-04 
  3.38594e-01  1.46906e-04  6.15089e-04 
  3.39719e-01  1.79512e-05  6.14352e-04 
  3.40845e-01  -4.50718e-04 6.13656e-04 
  3.41970e-01  7.06053e-04  6.12993e-04 
  3.43095e-01  5.06408e-04  6.12354e-04 
  3.44221e-01  1.78139e-05  6.11728e-04 
  3.45346e-01  -2.06330e-04 6.11108e-04 
  3.46471e-01  4.78974e-04  6.10485e-04 
  3.47596e-01  -1.12441e-04 6.09851e-04 
  3.48722e-01  -8.35915e-04 6.09199e-04 
  3.49847e-01  2.49380e-04  6.08521e-04 
  3.50972e-01  -9.88729e-04 6.07812e-04 
  3.52098e-01  5.16777e-04  6.07067e-04 
  3.53223e-01  -4.01181e-05 6.06282e-04 
  3.54348e-01  2.78310e-05  6.05452e-04 
  3.55474e-01  1.09136e-03  6.04575e-04 
  3.56599e-01  5.49019e-04  6.03650e-04 
  3.57724e-01  6.10194e-04  6.02675e-04 
  3.58850e-01  -7.66322e-04 6.01652e-04 
  3.59975e-01  1.90454e-05  6.00580e-04 
  3.61100e-01  -6.56321e-04 5.99462e-04 
  3.62226e-01  1.25191e-03  5.98299e-04 
  3.63351e-01  -4.11507e-04 5.97096e-04 
  3.64476e-01  9.72860e-05  5.95855e-04 
  3.65602e-01  6.07981e-04  5.94582e-04 
  3.66727e-01  -2.08590e-04 5.93281e-04 
  3.67852e-01  4.50190e-04  5.91958e-04 
  3.68977e-01  -6.05900e-04 5.90617e-04 
  3.70103e-01  8.16939e-04  5.89265e-04 
  3.71228e-01  8.32176e-04  5.87908e-04 
  3.72353e-01  3.45263e-04  5.86552e-04 
  3.73479e-01  -7.74616e-04 5.85202e-04 
  3.74604e-01  -4.36577e-05 5.83865e-04 
  3.75729e-01  8.08347e-04  5.82546e-04 
  3.76855e-01  1.03055e-03  5.81251e-04 
  3.77980e-01  -7.83385e-04 5.79985e-04 
  3.79105e-01  3.99972e-04  5.78751e-04 
  3.80231e-01  -9.45105e-05 5.77555e-04 
  3.81356e-01  7.46678e-06  5.76400e-04 
  3.82481e-01  -8.65736e-04 5.75288e-04 
  3.83607e-01  2.77617e-04  5.74223e-04 
  3.84732e-01  -1.20921e-03 5.73206e-04 
  3.85857e-01  2.59883e-04  5.72239e-04 
  3.86982e-01  -3.31388e-05 5.71321e-04 
  3.88108e-01  -1.04776e-04 5.70452e-04 
  3.89233e-01  6.55340e-04  5.69633e-04 
  3.90358e-01  2.88301e-04  5.68861e-04 
  3.91484e-01  2.07187e-04  5.68134e-04 
  3.92609e-01  -4.14052e-04 5.67451e-04 
  3.93734e-01  -2.71750e-05 5.66808e-04 
  3.94860e-01  -2.34910e-04 5.66201e-04 
  3.95985e-01  -6.51396e-04 5.65628e-04 
  3.97110e-01  3.18483e-04  5.65084e-04 
  3.98236e-01  5.89910e-04  5.64564e-04 
  3.99361e-01  7.71713e-04  5.64065e-04 
  4.00486e-01  2.65932e-04  5.63582e-04 
  4.01612e-01  6.33158e-04  5.63109e-04 
  4.02737e-01  9.04044e-04  5.62643e-04 
  4.03862e-01  -8.38561e-04 5.62179e-04 
  4.04987e-01  -3.55115e-04 5.61713e-04 
  4.06113e-01  1.01615e-03  5.61240e-04 
  4.07238e-01  6.41948e-05  5.60756e-04 
  4.08363e-01  -1.55139e-04 5.60258e-04 
  4.09489e-01  -1.80542e-04 5.59743e-04 
  4.10614e-01  6.12408e-06  5.59207e-04 
  4.11739e-01  -2.55462e-04 5.58648e-04 
  4.12865e-01  6.01375e-04  5.58064e-04 
  4.13990e-01  1.38260e-04  5.57453e-04 
  4.15115e-01  -2.22554e-04 5.56813e-04 
  4.16241e-01  9.34108e-04  5.56145e-04 
  4.17366e-01  2.40728e-04  5.55447e-04 
  4.18491e-01  2.19127e-04  5.54721e-04 
  4.19617e-01  5.38051e-04  5.53965e-04 
  4.20742e-01  -6.26266e-04 5.53182e-04 
  4.21867e-01  3.31123e-04  5.52372e-04 
  4.22992e-01  -6.32522e-04 5.51538e-04 
  4.24118e-01  -6.65824e-04 5.50681e-04 
  4.25243e-01  -1.53262e-04 5.49804e-04 
  4.26368e-01  1.05175e-03  5.48909e-04 
  4.27494e-01  2.43620e-05  5.47999e-04 
  4.28619e-01  1.98029e-04  5.47078e-04 
  4.29744e-01  -4.15277e-05 5.46148e-04 
  4.30870e-01  -3.73015e-04 5.45213e-04 
  4.31995e-01  -1.01102e-03 5.44275e-04 
  4.33120e-01  -7.01892e-04 5.43339e-04 
  4.34246e-01  3.11507e-04  5.42407e-04 
  4.35371e-01  -1.16830e-04 5.41482e-04 
  4.36496e-01  1.59863e-04  5.40568e-04 
  4.37622e-01  -1.22931e-03 5.39667e-04 
  4.38747e-01  -1.05497e-04 5.38783e-04 
  4.39872e-01  -8.70850e-04 5.37916e-04 
  4.40997e-01  -3.27253e-04 5.37070e-04 
  4.42123e-01  -9.27558e-05 5.36247e-04 
  4.43248e-01  3.74510e-04  5.35447e-04 
  4.44373e-01  -7.60774e-04 5.34673e-04 
  4.45499e-01  2.78394e-04  5.33924e-04 
  4.46624e-01  -2.54450e-04 5.33202e-04 
  4.47749e-01  4.92493e-04  5.32506e-04 
  4.48875e-01  -7.69517e-04 5.31837e-04 
  4.50000e-01  1.35486e-05  5.31194e-04 
