# q                 I(q)             
  1.00000e-03       9.99703e-01      
  1.74937e-03       9.99092e-01      
  2.49875e-03       9.98149e-01      
  3.24812e-03       9.96875e-01      
  3.99749e-03       9.95272e-01      
  4.74687e-03       9.93341e-01      
  5.49624e-03       9.91087e-01      
  6.24561e-03       9.88511e-01      
  6.99499e-03       9.85617e-01      
  7.74436e-03       9.82409e-01      
  8.49373e-03       9.78891e-01      
  9.24311e-03       9.75068e-01      
  9.99248e-03       9.70945e-01      
  1.07419e-02       9.66527e-01      
  1.14912e-02       9.61820e-01      
  1.22406e-02       9.56831e-01      
  1.29900e-02       9.51565e-01      
  1.37393e-02       9.46030e-01      
  1.44887e-02       9.40233e-01      
  1.52381e-02       9.34181e-01      
  1.59875e-02       9.27881e-01      
  1.67368e-02       9.21343e-01      
  1.74862e-02       9.14573e-01      
  1.82356e-02       9.07581e-01      
  1.89850e-02       9.00375e-01      
  1.97343e-02       8.92964e-01      
  2.04837e-02       8.85357e-01      
  2.12331e-02       8.77563e-01      
  2.19825e-02       8.69592e-01      
  2.27318e-02       8.61453e-01      
  2.34812e-02       8.53156e-01      
  2.42306e-02       8.44710e-01      
  2.49799e-02       8.36125e-01      
  2.57293e-02       8.27411e-01      
  2.64787e-02       8.18577e-01      
  2.72281e-02       8.09634e-01      
  2.79774e-02       8.00591e-01      
  2.87268e-02       7.91458e-01      
  2.94762e-02       7.82245e-01      
  3.02256e-02       7.72961e-01      
  3.09749e-02       7.63616e-01      
  3.17243e-02       7.54220e-01      
  3.24737e-02       7.44782e-01      
  3.32231e-02       7.35311e-01      
  3.39724e-02       7.25816e-01      
  3.47218e-02       7.16307e-01      
  3.54712e-02       7.06791e-01      
  3.62206e-02       6.97279e-01      
  3.69699e-02       6.87777e-01      
  3.77193e-02       6.78295e-01      
  3.84687e-02       6.68840e-01      
  3.92180e-02       6.59420e-01      
  3.99674e-02       6.50043e-01      
  4.07168e-02       6.40715e-01      
  4.14662e-02       6.31444e-01      
  4.22155e-02       6.22237e-01      
  4.29649e-02       6.13100e-01      
  4.37143e-02       6.04038e-01      
  4.44637e-02       5.95059e-01      
  4.52130e-02       5.86167e-01      
  4.59624e-02       5.77368e-01      
  4.67118e-02       5.68666e-01      
  4.74612e-02       5.60067e-01      
  4.82105e-02       5.51575e-01      
  4.89599e-02       5.43194e-01      
  4.97093e-02       5.34926e-01      
  5.04586e-02       5.26777e-01      
  5.12080e-02       5.18749e-01      
  5.19574e-02       5.10845e-01      
  5.27068e-02       5.03067e-01      
  5.34561e-02       4.95418e-01      
  5.42055e-02       4.87900e-01      
  5.49549e-02       4.80513e-01      
  5.57043e-02       4.73260e-01      
  5.64536e-02       4.66141e-01      
  5.72030e-02       4.59158e-01      
  5.79524e-02       4.52311e-01      
  5.87018e-02       4.45600e-01      
  5.94511e-02       4.39025e-01      
  6.02005e-02       4.32585e-01      
  6.09499e-02       4.26282e-01      
  6.16992e-02       4.20113e-01      
  6.24486e-02       4.14078e-01      
  6.31980e-02       4.08175e-01      
  6.39474e-02       4.02404e-01      
  6.46967e-02       3.96763e-01      
  6.54461e-02       3.91251e-01      
  6.61955e-02       3.85864e-01      
  6.69449e-02       3.80602e-01      
  6.76942e-02       3.75463e-01      
  6.84436e-02       3.70443e-01      
  6.91930e-02       3.65541e-01      
  6.99424e-02       3.60755e-01      
  7.06917e-02       3.56080e-01      
  7.14411e-02       3.51516e-01      
  7.21905e-02       3.47059e-01      
  7.29398e-02       3.42706e-01      
  7.36892e-02       3.38454e-01      
  7.44386e-02       3.34301e-01      
  7.51880e-02       3.30243e-01      
  7.59373e-02       3.26277e-01      
  7.66867e-02       3.22401e-01      
  7.74361e-02       3.18611e-01      
  7.81855e-02       3.14905e-01      
  7.89348e-02       3.11279e-01      
  7.96842e-02       3.07730e-01      
  8.04336e-02       3.04255e-01      
  8.11830e-02       3.00851e-01      
  8.19323e-02       2.97516e-01      
  8.26817e-02       2.94246e-01      
  8.34311e-02       2.91039e-01      
  8.41805e-02       2.87892e-01      
  8.49298e-02       2.84802e-01      
  8.56792e-02       2.81766e-01      
  8.64286e-02       2.78783e-01      
  8.71779e-02       2.75848e-01      
  8.79273e-02       2.72961e-01      
  8.86767e-02       2.70119e-01      
  8.94261e-02       2.67319e-01      
  9.01754e-02       2.64559e-01      
  9.09248e-02       2.61838e-01      
  9.16742e-02       2.59152e-01      
  9.24236e-02       2.56502e-01      
  9.31729e-02       2.53884e-01      
  9.39223e-02       2.51297e-01      
  9.46717e-02       2.48739e-01      
  9.54211e-02       2.46209e-01      
  9.61704e-02       2.43706e-01      
  9.69198e-02       2.41228e-01      
  9.76692e-02       2.38774e-01      
  9.84185e-02       2.36343e-01      
  9.91679e-02       2.33935e-01      
  9.99173e-02       2.31547e-01      
  1.00667e-01       2.29179e-01      
  1.01416e-01       2.26831e-01      
  1.02165e-01       2.24501e-01      
  1.02915e-01       2.22190e-01      
  1.03664e-01       2.19896e-01      
  1.04414e-01       2.17620e-01      
  1.05163e-01       2.15360e-01      
  1.05912e-01       2.13117e-01      
  1.06662e-01       2.10891e-01      
  1.07411e-01       2.08680e-01      
  1.08160e-01       2.06486e-01      
  1.08910e-01       2.04307e-01      
  1.09659e-01       2.02145e-01      
  1.10409e-01       1.99998e-01      
  1.11158e-01       1.97867e-01      
  1.11907e-01       1.95752e-01      
  1.12657e-01       1.93654e-01      
  1.13406e-01       1.91571e-01      
  1.14155e-01       1.89506e-01      
  1.14905e-01       1.87456e-01      
  1.15654e-01       1.85424e-01      
  1.16404e-01       1.83409e-01      
  1.17153e-01       1.81411e-01      
  1.17902e-01       1.79431e-01      
  1.18652e-01       1.77468e-01      
  1.19401e-01       1.75523e-01      
  1.20150e-01       1.73597e-01      
  1.20900e-01       1.71689e-01      
  1.21649e-01       1.69800e-01      
  1.22398e-01       1.67930e-01      
  1.23148e-01       1.66079e-01      
  1.23897e-01       1.64247e-01      
  1.24647e-01       1.62435e-01      
  1.25396e-01       1.60642e-01      
  1.26145e-01       1.58869e-01      
  1.26895e-01       1.57117e-01      
  1.27644e-01       1.55384e-01      
  1.28393e-01       1.53671e-01      
  1.29143e-01       1.51978e-01      
  1.29892e-01       1.50305e-01      
  1.30642e-01       1.48653e-01      
  1.31391e-01       1.47020e-01      
  1.32140e-01       1.45408e-01      
  1.32890e-01       1.43816e-01      
  1.33639e-01       1.42243e-01      
  1.34388e-01       1.40691e-01      
  1.35138e-01       1.39158e-01      
  1.35887e-01       1.37644e-01      
  1.36637e-01       1.36150e-01      
  1.37386e-01       1.34675e-01      
  1.38135e-01       1.33218e-01      
  1.38885e-01       1.31781e-01      
  1.39634e-01       1.30361e-01      
  1.40383e-01       1.28960e-01      
  1.41133e-01       1.27576e-01      
  1.41882e-01       1.26209e-01      
  1.42632e-01       1.24860e-01      
  1.43381e-01       1.23528e-01      
  1.44130e-01       1.22211e-01      
  1.44880e-01       1.20911e-01      
  1.45629e-01       1.19626e-01      
  1.46378e-01       1.18357e-01      
  1.47128e-01       1.17102e-01      
  1.47877e-01       1.15862e-01      
  1.48627e-01       1.14636e-01      
  1.49376e-01       1.13424e-01      
  1.50125e-01       1.12225e-01      
  1.50875e-01       1.11039e-01      
  1.51624e-01       1.09866e-01      
  1.52373e-01       1.08704e-01      
  1.53123e-01       1.07555e-01      
  1.53872e-01       1.06417e-01      
  1.54622e-01       1.05289e-01      
  1.55371e-01       1.04173e-01      
  1.56120e-01       1.03067e-01      
  1.56870e-01       1.01971e-01      
  1.57619e-01       1.00885e-01      
  1.58368e-01       9.98083e-02      
  1.59118e-01       9.87408e-02      
  1.59867e-01       9.76821e-02      
  1.60617e-01       9.66321e-02      
  1.61366e-01       9.55905e-02      
  1.62115e-01       9.45570e-02      
  1.62865e-01       9.35314e-02      
  1.63614e-01       9.25137e-02      
  1.64363e-01       9.15035e-02      
  1.65113e-01       9.05006e-02      
  1.65862e-01       8.95051e-02      
  1.66612e-01       8.85167e-02      
  1.67361e-01       8.75352e-02      
  1.68110e-01       8.65607e-02      
  1.68860e-01       8.55930e-02      
  1.69609e-01       8.46320e-02      
  1.70358e-01       8.36777e-02      
  1.71108e-01       8.27300e-02      
  1.71857e-01       8.17889e-02      
  1.72607e-01       8.08544e-02      
  1.73356e-01       7.99264e-02      
  1.74105e-01       7.90050e-02      
  1.74855e-01       7.80901e-02      
  1.75604e-01       7.71818e-02      
  1.76353e-01       7.62802e-02      
  1.77103e-01       7.53851e-02      
  1.77852e-01       7.44968e-02      
  1.78602e-01       7.36151e-02      
  1.79351e-01       7.27403e-02      
  1.80100e-01       7.18723e-02      
  1.80850e-01       7.10112e-02      
  1.81599e-01       7.01570e-02      
  1.82348e-01       6.93099e-02      
  1.83098e-01       6.84698e-02      
  1.83847e-01       6.76369e-02      
  1.84596e-01       6.68112e-02      
  1.85346e-01       6.59928e-02      
  1.86095e-01       6.51817e-02      
  1.86845e-01       6.43781e-02      
  1.87594e-01       6.35819e-02      
  1.88343e-01       6.27932e-02      
  1.89093e-01       6.20121e-02      
  1.89842e-01       6.12386e-02      
  1.90591e-01       6.04727e-02      
  1.91341e-01       5.97145e-02      
  1.92090e-01       5.89641e-02      
  1.92840e-01       5.82213e-02      
  1.93589e-01       5.74863e-02      
  1.94338e-01       5.67591e-02      
  1.95088e-01       5.60396e-02      
  1.95837e-01       5.53278e-02      
  1.96586e-01       5.46238e-02      
  1.97336e-01       5.39276e-02      
  1.98085e-01       5.32390e-02      
  1.98835e-01       5.25580e-02      
  1.99584e-01       5.18847e-02      
  2.00333e-01       5.12190e-02      
  2.01083e-01       5.05608e-02      
  2.01832e-01       4.99100e-02      
  2.02581e-01       4.92666e-02      
  2.03331e-01       4.86306e-02      
  2.04080e-01       4.80018e-02      
  2.04830e-01       4.73802e-02      
  2.05579e-01       4.67656e-02      
  2.06328e-01       4.61580e-02      
  2.07078e-01       4.55573e-02      
  2.07827e-01       4.49634e-02      
  2.08576e-01       4.43762e-02      
  2.09326e-01       4.37955e-02      
  2.10075e-01       4.32213e-02      
  2.10825e-01       4.26535e-02      
  2.11574e-01       4.20919e-02      
  2.12323e-01       4.15365e-02      
  2.13073e-01       4.09871e-02      
  2.13822e-01       4.04436e-02      
  2.14571e-01       3.99059e-02      
  2.15321e-01       3.93739e-02      
  2.16070e-01       3.88475e-02      
  2.16820e-01       3.83265e-02      
  2.17569e-01       3.78110e-02      
  2.18318e-01       3.73007e-02      
  2.19068e-01       3.67955e-02      
  2.19817e-01       3.62954e-02      
  2.20566e-01       3.58003e-02      
  2.21316e-01       3.53101e-02      
  2.22065e-01       3.48247e-02      
  2.22815e-01       3.43440e-02      
  2.23564e-01       3.38679e-02      
  2.24313e-01       3.33964e-02      
  2.25063e-01       3.29294e-02      
  2.25812e-01       3.24668e-02      
  2.26561e-01       3.20086e-02      
  2.27311e-01       3.15548e-02      
  2.28060e-01       3.11052e-02      
  2.28810e-01       3.06598e-02      
  2.29559e-01       3.02187e-02      
  2.30308e-01       2.97817e-02      
  2.31058e-01       2.93488e-02      
  2.31807e-01       2.89201e-02      
  2.32556e-01       2.84954e-02      
  2.33306e-01       2.80749e-02      
  2.34055e-01       2.76583e-02      
  2.34805e-01       2.72459e-02      
  2.35554e-01       2.68375e-02      
  2.36303e-01       2.64332e-02      
  2.37053e-01       2.60329e-02      
  2.37802e-01       2.56367e-02      
  2.38551e-01       2.52446e-02      
  2.39301e-01       2.48566e-02      
  2.40050e-01       2.44727e-02      
  2.40799e-01       2.40929e-02      
  2.41549e-01       2.37172e-02      
  2.42298e-01       2.33457e-02      
  2.43048e-01       2.29784e-02      
  2.43797e-01       2.26153e-02      
  2.44546e-01       2.22564e-02      
  2.45296e-01       2.19017e-02      
  2.46045e-01       2.15513e-02      
  2.46794e-01       2.12052e-02      
  2.47544e-01       2.08634e-02      
  2.48293e-01       2.05258e-02      
  2.49043e-01       2.01926e-02      
  2.49792e-01       1.98638e-02      
  2.50541e-01       1.95393e-02      
  2.51291e-01       1.92191e-02      
  2.52040e-01       1.89033e-02      
  2.52789e-01       1.85919e-02      
  2.53539e-01       1.82848e-02      
  2.54288e-01       1.79821e-02      
  2.55038e-01       1.76837e-02      
  2.55787e-01       1.73897e-02      
  2.56536e-01       1.70999e-02      
  2.57286e-01       1.68145e-02      
  2.58035e-01       1.65334e-02      
  2.58784e-01       1.62566e-02      
  2.59534e-01       1.59839e-02      
  2.60283e-01       1.57155e-02      
  2.61033e-01       1.54512e-02      
  2.61782e-01       1.51911e-02      
  2.62531e-01       1.49350e-02      
  2.63281e-01       1.46830e-02      
  2.64030e-01       1.44349e-02      
  2.64779e-01       1.41908e-02      
  2.65529e-01       1.39506e-02      
  2.66278e-01       1.37141e-02      
  2.67028e-01       1.34815e-02      
  2.67777e-01       1.32525e-02      
  2.68526e-01       1.30271e-02      
  2.69276e-01       1.28053e-02      
  2.70025e-01       1.25869e-02      
  2.70774e-01       1.23720e-02      
  2.71524e-01       1.21604e-02      
  2.72273e-01       1.19520e-02      
  2.73023e-01       1.17469e-02      
  2.73772e-01       1.15448e-02      
  2.74521e-01       1.13458e-02      
  2.75271e-01       1.11497e-02      
  2.76020e-01       1.09566e-02      
  2.76769e-01       1.07662e-02      
  2.77519e-01       1.05785e-02      
  2.78268e-01       1.03935e-02      
  2.79018e-01       1.02111e-02      
  2.79767e-01       1.00312e-02      
  2.80516e-01       9.85368e-03      
  2.81266e-01       9.67856e-03      
  2.82015e-01       9.50574e-03      
  2.82764e-01       9.33515e-03      
  2.83514e-01       9.16674e-03      
  2.84263e-01       9.00044e-03      
  2.85013e-01       8.83620e-03      
  2.85762e-01       8.67396e-03      
  2.86511e-01       8.51367e-03      
  2.87261e-01       8.35528e-03      
  2.88010e-01       8.19875e-03      
  2.88759e-01       8.04404e-03      
  2.89509e-01       7.89111e-03      
  2.90258e-01       7.73992e-03      
  2.91008e-01       7.59044e-03      
  2.91757e-01       7.44264e-03      
  2.92506e-01       7.29650e-03      
  2.93256e-01       7.15200e-03      
  2.94005e-01       7.00912e-03      
  2.94754e-01       6.86784e-03      
  2.95504e-01       6.72814e-03      
  2.96253e-01       6.59004e-03      
  2.97003e-01       6.45350e-03      
  2.97752e-01       6.31854e-03      
  2.98501e-01       6.18515e-03      
  2.99251e-01       6.05334e-03      
  3.00000e-01       5.92310e-03      
