# Simulated data
# sigma generated using Sedlak et al, k=100000, c=0.55, https://doi.org/10.1107/S1600576717003077, and rebinned with 10 per bin)
# q            I            sigma       
  1.00000e-03  6.36672e-02  5.46103e-03 
  1.74937e-03  6.38161e-02  4.12771e-03 
  2.49875e-03  6.69156e-02  3.45221e-03 
  3.24812e-03  5.92889e-02  3.02610e-03 
  3.99749e-03  6.80800e-02  2.72570e-03 
  4.74687e-03  6.17484e-02  2.49904e-03 
  5.49624e-03  5.86116e-02  2.31997e-03 
  6.24561e-03  6.21203e-02  2.17370e-03 
  6.99499e-03  6.40469e-02  2.05116e-03 
  7.74436e-03  6.14624e-02  1.94642e-03 
  8.49373e-03  6.04989e-02  1.85547e-03 
  9.24311e-03  6.17598e-02  1.77541e-03 
  9.99248e-03  5.99869e-02  1.70417e-03 
  1.07419e-02  5.94383e-02  1.64015e-03 
  1.14912e-02  5.91476e-02  1.58216e-03 
  1.22406e-02  6.02018e-02  1.52925e-03 
  1.29900e-02  5.76982e-02  1.48067e-03 
  1.37393e-02  5.94048e-02  1.43581e-03 
  1.44887e-02  5.99083e-02  1.39419e-03 
  1.52381e-02  5.73366e-02  1.35539e-03 
  1.59875e-02  5.88475e-02  1.31908e-03 
  1.67368e-02  5.87724e-02  1.28498e-03 
  1.74862e-02  5.69088e-02  1.25284e-03 
  1.82356e-02  5.89083e-02  1.22245e-03 
  1.89850e-02  5.57477e-02  1.19365e-03 
  1.97343e-02  5.66313e-02  1.16629e-03 
  2.04837e-02  5.52757e-02  1.14022e-03 
  2.12331e-02  5.34507e-02  1.11533e-03 
  2.19825e-02  5.51453e-02  1.09153e-03 
  2.27318e-02  5.55589e-02  1.06872e-03 
  2.34812e-02  5.41859e-02  1.04683e-03 
  2.42306e-02  5.15814e-02  1.02578e-03 
  2.49799e-02  5.22795e-02  1.00552e-03 
  2.57293e-02  5.29869e-02  9.85984e-04 
  2.64787e-02  5.19746e-02  9.67129e-04 
  2.72281e-02  5.08318e-02  9.48908e-04 
  2.79774e-02  5.12658e-02  9.31281e-04 
  2.87268e-02  4.95501e-02  9.14213e-04 
  2.94762e-02  5.04013e-02  8.97670e-04 
  3.02256e-02  4.80360e-02  8.81623e-04 
  3.09749e-02  4.90511e-02  8.66045e-04 
  3.17243e-02  4.75380e-02  8.50910e-04 
  3.24737e-02  4.64480e-02  8.36198e-04 
  3.32231e-02  4.61464e-02  8.21886e-04 
  3.39724e-02  4.55627e-02  8.07957e-04 
  3.47218e-02  4.37233e-02  7.94393e-04 
  3.54712e-02  4.30471e-02  7.81178e-04 
  3.62206e-02  4.36092e-02  7.68298e-04 
  3.69699e-02  4.35936e-02  7.55740e-04 
  3.77193e-02  4.18279e-02  7.43491e-04 
  3.84687e-02  4.18463e-02  7.31539e-04 
  3.92180e-02  4.28493e-02  7.19874e-04 
  3.99674e-02  3.90202e-02  7.08486e-04 
  4.07168e-02  3.94470e-02  6.97366e-04 
  4.14662e-02  4.03833e-02  6.86505e-04 
  4.22155e-02  3.96129e-02  6.75895e-04 
  4.29649e-02  3.85919e-02  6.65529e-04 
  4.37143e-02  3.92466e-02  6.55401e-04 
  4.44637e-02  3.84247e-02  6.45502e-04 
  4.52130e-02  3.70167e-02  6.35828e-04 
  4.59624e-02  3.69101e-02  6.26371e-04 
  4.67118e-02  3.49624e-02  6.17128e-04 
  4.74612e-02  3.44179e-02  6.08092e-04 
  4.82105e-02  3.49834e-02  5.99258e-04 
  4.89599e-02  3.35886e-02  5.90623e-04 
  4.97093e-02  3.24426e-02  5.82180e-04 
  5.04586e-02  3.38020e-02  5.73926e-04 
  5.12080e-02  3.24413e-02  5.65858e-04 
  5.19574e-02  3.22316e-02  5.57969e-04 
  5.27068e-02  3.26035e-02  5.50258e-04 
  5.34561e-02  3.15965e-02  5.42720e-04 
  5.42055e-02  3.12938e-02  5.35351e-04 
  5.49549e-02  2.97142e-02  5.28148e-04 
  5.57043e-02  3.01656e-02  5.21108e-04 
  5.64536e-02  2.97516e-02  5.14226e-04 
  5.72030e-02  2.90731e-02  5.07500e-04 
  5.79524e-02  2.81663e-02  5.00927e-04 
  5.87018e-02  2.85139e-02  4.94503e-04 
  5.94511e-02  2.80918e-02  4.88224e-04 
  6.02005e-02  2.67646e-02  4.82089e-04 
  6.09499e-02  2.62843e-02  4.76094e-04 
  6.16992e-02  2.62402e-02  4.70235e-04 
  6.24486e-02  2.56753e-02  4.64510e-04 
  6.31980e-02  2.52004e-02  4.58916e-04 
  6.39474e-02  2.53622e-02  4.53450e-04 
  6.46967e-02  2.51785e-02  4.48109e-04 
  6.54461e-02  2.49120e-02  4.42889e-04 
  6.61955e-02  2.46829e-02  4.37788e-04 
  6.69449e-02  2.32696e-02  4.32804e-04 
  6.76942e-02  2.37989e-02  4.27932e-04 
  6.84436e-02  2.33748e-02  4.23171e-04 
  6.91930e-02  2.22160e-02  4.18517e-04 
  6.99424e-02  2.27873e-02  4.13968e-04 
  7.06917e-02  2.22901e-02  4.09520e-04 
  7.14411e-02  2.29409e-02  4.05172e-04 
  7.21905e-02  2.11776e-02  4.00919e-04 
  7.29398e-02  2.17082e-02  3.96761e-04 
  7.36892e-02  2.10457e-02  3.92693e-04 
  7.44386e-02  2.11608e-02  3.88713e-04 
  7.51880e-02  2.06598e-02  3.84818e-04 
  7.59373e-02  2.07927e-02  3.81006e-04 
  7.66867e-02  2.05782e-02  3.77275e-04 
  7.74361e-02  2.00341e-02  3.73621e-04 
  7.81855e-02  2.01607e-02  3.70042e-04 
  7.89348e-02  1.94928e-02  3.66536e-04 
  7.96842e-02  1.93353e-02  3.63101e-04 
  8.04336e-02  1.85716e-02  3.59733e-04 
  8.11830e-02  1.87636e-02  3.56431e-04 
  8.19323e-02  1.84375e-02  3.53192e-04 
  8.26817e-02  1.86500e-02  3.50014e-04 
  8.34311e-02  1.82961e-02  3.46895e-04 
  8.41805e-02  1.79147e-02  3.43834e-04 
  8.49298e-02  1.81128e-02  3.40827e-04 
  8.56792e-02  1.77008e-02  3.37872e-04 
  8.64286e-02  1.67241e-02  3.34969e-04 
  8.71779e-02  1.75526e-02  3.32115e-04 
  8.79273e-02  1.77219e-02  3.29307e-04 
  8.86767e-02  1.70746e-02  3.26546e-04 
  8.94261e-02  1.70786e-02  3.23828e-04 
  9.01754e-02  1.68225e-02  3.21152e-04 
  9.09248e-02  1.69653e-02  3.18517e-04 
  9.16742e-02  1.56951e-02  3.15921e-04 
  9.24236e-02  1.59976e-02  3.13363e-04 
  9.31729e-02  1.62102e-02  3.10841e-04 
  9.39223e-02  1.59448e-02  3.08354e-04 
  9.46717e-02  1.55863e-02  3.05901e-04 
  9.54211e-02  1.49202e-02  3.03481e-04 
  9.61704e-02  1.47397e-02  3.01092e-04 
  9.69198e-02  1.51236e-02  2.98733e-04 
  9.76692e-02  1.48759e-02  2.96404e-04 
  9.84185e-02  1.43911e-02  2.94104e-04 
  9.91679e-02  1.45878e-02  2.91831e-04 
  9.99173e-02  1.41904e-02  2.89585e-04 
  1.00667e-01  1.42566e-02  2.87365e-04 
  1.01416e-01  1.44108e-02  2.85170e-04 
  1.02165e-01  1.43440e-02  2.83000e-04 
  1.02915e-01  1.39944e-02  2.80854e-04 
  1.03664e-01  1.33787e-02  2.78731e-04 
  1.04414e-01  1.33885e-02  2.76631e-04 
  1.05163e-01  1.36049e-02  2.74554e-04 
  1.05912e-01  1.36126e-02  2.72498e-04 
  1.06662e-01  1.31581e-02  2.70464e-04 
  1.07411e-01  1.30586e-02  2.68451e-04 
  1.08160e-01  1.33639e-02  2.66459e-04 
  1.08910e-01  1.28964e-02  2.64487e-04 
  1.09659e-01  1.23938e-02  2.62535e-04 
  1.10409e-01  1.23526e-02  2.60603e-04 
  1.11158e-01  1.25782e-02  2.58691e-04 
  1.11907e-01  1.23549e-02  2.56798e-04 
  1.12657e-01  1.22638e-02  2.54925e-04 
  1.13406e-01  1.22305e-02  2.53071e-04 
  1.14155e-01  1.19729e-02  2.51235e-04 
  1.14905e-01  1.19062e-02  2.49419e-04 
  1.15654e-01  1.19942e-02  2.47621e-04 
  1.16404e-01  1.15290e-02  2.45841e-04 
  1.17153e-01  1.16406e-02  2.44081e-04 
  1.17902e-01  1.10927e-02  2.42338e-04 
  1.18652e-01  1.07644e-02  2.40614e-04 
  1.19401e-01  1.19198e-02  2.38908e-04 
  1.20150e-01  1.11103e-02  2.37221e-04 
  1.20900e-01  1.06903e-02  2.35551e-04 
  1.21649e-01  1.10601e-02  2.33899e-04 
  1.22398e-01  1.06621e-02  2.32266e-04 
  1.23148e-01  1.06607e-02  2.30650e-04 
  1.23897e-01  1.00710e-02  2.29053e-04 
  1.24647e-01  1.02835e-02  2.27473e-04 
  1.25396e-01  1.00974e-02  2.25910e-04 
  1.26145e-01  9.91318e-03  2.24366e-04 
  1.26895e-01  9.84579e-03  2.22839e-04 
  1.27644e-01  9.21269e-03  2.21329e-04 
  1.28393e-01  9.46054e-03  2.19837e-04 
  1.29143e-01  8.93833e-03  2.18362e-04 
  1.29892e-01  9.47520e-03  2.16904e-04 
  1.30642e-01  9.52005e-03  2.15463e-04 
  1.31391e-01  9.28903e-03  2.14039e-04 
  1.32140e-01  8.67394e-03  2.12632e-04 
  1.32890e-01  8.72316e-03  2.11241e-04 
  1.33639e-01  8.87289e-03  2.09867e-04 
  1.34388e-01  8.98136e-03  2.08509e-04 
  1.35138e-01  8.80495e-03  2.07167e-04 
  1.35887e-01  8.33444e-03  2.05841e-04 
  1.36637e-01  8.47413e-03  2.04531e-04 
  1.37386e-01  8.26600e-03  2.03236e-04 
  1.38135e-01  8.20766e-03  2.01957e-04 
  1.38885e-01  8.00671e-03  2.00693e-04 
  1.39634e-01  8.26667e-03  1.99443e-04 
  1.40383e-01  8.03841e-03  1.98209e-04 
  1.41133e-01  8.10562e-03  1.96988e-04 
  1.41882e-01  8.06638e-03  1.95782e-04 
  1.42632e-01  7.47756e-03  1.94589e-04 
  1.43381e-01  8.01348e-03  1.93411e-04 
  1.44130e-01  7.91613e-03  1.92245e-04 
  1.44880e-01  7.45584e-03  1.91093e-04 
  1.45629e-01  7.59600e-03  1.89954e-04 
  1.46378e-01  7.50665e-03  1.88827e-04 
  1.47128e-01  7.51067e-03  1.87712e-04 
  1.47877e-01  7.13145e-03  1.86610e-04 
  1.48627e-01  7.22746e-03  1.85519e-04 
  1.49376e-01  7.23958e-03  1.84440e-04 
  1.50125e-01  7.56694e-03  1.83372e-04 
  1.50875e-01  6.82443e-03  1.82316e-04 
  1.51624e-01  6.87205e-03  1.81270e-04 
  1.52373e-01  6.41562e-03  1.80234e-04 
  1.53123e-01  6.89583e-03  1.79209e-04 
  1.53872e-01  6.85559e-03  1.78193e-04 
  1.54622e-01  6.65524e-03  1.77188e-04 
  1.55371e-01  6.63609e-03  1.76192e-04 
  1.56120e-01  6.28363e-03  1.75205e-04 
  1.56870e-01  6.24398e-03  1.74227e-04 
  1.57619e-01  6.10379e-03  1.73258e-04 
  1.58368e-01  6.17211e-03  1.72298e-04 
  1.59118e-01  6.48198e-03  1.71346e-04 
  1.59867e-01  6.07385e-03  1.70402e-04 
  1.60617e-01  6.26653e-03  1.69467e-04 
  1.61366e-01  6.24232e-03  1.68539e-04 
  1.62115e-01  5.78624e-03  1.67619e-04 
  1.62865e-01  5.85981e-03  1.66706e-04 
  1.63614e-01  5.79393e-03  1.65801e-04 
  1.64363e-01  5.79437e-03  1.64904e-04 
  1.65113e-01  5.69038e-03  1.64013e-04 
  1.65862e-01  5.64035e-03  1.63129e-04 
  1.66612e-01  5.66474e-03  1.62252e-04 
  1.67361e-01  5.62057e-03  1.61382e-04 
  1.68110e-01  5.44115e-03  1.60519e-04 
  1.68860e-01  5.22135e-03  1.59662e-04 
  1.69609e-01  5.35297e-03  1.58812e-04 
  1.70358e-01  5.26384e-03  1.57968e-04 
  1.71108e-01  5.02544e-03  1.57130e-04 
  1.71857e-01  5.27082e-03  1.56299e-04 
  1.72607e-01  4.70849e-03  1.55474e-04 
  1.73356e-01  5.19176e-03  1.54655e-04 
  1.74105e-01  5.02768e-03  1.53843e-04 
  1.74855e-01  4.95367e-03  1.53036e-04 
  1.75604e-01  4.67615e-03  1.52236e-04 
  1.76353e-01  4.68825e-03  1.51442e-04 
  1.77103e-01  4.72268e-03  1.50653e-04 
  1.77852e-01  4.46560e-03  1.49871e-04 
  1.78602e-01  4.58968e-03  1.49095e-04 
  1.79351e-01  4.53232e-03  1.48325e-04 
  1.80100e-01  4.30660e-03  1.47561e-04 
  1.80850e-01  4.28435e-03  1.46803e-04 
  1.81599e-01  4.25047e-03  1.46051e-04 
  1.82348e-01  4.59803e-03  1.45305e-04 
  1.83098e-01  4.61682e-03  1.44565e-04 
  1.83847e-01  4.07209e-03  1.43831e-04 
  1.84596e-01  4.33418e-03  1.43103e-04 
  1.85346e-01  4.18868e-03  1.42381e-04 
  1.86095e-01  4.18674e-03  1.41666e-04 
  1.86845e-01  3.93639e-03  1.40956e-04 
  1.87594e-01  4.02981e-03  1.40252e-04 
  1.88343e-01  4.10176e-03  1.39555e-04 
  1.89093e-01  3.59384e-03  1.38863e-04 
  1.89842e-01  3.97024e-03  1.38178e-04 
  1.90591e-01  3.88996e-03  1.37499e-04 
  1.91341e-01  3.65023e-03  1.36826e-04 
  1.92090e-01  3.80450e-03  1.36159e-04 
  1.92840e-01  3.83464e-03  1.35498e-04 
  1.93589e-01  3.73880e-03  1.34843e-04 
  1.94338e-01  3.72470e-03  1.34194e-04 
  1.95088e-01  3.53540e-03  1.33551e-04 
  1.95837e-01  3.75392e-03  1.32914e-04 
  1.96586e-01  3.61004e-03  1.32283e-04 
  1.97336e-01  3.39929e-03  1.31658e-04 
  1.98085e-01  3.36094e-03  1.31039e-04 
  1.98835e-01  3.12151e-03  1.30426e-04 
  1.99584e-01  3.36626e-03  1.29819e-04 
  2.00333e-01  3.06926e-03  1.29217e-04 
  2.01083e-01  2.90277e-03  1.28622e-04 
  2.01832e-01  3.26469e-03  1.28032e-04 
  2.02581e-01  2.88887e-03  1.27447e-04 
  2.03331e-01  2.83120e-03  1.26868e-04 
  2.04080e-01  2.89278e-03  1.26295e-04 
  2.04830e-01  3.15825e-03  1.25727e-04 
  2.05579e-01  2.71627e-03  1.25165e-04 
  2.06328e-01  2.80897e-03  1.24608e-04 
  2.07078e-01  2.86829e-03  1.24057e-04 
  2.07827e-01  2.72129e-03  1.23510e-04 
  2.08576e-01  2.62884e-03  1.22969e-04 
  2.09326e-01  2.66902e-03  1.22433e-04 
  2.10075e-01  2.75497e-03  1.21902e-04 
  2.10825e-01  2.52458e-03  1.21376e-04 
  2.11574e-01  2.59307e-03  1.20854e-04 
  2.12323e-01  2.48294e-03  1.20338e-04 
  2.13073e-01  2.39606e-03  1.19826e-04 
  2.13822e-01  2.41683e-03  1.19319e-04 
  2.14571e-01  2.57602e-03  1.18816e-04 
  2.15321e-01  2.60472e-03  1.18318e-04 
  2.16070e-01  2.34515e-03  1.17825e-04 
  2.16820e-01  2.57011e-03  1.17335e-04 
  2.17569e-01  2.42743e-03  1.16850e-04 
  2.18318e-01  2.42364e-03  1.16370e-04 
  2.19068e-01  2.41391e-03  1.15893e-04 
  2.19817e-01  2.34862e-03  1.15421e-04 
  2.20566e-01  2.39599e-03  1.14952e-04 
  2.21316e-01  2.07251e-03  1.14488e-04 
  2.22065e-01  2.12986e-03  1.14027e-04 
  2.22815e-01  2.16953e-03  1.13570e-04 
  2.23564e-01  2.07842e-03  1.13117e-04 
  2.24313e-01  2.17162e-03  1.12668e-04 
  2.25063e-01  2.06070e-03  1.12223e-04 
  2.25812e-01  1.81382e-03  1.11781e-04 
  2.26561e-01  1.85532e-03  1.11342e-04 
  2.27311e-01  2.00543e-03  1.10908e-04 
  2.28060e-01  1.90900e-03  1.10477e-04 
  2.28810e-01  1.95852e-03  1.10049e-04 
  2.29559e-01  1.99559e-03  1.09625e-04 
  2.30308e-01  1.80603e-03  1.09204e-04 
  2.31058e-01  1.71299e-03  1.08787e-04 
  2.31807e-01  1.86139e-03  1.08373e-04 
  2.32556e-01  1.70196e-03  1.07962e-04 
  2.33306e-01  1.79615e-03  1.07555e-04 
  2.34055e-01  1.75026e-03  1.07151e-04 
  2.34805e-01  1.59088e-03  1.06751e-04 
  2.35554e-01  1.72046e-03  1.06353e-04 
  2.36303e-01  1.53857e-03  1.05959e-04 
  2.37053e-01  1.60037e-03  1.05569e-04 
  2.37802e-01  1.63683e-03  1.05181e-04 
  2.38551e-01  1.62454e-03  1.04797e-04 
  2.39301e-01  1.49604e-03  1.04417e-04 
  2.40050e-01  1.81236e-03  1.04039e-04 
  2.40799e-01  1.49150e-03  1.03665e-04 
  2.41549e-01  1.56270e-03  1.03294e-04 
  2.42298e-01  1.49899e-03  1.02927e-04 
  2.43048e-01  1.47365e-03  1.02562e-04 
  2.43797e-01  1.58349e-03  1.02201e-04 
  2.44546e-01  1.33117e-03  1.01844e-04 
  2.45296e-01  1.37160e-03  1.01489e-04 
  2.46045e-01  1.36940e-03  1.01138e-04 
  2.46794e-01  1.41005e-03  1.00791e-04 
  2.47544e-01  1.28288e-03  1.00446e-04 
  2.48293e-01  1.35297e-03  1.00105e-04 
  2.49043e-01  1.27269e-03  9.97675e-05 
  2.49792e-01  1.35948e-03  9.94331e-05 
  2.50541e-01  1.06104e-03  9.91020e-05 
  2.51291e-01  1.31474e-03  9.87742e-05 
  2.52040e-01  1.21523e-03  9.84498e-05 
  2.52789e-01  1.20895e-03  9.81287e-05 
  2.53539e-01  1.11601e-03  9.78109e-05 
  2.54288e-01  1.21847e-03  9.74964e-05 
  2.55038e-01  1.10855e-03  9.71851e-05 
  2.55787e-01  1.00437e-03  9.68772e-05 
  2.56536e-01  1.05376e-03  9.65725e-05 
  2.57286e-01  9.57870e-04  9.62711e-05 
  2.58035e-01  9.96523e-04  9.59728e-05 
  2.58784e-01  9.73309e-04  9.56778e-05 
  2.59534e-01  1.09221e-03  9.53860e-05 
  2.60283e-01  9.02954e-04  9.50974e-05 
  2.61033e-01  1.18668e-03  9.48118e-05 
  2.61782e-01  9.60365e-04  9.45294e-05 
  2.62531e-01  9.55213e-04  9.42501e-05 
  2.63281e-01  9.20600e-04  9.39738e-05 
  2.64030e-01  9.33990e-04  9.37005e-05 
  2.64779e-01  8.58006e-04  9.34301e-05 
  2.65529e-01  7.55298e-04  9.31628e-05 
  2.66278e-01  8.26387e-04  9.28983e-05 
  2.67028e-01  9.21267e-04  9.26366e-05 
  2.67777e-01  9.07681e-04  9.23778e-05 
  2.68526e-01  8.95918e-04  9.21217e-05 
  2.69276e-01  7.17810e-04  9.18683e-05 
  2.70025e-01  8.45470e-04  9.16177e-05 
  2.70774e-01  8.77790e-04  9.13696e-05 
  2.71524e-01  8.17397e-04  9.11242e-05 
  2.72273e-01  7.07410e-04  9.08812e-05 
  2.73023e-01  6.75059e-04  9.06408e-05 
  2.73772e-01  7.89128e-04  9.04028e-05 
  2.74521e-01  8.46047e-04  9.01671e-05 
  2.75271e-01  7.27303e-04  8.99339e-05 
  2.76020e-01  6.94562e-04  8.97028e-05 
  2.76769e-01  5.47508e-04  8.94741e-05 
  2.77519e-01  6.77774e-04  8.92475e-05 
  2.78268e-01  6.17862e-04  8.90231e-05 
  2.79018e-01  5.99651e-04  8.88007e-05 
  2.79767e-01  4.79267e-04  8.85804e-05 
  2.80516e-01  5.22823e-04  8.83622e-05 
  2.81266e-01  7.03426e-04  8.81458e-05 
  2.82015e-01  5.34290e-04  8.79314e-05 
  2.82764e-01  5.41865e-04  8.77189e-05 
  2.83514e-01  5.88800e-04  8.75082e-05 
  2.84263e-01  5.05356e-04  8.72993e-05 
  2.85013e-01  5.22378e-04  8.70921e-05 
  2.85762e-01  5.48797e-04  8.68867e-05 
  2.86511e-01  3.13980e-04  8.66830e-05 
  2.87261e-01  5.08724e-04  8.64809e-05 
  2.88010e-01  3.81409e-04  8.62804e-05 
  2.88759e-01  5.76023e-04  8.60816e-05 
  2.89509e-01  5.30525e-04  8.58843e-05 
  2.90258e-01  4.51169e-04  8.56885e-05 
  2.91008e-01  6.01379e-04  8.54943e-05 
  2.91757e-01  4.22370e-04  8.53016e-05 
  2.92506e-01  4.98199e-04  8.51104e-05 
  2.93256e-01  4.52125e-04  8.49206e-05 
  2.94005e-01  3.48119e-04  8.47323e-05 
  2.94754e-01  5.61809e-04  8.45454e-05 
  2.95504e-01  5.32595e-04  8.43600e-05 
  2.96253e-01  3.63522e-04  8.41759e-05 
  2.97003e-01  5.14992e-04  8.39933e-05 
  2.97752e-01  4.15754e-04  8.38121e-05 
  2.98501e-01  5.07718e-04  8.36323e-05 
  2.99251e-01  3.96724e-04  8.34539e-05 
  3.00000e-01  4.85028e-04  8.32768e-05 
