# r                 p(r)             
  5.32446e-01       5.68609e-03      
  1.59734e+00       3.94849e-02      
  2.66223e+00       9.68141e-02      
  3.72712e+00       1.75667e-01      
  4.79201e+00       2.68350e-01      
  5.85690e+00       3.73409e-01      
  6.92179e+00       4.74714e-01      
  7.98669e+00       5.80985e-01      
  9.05158e+00       6.83159e-01      
  1.01165e+01       7.77272e-01      
  1.11814e+01       8.51451e-01      
  1.22463e+01       9.19901e-01      
  1.33111e+01       9.65791e-01      
  1.43760e+01       9.92524e-01      
  1.54409e+01       1.00000e+00      
  1.65058e+01       9.78000e-01      
  1.75707e+01       9.42060e-01      
  1.86356e+01       8.88594e-01      
  1.97005e+01       8.30947e-01      
  2.07654e+01       7.82791e-01      
  2.18303e+01       7.54720e-01      
  2.28952e+01       7.24734e-01      
  2.39601e+01       7.07325e-01      
  2.50250e+01       6.86529e-01      
  2.60898e+01       6.67322e-01      
  2.71547e+01       6.48800e-01      
  2.82196e+01       6.29785e-01      
  2.92845e+01       6.10645e-01      
  3.03494e+01       5.97859e-01      
  3.14143e+01       5.90869e-01      
  3.24792e+01       5.80492e-01      
  3.35441e+01       5.71135e-01      
  3.46090e+01       5.58926e-01      
  3.56739e+01       5.53098e-01      
  3.67388e+01       5.36040e-01      
  3.78036e+01       5.25069e-01      
  3.88685e+01       5.14817e-01      
  3.99334e+01       5.09273e-01      
  4.09983e+01       4.97767e-01      
  4.20632e+01       4.91086e-01      
  4.31281e+01       4.81294e-01      
  4.41930e+01       4.74923e-01      
  4.52579e+01       4.63099e-01      
  4.63228e+01       4.53148e-01      
  4.73877e+01       4.44301e-01      
  4.84526e+01       4.30546e-01      
  4.95175e+01       4.16883e-01      
  5.05823e+01       4.10293e-01      
  5.16472e+01       4.06054e-01      
  5.27121e+01       3.96137e-01      
  5.37770e+01       3.87348e-01      
  5.48419e+01       3.75567e-01      
  5.59068e+01       3.65332e-01      
  5.69717e+01       3.54578e-01      
  5.80366e+01       3.40731e-01      
  5.91015e+01       3.36550e-01      
  6.01664e+01       3.25445e-01      
  6.12313e+01       3.19441e-01      
  6.22962e+01       3.09357e-01      
  6.33610e+01       3.04783e-01      
  6.44259e+01       2.95008e-01      
  6.54908e+01       2.87758e-01      
  6.65557e+01       2.83928e-01      
  6.76206e+01       2.73200e-01      
  6.86855e+01       2.64847e-01      
  6.97504e+01       2.51651e-01      
  7.08153e+01       2.44653e-01      
  7.18802e+01       2.41534e-01      
  7.29451e+01       2.31566e-01      
  7.40100e+01       2.25270e-01      
  7.50749e+01       2.14500e-01      
  7.61397e+01       2.03838e-01      
  7.72046e+01       1.92223e-01      
  7.82695e+01       1.79371e-01      
  7.93344e+01       1.67857e-01      
  8.03993e+01       1.60339e-01      
  8.14642e+01       1.54712e-01      
  8.25291e+01       1.42336e-01      
  8.35940e+01       1.38231e-01      
  8.46589e+01       1.29576e-01      
  8.57238e+01       1.23564e-01      
  8.67887e+01       1.12844e-01      
  8.78535e+01       1.03353e-01      
  8.89184e+01       9.61786e-02      
  8.99833e+01       8.66042e-02      
  9.10482e+01       7.70131e-02      
  9.21131e+01       7.01313e-02      
  9.31780e+01       6.18697e-02      
  9.42429e+01       5.48290e-02      
  9.53078e+01       4.58901e-02      
  9.63727e+01       3.58976e-02      
  9.74376e+01       2.87817e-02      
  9.85025e+01       1.96421e-02      
  9.95674e+01       1.02182e-02      
  1.00632e+02       1.96505e-03      
  1.01697e+02       5.85333e-05      
  1.02762e+02       0.00000e+00      
  1.03827e+02       0.00000e+00      
  1.04892e+02       0.00000e+00      
  1.05957e+02       0.00000e+00      
