Sample description: EDF_DataBlockID                     0.Image.Psd
Sample: EDF_DataBlockID  c= 0 mg/ml  Code: 
Parent(s): /Users/andreashlarsen/Downloads/Group4_120824Afertnoon/merge_001.dat /Users/andreashlarsen/Downloads/Group4_120824Afertnoon/merge_002.dat
  1.239476e-02   1.556932e-01   9.742279e-03
  1.273434e-02   1.539070e-01   9.138288e-03
  1.307392e-02   1.644901e-01   8.429181e-03
  1.341351e-02   1.529639e-01   8.367526e-03
  1.375309e-02   1.648644e-01   8.680076e-03
  1.409267e-02   1.442565e-01   8.180856e-03
  1.443225e-02   1.666436e-01   7.785039e-03
  1.477184e-02   1.453622e-01   7.274273e-03
  1.511142e-02   1.687162e-01   7.261382e-03
  1.545100e-02   1.626589e-01   7.707709e-03
  1.579058e-02   1.512427e-01   6.790839e-03
  1.613017e-02   1.601958e-01   6.922604e-03
  1.646975e-02   1.596621e-01   6.457106e-03
  1.680933e-02   1.530740e-01   6.414227e-03
  1.714891e-02   1.575723e-01   6.408632e-03
  1.748850e-02   1.476002e-01   6.098276e-03
  1.782808e-02   1.553777e-01   6.192898e-03
  1.816766e-02   1.519928e-01   6.153305e-03
  1.850724e-02   1.540267e-01   6.152626e-03
  1.884683e-02   1.607824e-01   5.879276e-03
  1.918641e-02   1.605954e-01   5.722188e-03
  1.952599e-02   1.558213e-01   5.712333e-03
  1.986557e-02   1.562799e-01   5.475976e-03
  2.020516e-02   1.558650e-01   5.691922e-03
  2.054474e-02   1.583596e-01   5.447003e-03
  2.088432e-02   1.498848e-01   5.430595e-03
  2.122390e-02   1.548874e-01   5.356689e-03
  2.156349e-02   1.537052e-01   5.197193e-03
  2.190307e-02   1.559024e-01   5.305507e-03
  2.224265e-02   1.390142e-01   4.882148e-03
  2.258223e-02   1.506879e-01   5.235634e-03
  2.292181e-02   1.470652e-01   4.896583e-03
  2.326140e-02   1.450998e-01   4.856691e-03
  2.360098e-02   1.551493e-01   4.984975e-03
  2.394056e-02   1.517526e-01   4.872736e-03
  2.428014e-02   1.480725e-01   4.896176e-03
  2.461973e-02   1.454986e-01   4.681806e-03
  2.495931e-02   1.449347e-01   4.750217e-03
  2.529889e-02   1.407084e-01   4.577305e-03
  2.563847e-02   1.469212e-01   4.681976e-03
  2.597806e-02   1.461408e-01   4.581823e-03
  2.631764e-02   1.551815e-01   4.630150e-03
  2.665722e-02   1.385942e-01   4.491642e-03
  2.699680e-02   1.383598e-01   4.351212e-03
  2.733639e-02   1.416295e-01   4.370985e-03
  2.767597e-02   1.483896e-01   4.461211e-03
  2.801555e-02   1.364632e-01   4.239853e-03
  2.835513e-02   1.397913e-01   4.350384e-03
  2.869472e-02   1.417601e-01   4.234905e-03
  2.903430e-02   1.360937e-01   4.152552e-03
  2.937388e-02   1.477779e-01   4.366533e-03
  2.971346e-02   1.384040e-01   4.154180e-03
  3.005305e-02   1.370253e-01   4.128733e-03
  3.039263e-02   1.298162e-01   3.865336e-03
  3.073221e-02   1.332468e-01   4.020860e-03
  3.107179e-02   1.400978e-01   4.079714e-03
  3.141138e-02   1.342962e-01   3.982577e-03
  3.175096e-02   1.282367e-01   3.849994e-03
  3.209054e-02   1.322940e-01   3.809258e-03
  3.243012e-02   1.255273e-01   3.840952e-03
  3.276971e-02   1.323476e-01   3.841858e-03
  3.310929e-02   1.298075e-01   3.775432e-03
  3.344887e-02   1.240374e-01   3.707718e-03
  3.378845e-02   1.199440e-01   3.568672e-03
  3.412804e-02   1.207655e-01   3.677908e-03
  3.446762e-02   1.316036e-01   3.700654e-03
  3.480720e-02   1.355903e-01   3.771447e-03
  3.514678e-02   1.229179e-01   3.589549e-03
  3.548637e-02   1.306478e-01   3.654762e-03
  3.582595e-02   1.210282e-01   3.528719e-03
  3.616553e-02   1.245137e-01   3.471257e-03
  3.650511e-02   1.170226e-01   3.462568e-03
  3.684470e-02   1.211523e-01   3.478413e-03
  3.718428e-02   1.162519e-01   3.394491e-03
  3.752386e-02   1.179888e-01   3.385771e-03
  3.786344e-02   1.230949e-01   3.416325e-03
  3.820302e-02   1.165109e-01   3.351534e-03
  3.854261e-02   1.170061e-01   3.300517e-03
  3.888219e-02   1.183927e-01   3.307583e-03
  3.922177e-02   1.133135e-01   3.241195e-03
  3.956135e-02   1.121349e-01   3.195353e-03
  3.990094e-02   1.104946e-01   3.201673e-03
  4.024052e-02   1.107253e-01   3.103321e-03
  4.058010e-02   1.127523e-01   3.222195e-03
  4.091968e-02   1.129019e-01   3.239607e-03
  4.125927e-02   1.106470e-01   3.152709e-03
  4.159885e-02   1.075346e-01   3.067573e-03
  4.193843e-02   1.063596e-01   2.979324e-03
  4.227801e-02   1.037282e-01   3.019232e-03
  4.261760e-02   1.091512e-01   3.030618e-03
  4.295718e-02   1.067459e-01   3.035962e-03
  4.329676e-02   1.011096e-01   2.912052e-03
  4.363634e-02   1.017222e-01   2.910854e-03
  4.397593e-02   9.774857e-02   2.881944e-03
  4.431551e-02   9.962066e-02   2.818060e-03
  4.465509e-02   1.010818e-01   2.875354e-03
  4.499467e-02   1.008480e-01   2.837830e-03
  4.533426e-02   9.885941e-02   2.831716e-03
  4.567384e-02   9.398595e-02   2.779613e-03
  4.601342e-02   9.705335e-02   2.706722e-03
  4.635300e-02   9.421097e-02   2.711863e-03
  4.669259e-02   9.743559e-02   2.735505e-03
  4.703217e-02   9.145940e-02   2.686364e-03
  4.737175e-02   9.420662e-02   2.695101e-03
  4.771133e-02   9.210340e-02   2.602728e-03
  4.805092e-02   8.702513e-02   2.580016e-03
  4.839050e-02   8.948827e-02   2.583916e-03
  4.873008e-02   8.682285e-02   2.555099e-03
  4.906966e-02   9.036282e-02   2.575550e-03
  4.940925e-02   9.012096e-02   2.578119e-03
  4.974883e-02   8.284040e-02   2.512755e-03
  5.008841e-02   8.818569e-02   2.504067e-03
  5.042799e-02   8.139572e-02   2.413371e-03
  5.076758e-02   8.421583e-02   2.451507e-03
  5.110716e-02   8.514163e-02   2.471179e-03
  5.144674e-02   8.303152e-02   2.469793e-03
  5.178632e-02   8.462633e-02   2.408234e-03
  5.212591e-02   8.362763e-02   2.414678e-03
  5.246549e-02   8.332079e-02   2.387399e-03
  5.280507e-02   7.931224e-02   2.355020e-03
  5.314465e-02   8.115728e-02   2.360276e-03
  5.348423e-02   8.031728e-02   2.328080e-03
  5.382382e-02   7.737775e-02   2.311688e-03
  5.416340e-02   7.589898e-02   2.266132e-03
  5.450298e-02   7.753429e-02   2.285442e-03
  5.484256e-02   7.292185e-02   2.171647e-03
  5.518215e-02   7.677889e-02   2.259177e-03
  5.552173e-02   7.020722e-02   2.158904e-03
  5.586131e-02   7.425925e-02   2.199259e-03
  5.620089e-02   6.868395e-02   2.102032e-03
  5.654048e-02   7.354413e-02   2.209693e-03
  5.688006e-02   7.377892e-02   2.237707e-03
  5.721964e-02   7.056607e-02   2.179285e-03
  5.755922e-02   6.962314e-02   2.145246e-03
  5.789881e-02   6.951183e-02   2.169028e-03
  5.823839e-02   6.632637e-02   2.080038e-03
  5.857797e-02   6.655461e-02   2.141392e-03
  5.891755e-02   6.647218e-02   2.117616e-03
  5.925714e-02   6.341990e-02   2.091700e-03
  5.959672e-02   6.130129e-02   2.082142e-03
  5.993630e-02   6.689838e-02   2.170175e-03
  6.027588e-02   6.186654e-02   2.086126e-03
  6.061547e-02   6.462275e-02   2.042366e-03
  6.095505e-02   6.351318e-02   2.070622e-03
  6.129463e-02   6.283305e-02   2.070982e-03
  6.163421e-02   5.861782e-02   1.966995e-03
  6.197380e-02   6.021220e-02   2.042060e-03
  6.231338e-02   5.607875e-02   1.926313e-03
  6.265296e-02   5.960129e-02   2.000185e-03
  6.299254e-02   5.520217e-02   1.929815e-03
  6.333213e-02   5.766074e-02   1.937014e-03
  6.367171e-02   5.710743e-02   1.986764e-03
  6.401129e-02   5.470879e-02   1.902189e-03
  6.435087e-02   5.554581e-02   1.938908e-03
  6.469046e-02   5.668700e-02   1.965933e-03
  6.503004e-02   4.973752e-02   1.818320e-03
  6.536962e-02   5.514442e-02   1.943985e-03
  6.570920e-02   5.573707e-02   1.895326e-03
  6.604879e-02   5.219030e-02   1.866652e-03
  6.638837e-02   5.132620e-02   1.868262e-03
  6.672795e-02   5.241196e-02   1.900990e-03
  6.706753e-02   4.909978e-02   1.808694e-03
  6.740712e-02   4.832761e-02   1.765379e-03
  6.774670e-02   5.461841e-02   1.884249e-03
  6.808628e-02   4.824883e-02   1.753289e-03
  6.842586e-02   4.889885e-02   1.808961e-03
  6.876544e-02   4.771255e-02   1.740104e-03
  6.910503e-02   4.681479e-02   1.733414e-03
  6.944461e-02   4.620427e-02   1.703378e-03
  6.978419e-02   4.562892e-02   1.673795e-03
  7.012377e-02   4.089701e-02   1.592543e-03
  7.046336e-02   4.534618e-02   1.632313e-03
  7.080294e-02   1.249096e-01   5.789614e-03
  7.114252e-02   4.482131e-02   1.629902e-03
  7.148210e-02   4.327114e-02   1.588192e-03
  7.182169e-02   4.041716e-02   1.523214e-03
  7.216127e-02   4.160489e-02   1.516668e-03
  7.250085e-02   3.908790e-02   1.504638e-03
  7.284043e-02   4.134996e-02   1.528402e-03
  7.318002e-02   4.045870e-02   1.529835e-03
  7.351960e-02   3.938030e-02   1.493674e-03
  7.385918e-02   4.018524e-02   1.480873e-03
  7.419876e-02   3.727409e-02   1.436370e-03
  7.453835e-02   3.783648e-02   1.446596e-03
  7.487793e-02   3.757273e-02   1.471409e-03
  7.521751e-02   3.644041e-02   1.436412e-03
  7.555709e-02   3.563097e-02   1.390724e-03
  7.589668e-02   3.732134e-02   1.423462e-03
  7.623626e-02   3.793981e-02   1.407130e-03
  7.657584e-02   3.357672e-02   1.335405e-03
  7.691542e-02   3.641766e-02   1.383028e-03
  7.725501e-02   3.594134e-02   1.358702e-03
  7.759459e-02   3.136041e-02   1.280215e-03
  7.793417e-02   3.218560e-02   1.265454e-03
  7.827375e-02   3.368959e-02   1.331639e-03
  7.861334e-02   3.140141e-02   1.276011e-03
  7.895292e-02   3.019185e-02   1.259625e-03
  7.929250e-02   3.038689e-02   1.232462e-03
  7.963208e-02   3.032847e-02   1.227876e-03
  7.997167e-02   3.115909e-02   1.266950e-03
  8.031125e-02   3.114500e-02   1.233202e-03
  8.065083e-02   3.003256e-02   1.218467e-03
  8.099041e-02   2.855876e-02   1.189000e-03
  8.133000e-02   2.959079e-02   1.206163e-03
  8.166958e-02   2.775064e-02   1.188877e-03
  8.200916e-02   2.592235e-02   1.130037e-03
  8.234874e-02   2.771346e-02   1.167803e-03
  8.268833e-02   2.571106e-02   1.126813e-03
  8.302791e-02   2.631520e-02   1.129772e-03
  8.336749e-02   2.663188e-02   1.123406e-03
  8.370707e-02   2.457299e-02   1.059407e-03
  8.404665e-02   2.500338e-02   1.090930e-03
  8.438624e-02   2.659401e-02   1.110965e-03
  8.472582e-02   2.462006e-02   1.058525e-03
  8.506540e-02   2.478971e-02   1.084223e-03
  8.540498e-02   2.395461e-02   1.071840e-03
  8.574457e-02   2.258639e-02   1.051614e-03
  8.608415e-02   2.324767e-02   1.053877e-03
  8.642373e-02   2.136752e-02   1.019095e-03
  8.676331e-02   2.232621e-02   1.031754e-03
  8.710290e-02   2.057278e-02   9.818834e-04
  8.744248e-02   2.139658e-02   1.011619e-03
  8.778206e-02   2.017850e-02   9.484668e-04
  8.812164e-02   1.928754e-02   9.659405e-04
  8.846123e-02   2.037662e-02   9.612750e-04
  8.880081e-02   2.190388e-02   1.004680e-03
  8.914039e-02   2.043692e-02   9.518779e-04
  8.947997e-02   1.894044e-02   9.228577e-04
  8.981956e-02   1.886866e-02   9.280812e-04
  9.015914e-02   1.735978e-02   8.691829e-04
  9.049872e-02   1.794693e-02   8.953922e-04
  9.083830e-02   1.767158e-02   8.675229e-04
  9.117789e-02   1.648125e-02   8.622991e-04
  9.151747e-02   1.769662e-02   8.708436e-04
  9.185705e-02   1.853078e-02   8.785087e-04
  9.219663e-02   1.587279e-02   8.221833e-04
  9.253622e-02   1.565575e-02   8.167676e-04
  9.287580e-02   1.535460e-02   8.120955e-04
  9.321538e-02   1.591166e-02   8.492622e-04
  9.355496e-02   1.559392e-02   8.306761e-04
  9.389455e-02   1.579107e-02   8.140883e-04
  9.423413e-02   1.548632e-02   7.874917e-04
  9.457371e-02   1.549105e-02   8.108544e-04
  9.491329e-02   1.465590e-02   7.843308e-04
  9.525288e-02   1.398640e-02   7.686817e-04
  9.559246e-02   1.440794e-02   7.838476e-04
  9.593204e-02   1.262337e-02   7.282661e-04
  9.627162e-02   1.347347e-02   7.407520e-04
  9.661121e-02   1.252836e-02   7.264457e-04
  9.695079e-02   1.319404e-02   7.709718e-04
  9.729037e-02   1.155039e-02   7.114928e-04
  9.762995e-02   1.299563e-02   7.294427e-04
  9.796954e-02   1.295732e-02   7.279225e-04
  9.830912e-02   1.228589e-02   7.018705e-04
  9.864870e-02   1.179681e-02   7.088531e-04
  9.898828e-02   1.256519e-02   7.226250e-04
  9.932786e-02   1.254611e-02   6.971147e-04
  9.966745e-02   1.075837e-02   6.756132e-04
  1.000070e-01   1.160433e-02   6.969884e-04
  1.003466e-01   1.192910e-02   6.836519e-04
  1.006862e-01   1.097516e-02   6.554776e-04
  1.010258e-01   1.180387e-02   6.831590e-04
  1.013654e-01   1.095538e-02   7.030442e-04
  1.017049e-01   1.024832e-02   6.412616e-04
  1.020445e-01   1.054673e-02   6.465356e-04
  1.023841e-01   9.584254e-03   6.096514e-04
  1.027237e-01   1.078205e-02   6.544362e-04
  1.030633e-01   9.665588e-03   6.439625e-04
  1.034029e-01   9.290203e-03   6.425804e-04
  1.037424e-01   1.059151e-02   6.478604e-04
  1.040820e-01   8.532408e-03   5.794707e-04
  1.044216e-01   9.190155e-03   5.874301e-04
  1.047612e-01   8.672100e-03   5.970990e-04
  1.051008e-01   8.526198e-03   5.724939e-04
  1.054403e-01   8.544171e-03   5.559192e-04
  1.057799e-01   8.363690e-03   5.613360e-04
  1.061195e-01   8.469329e-03   5.531022e-04
  1.064591e-01   9.226949e-03   5.857514e-04
  1.067987e-01   7.413939e-03   5.441134e-04
  1.071383e-01   8.982989e-03   5.849628e-04
  1.074778e-01   7.304544e-03   5.314953e-04
  1.078174e-01   6.957995e-03   5.607680e-04
  1.081570e-01   5.970593e-03   4.894341e-04
  1.084966e-01   6.926761e-03   5.317886e-04
  1.088362e-01   6.068838e-03   5.151320e-04
  1.091758e-01   6.960307e-03   5.277914e-04
  1.095153e-01   6.474487e-03   5.013916e-04
  1.098549e-01   6.169122e-03   4.741716e-04
  1.101945e-01   6.926581e-03   5.192988e-04
  1.105341e-01   7.232265e-03   5.105046e-04
  1.108737e-01   6.448310e-03   4.960044e-04
  1.112133e-01   6.027107e-03   4.875720e-04
  1.115528e-01   6.866192e-03   5.105811e-04
  1.118924e-01   5.496914e-03   4.731513e-04
  1.122320e-01   5.533323e-03   4.726567e-04
  1.125716e-01   5.394163e-03   4.759898e-04
  1.129112e-01   5.509964e-03   5.006802e-04
  1.132507e-01   5.884762e-03   4.947486e-04
  1.135903e-01   5.211688e-03   4.667014e-04
  1.139299e-01   5.547931e-03   4.799671e-04
  1.142695e-01   5.705742e-03   4.952115e-04
  1.146091e-01   5.269818e-03   4.236586e-04
  1.149487e-01   5.489595e-03   4.320028e-04
  1.152882e-01   5.042771e-03   4.317422e-04
  1.156278e-01   5.509452e-03   4.449202e-04
  1.159674e-01   5.201553e-03   4.880910e-04
  1.163070e-01   5.044275e-03   4.178254e-04
  1.166466e-01   5.228568e-03   4.634522e-04
  1.169862e-01   5.105803e-03   4.395795e-04
  1.173257e-01   3.752604e-03   4.147047e-04
  1.176653e-01   4.168615e-03   4.113952e-04
  1.180049e-01   4.398872e-03   4.192043e-04
  1.183445e-01   3.977877e-03   4.176767e-04
  1.186841e-01   3.580888e-03   4.464642e-04
  1.190236e-01   3.427571e-03   4.045552e-04
  1.193632e-01   3.702479e-03   4.072634e-04
  1.197028e-01   3.600017e-03   3.762146e-04
  1.200424e-01   3.265282e-03   3.988347e-04
  1.203820e-01   3.207227e-03   3.564882e-04
  1.207216e-01   4.089761e-03   4.187897e-04
  1.210611e-01   3.532425e-03   3.919400e-04
  1.214007e-01   3.064664e-03   3.983905e-04
  1.217403e-01   3.127591e-03   3.906075e-04
  1.220799e-01   3.701372e-03   4.036704e-04
  1.224195e-01   3.446630e-03   3.775719e-04
  1.227591e-01   3.332387e-03   3.944354e-04
  1.230986e-01   3.094428e-03   3.849145e-04
  1.234382e-01   3.524875e-03   4.042010e-04
  1.237778e-01   3.640645e-03   3.906298e-04
  1.241174e-01   3.287295e-03   3.963142e-04
  1.244570e-01   3.843143e-03   3.915199e-04
  1.247965e-01   2.111082e-03   3.669337e-04
  1.251361e-01   2.785779e-03   3.618119e-04
  1.254757e-01   3.186771e-03   3.677516e-04
  1.258153e-01   2.600376e-03   3.326484e-04
  1.261549e-01   2.639425e-03   3.429998e-04
  1.264945e-01   2.369195e-03   3.189654e-04
  1.268340e-01   2.297008e-03   3.552478e-04
  1.271736e-01   2.477065e-03   3.954622e-04
  1.275132e-01   1.444302e-03   4.606696e-04
  1.278528e-01   2.435630e-03   4.236165e-04
  1.281924e-01   2.857283e-03   3.840422e-04
  1.285320e-01   2.365601e-03   3.561958e-04
  1.288715e-01   2.592880e-03   3.937156e-04
  1.292111e-01   2.103342e-03   3.557665e-04
  1.295507e-01   2.296708e-03   3.613000e-04
  1.298903e-01   2.912467e-03   3.571537e-04
  1.302299e-01   2.506118e-03   3.515561e-04
  1.305694e-01   2.167979e-03   3.305222e-04
  1.309090e-01   2.535144e-03   3.420656e-04
  1.312486e-01   2.235231e-03   3.024328e-04
  1.315882e-01   2.072896e-03   3.242186e-04
  1.319278e-01   2.368915e-03   2.916556e-04
  1.322674e-01   2.131071e-03   3.270899e-04
  1.326069e-01   2.531932e-03   3.125821e-04
  1.329465e-01   2.219914e-03   3.270190e-04
  1.332861e-01   2.120327e-03   3.299396e-04
  1.336257e-01   1.494097e-03   3.621038e-04
  1.339653e-01   2.051304e-03   3.975749e-04
  1.343049e-01   2.209789e-03   3.169501e-04
  1.346444e-01   1.451992e-03   2.868183e-04
  1.349840e-01   1.574879e-03   3.036668e-04
  1.353236e-01   2.057173e-03   3.119967e-04
  1.356632e-01   1.522308e-03   3.176977e-04
  1.360028e-01   1.730063e-03   3.294859e-04
  1.363424e-01   1.667919e-03   2.846930e-04
  1.366819e-01   1.730148e-03   2.792936e-04
  1.370215e-01   1.807105e-03   2.916741e-04
  1.373611e-01   1.639041e-03   3.093084e-04
  1.377007e-01   1.575678e-03   3.003011e-04
  1.380403e-01   1.520751e-03   2.728376e-04
  1.383798e-01   1.410246e-03   2.829475e-04
  1.387194e-01   1.202436e-03   2.162946e-04
  1.390590e-01   1.231395e-03   3.134399e-04
  1.393986e-01   1.423922e-03   3.026494e-04
  1.397382e-01   1.278388e-03   2.753288e-04
  1.400778e-01   1.424225e-03   3.101530e-04
  1.404173e-01   1.092003e-03   3.161666e-04
  1.407569e-01   1.438085e-03   2.903131e-04
  1.410965e-01   1.014127e-03   2.478273e-04
  1.414361e-01   1.428110e-03   2.941662e-04
  1.417757e-01   1.394747e-03   2.432968e-04
  1.421153e-01   1.249343e-03   2.452254e-04
  1.424548e-01   1.351263e-03   2.679437e-04
  1.427944e-01   1.475383e-03   2.895105e-04
  1.431340e-01   1.451095e-03   2.591175e-04
  1.434736e-01   1.778874e-03   2.774111e-04
  1.438132e-01   1.477558e-03   2.442520e-04
  1.441527e-01   1.106233e-03   2.289674e-04
  1.444923e-01   1.039367e-03   2.320019e-04
  1.448319e-01   1.343385e-03   2.445453e-04
  1.451715e-01   1.674223e-03   2.241894e-04
  1.455111e-01   1.221822e-03   2.310518e-04
  1.458507e-01   2.019310e-03   2.775388e-04
  1.461902e-01   1.718675e-03   2.758628e-04
  1.465298e-01   1.555259e-03   2.944815e-04
  1.468694e-01   1.019130e-03   2.930386e-04
  1.472090e-01   1.092063e-03   2.701672e-04
  1.475486e-01   1.613078e-03   2.765110e-04
  1.478882e-01   9.765162e-04   2.851853e-04
  1.482277e-01   9.492869e-04   2.618357e-04
  1.485673e-01   1.108895e-03   2.605473e-04
  1.489069e-01   1.038667e-03   2.544009e-04
  1.492465e-01   1.126408e-03   2.415613e-04
  1.495861e-01   1.089863e-03   2.108547e-04
  1.499256e-01   1.226037e-03   2.609330e-04
  1.502652e-01   1.298478e-03   2.461186e-04
  1.506048e-01   1.799680e-03   2.350382e-04
  1.509444e-01   1.389207e-03   2.666736e-04
  1.512840e-01   1.252782e-03   2.455330e-04
  1.516236e-01   1.018451e-03   2.190809e-04
  1.519631e-01   9.628539e-04   2.794807e-04
  1.523027e-01   1.134828e-03   3.094433e-04
  1.526423e-01   7.634718e-04   2.538003e-04
  1.529819e-01   1.126875e-03   2.537472e-04
  1.533215e-01   8.215641e-04   2.932609e-04
  1.536611e-01   6.728700e-04   3.047345e-04
  1.540006e-01   1.160467e-03   2.687662e-04
  1.543402e-01   1.031425e-03   2.573049e-04
  1.546798e-01   1.032438e-03   2.728745e-04
  1.550194e-01   7.943558e-04   2.461860e-04
  1.553590e-01   1.299491e-03   2.474835e-04
  1.556986e-01   1.176095e-03   2.414958e-04
  1.560381e-01   9.413300e-04   2.061062e-04
  1.563777e-01   9.851984e-04   2.660734e-04
  1.567173e-01   1.087343e-03   2.317856e-04
  1.570569e-01   1.128772e-03   2.252182e-04
  1.573965e-01   1.179267e-03   2.039146e-04
  1.577360e-01   1.130172e-03   1.935946e-04
  1.580756e-01   8.769870e-04   1.964514e-04
  1.584152e-01   8.758005e-04   2.520432e-04
  1.587548e-01   5.714838e-04   2.277026e-04
  1.590944e-01   8.720940e-04   1.886112e-04
  1.594340e-01   7.124784e-04   1.956715e-04
  1.597735e-01   8.703491e-04   1.806971e-04
  1.601131e-01   1.444094e-03   2.062676e-04
  1.604527e-01   1.191188e-03   2.123794e-04
  1.607923e-01   1.052767e-03   2.217689e-04
  1.611319e-01   6.680097e-04   2.046430e-04
  1.614715e-01   8.925976e-04   2.334885e-04
  1.618110e-01   6.932812e-04   2.264520e-04
  1.621506e-01   6.526753e-04   2.105450e-04
  1.624902e-01   6.352529e-04   2.168302e-04
  1.628298e-01   5.855804e-04   2.081348e-04
  1.631694e-01   1.129415e-03   2.241134e-04
  1.635089e-01   8.152068e-04   2.145205e-04
  1.638485e-01   8.398187e-04   2.359275e-04
  1.641881e-01   1.086166e-03   2.105648e-04
  1.645277e-01   9.305357e-04   1.932807e-04
  1.648673e-01   7.843218e-04   1.960047e-04
  1.652069e-01   7.328710e-04   1.988819e-04
  1.655464e-01   9.988530e-04   1.726441e-04
  1.658860e-01   9.960400e-04   2.182477e-04
  1.662256e-01   8.048473e-04   2.014234e-04
  1.665652e-01   8.350855e-04   2.064623e-04
  1.669048e-01   9.690811e-04   1.990028e-04
  1.672444e-01   1.158981e-03   2.060881e-04
  1.675839e-01   8.215098e-04   2.124128e-04
  1.679235e-01   8.038469e-04   2.368633e-04
  1.682631e-01   8.827534e-04   2.107961e-04
  1.686027e-01   1.189179e-03   2.181878e-04
  1.689423e-01   7.594343e-04   1.759889e-04
  1.692818e-01   9.791259e-04   1.873184e-04
  1.696214e-01   1.024960e-03   2.321474e-04
  1.699610e-01   8.882618e-04   2.245457e-04
  1.703006e-01   5.904241e-04   1.948861e-04
  1.706402e-01   4.105219e-04   2.226223e-04
  1.709798e-01   9.021348e-04   2.031558e-04
  1.713193e-01   7.788119e-04   1.951361e-04
  1.716589e-01   9.063299e-04   2.156950e-04
  1.719985e-01   6.504729e-04   2.186633e-04
  1.723381e-01   3.715843e-04   2.050445e-04
  1.726777e-01   6.430748e-04   2.015197e-04
  1.730173e-01   3.061877e-04   2.140257e-04
  1.733568e-01   8.555683e-04   2.067534e-04
  1.736964e-01   6.780031e-04   2.231208e-04
  1.740360e-01   5.936710e-04   2.331401e-04
  1.743756e-01   4.224192e-04   2.146436e-04
  1.747152e-01   5.991737e-04   2.393382e-04
  1.750547e-01   3.856393e-04   2.437182e-04
  1.753943e-01   2.277204e-04   2.497793e-04
  1.757339e-01   4.719629e-04   2.558148e-04
  1.760735e-01   2.130296e-04   2.464522e-04
  1.764131e-01   5.650881e-04   2.124005e-04
  1.767527e-01   8.355550e-04   2.377485e-04
  1.770922e-01   4.526589e-04   2.341302e-04
  1.774318e-01   6.910001e-04   2.378129e-04
  1.777714e-01   8.777306e-04   2.181159e-04
  1.781110e-01   5.237849e-04   2.322005e-04
  1.784506e-01   5.949581e-04   1.815063e-04
  1.787902e-01   7.334532e-04   2.043799e-04
  1.791297e-01   1.025332e-03   2.415877e-04
  1.794693e-01   8.907767e-04   2.345758e-04
  1.798089e-01   5.789903e-04   2.293871e-04
  1.801485e-01   2.340170e-04   2.311610e-04
  1.804881e-01  -7.861500e-05   2.581684e-04
  1.808277e-01   4.757910e-04   2.535773e-04
  1.811672e-01   4.367187e-04   2.264686e-04
  1.815068e-01   6.834896e-04   2.507084e-04
  1.818464e-01   1.979695e-04   2.359526e-04
  1.821860e-01   7.034780e-04   2.483738e-04
  1.825256e-01   4.932187e-04   2.353456e-04
  1.828651e-01   6.322040e-04   2.186473e-04
  1.832047e-01   3.751469e-04   1.990667e-04
  1.835443e-01   7.210547e-04   2.233662e-04
  1.838839e-01   6.380399e-04   2.092153e-04
  1.842235e-01   5.256639e-04   1.965358e-04
  1.845631e-01   2.417152e-04   1.760595e-04
  1.849026e-01   2.966865e-04   2.052544e-04
  1.852422e-01   1.645544e-04   2.151235e-04
  1.855818e-01   6.569998e-04   2.164439e-04
  1.859214e-01   6.726926e-04   2.087832e-04
  1.862610e-01   3.005404e-04   1.983829e-04
  1.866006e-01   2.658597e-04   2.372889e-04
  1.869401e-01   2.107634e-04   2.441792e-04
  1.872797e-01  -9.931300e-05   2.828832e-04
  1.876193e-01   2.735190e-04   2.309120e-04
  1.879589e-01   3.756700e-04   2.549976e-04
  1.882985e-01   2.923664e-04   2.451956e-04
  1.886380e-01   4.548213e-04   2.404892e-04
  1.889776e-01   4.172278e-04   2.008202e-04
  1.893172e-01   2.574300e-04   2.578623e-04
  1.896568e-01   4.009205e-04   1.951694e-04
  1.899964e-01   6.401341e-04   2.065929e-04
  1.903360e-01   5.689843e-04   2.072928e-04
  1.906755e-01   1.880226e-04   2.185903e-04
  1.910151e-01   6.134432e-04   2.031840e-04
  1.913547e-01   3.478519e-04   1.777401e-04
  1.916943e-01  -5.786580e-05   1.928208e-04
  1.920339e-01   5.553278e-04   1.952666e-04
  1.923735e-01   3.865955e-04   2.082312e-04
  1.927130e-01   3.030004e-04   2.164450e-04
  1.930526e-01   6.492532e-04   1.983514e-04
  1.933922e-01   9.387772e-04   1.990654e-04
  1.937318e-01   9.021738e-04   1.938963e-04
  1.940714e-01   5.118903e-04   1.930531e-04
  1.944109e-01   2.602283e-04   1.959749e-04
  1.947505e-01   2.555312e-04   2.026459e-04
  1.950901e-01   6.320334e-04   1.921021e-04
  1.954297e-01   4.609220e-04   1.717961e-04
  1.957693e-01   6.991804e-04   1.896759e-04
  1.961089e-01   5.661060e-04   2.159036e-04
  1.964484e-01   6.182694e-04   2.155511e-04
  1.967880e-01   2.966692e-04   1.732502e-04
  1.971276e-01   4.103486e-04   1.585335e-04
  1.974672e-01   5.202284e-04   1.912525e-04
  1.978068e-01   3.362944e-04   1.831365e-04
  1.981464e-01   1.436890e-04   1.628452e-04
  1.984859e-01   2.897035e-04   1.849416e-04
  1.988255e-01   5.175004e-04   1.800208e-04
  1.991651e-01   3.674926e-04   2.021967e-04
  1.995047e-01   5.900528e-04   1.758261e-04
  1.998443e-01   5.556333e-04   1.531650e-04
  2.001839e-01   4.117357e-04   1.428195e-04
  2.005234e-01   9.128258e-04   1.725559e-04
  2.008630e-01   8.638725e-04   1.765136e-04
  2.012026e-01   6.544277e-04   1.739131e-04
  2.015422e-01   6.761691e-04   1.563499e-04
  2.018818e-01   5.612563e-04   1.664368e-04
  2.022213e-01   4.850811e-04   1.715988e-04
  2.025609e-01   7.210074e-04   2.015369e-04
  2.029005e-01   4.988830e-04   1.587819e-04
  2.032401e-01   4.563201e-04   2.131017e-04
  2.035797e-01   3.103661e-04   2.300681e-04
  2.039193e-01   3.489184e-04   1.839609e-04
  2.042588e-01   3.256396e-04   1.814033e-04
  2.045984e-01   5.493964e-04   1.768689e-04
  2.049380e-01   2.156202e-04   1.835554e-04
  2.052776e-01   4.377558e-04   1.776294e-04
  2.056172e-01   7.499451e-04   1.808429e-04
  2.059568e-01   5.195917e-04   1.800041e-04
  2.062963e-01   5.008672e-04   1.806238e-04
  2.066359e-01   4.936587e-04   1.916758e-04
  2.069755e-01   4.571615e-04   1.736344e-04
  2.073151e-01   3.800364e-04   1.921034e-04
  2.076547e-01   2.321371e-04   1.981162e-04
  2.079942e-01   7.819670e-05   2.046688e-04
  2.083338e-01   2.780017e-04   2.141743e-04
  2.086734e-01   6.672500e-05   2.322768e-04
  2.090130e-01   5.453107e-04   1.699357e-04
  2.093526e-01   3.624176e-04   1.689327e-04
  2.096922e-01   6.368213e-04   1.887317e-04
  2.100317e-01   3.823567e-04   1.776078e-04
  2.103713e-01   3.110807e-04   2.023731e-04
  2.107109e-01   3.232343e-04   1.855571e-04
  2.110505e-01   3.999249e-04   1.415398e-04
  2.113901e-01   4.293637e-04   1.487571e-04
  2.117297e-01   2.615291e-04   1.703258e-04
  2.120692e-01   2.037450e-04   1.559677e-04
  2.124088e-01   3.369066e-04   1.461252e-04
  2.127484e-01   2.537875e-04   1.585800e-04
  2.130880e-01   6.154094e-04   1.549881e-04
  2.134276e-01   1.539033e-04   1.838300e-04
  2.137671e-01   3.926062e-04   1.725002e-04
  2.141067e-01   3.221828e-04   1.625206e-04
  2.144463e-01   3.668002e-04   1.587618e-04
  2.147859e-01   3.649089e-04   1.623508e-04
  2.151255e-01   6.619990e-05   1.677126e-04
  2.154651e-01   1.456196e-04   1.669380e-04
  2.158046e-01   3.258452e-04   1.682341e-04
  2.161442e-01   1.137666e-04   1.804227e-04
  2.164838e-01   3.849522e-04   1.688885e-04
  2.168234e-01   3.343230e-04   1.301127e-04
  2.171630e-01   2.514967e-04   1.787000e-04
  2.175026e-01   2.772762e-04   1.610466e-04
  2.178421e-01   1.559403e-04   1.560134e-04
  2.181817e-01   3.105287e-04   1.418965e-04
  2.185213e-01   4.185771e-04   1.388531e-04
  2.188609e-01   2.824389e-04   1.599072e-04
  2.192005e-01   2.906669e-04   1.457015e-04
  2.195400e-01   1.333457e-04   1.918702e-04
  2.198796e-01   3.769494e-04   1.637924e-04
  2.202192e-01   2.234058e-04   1.561138e-04
  2.205588e-01   1.380842e-04   1.449250e-04
  2.208984e-01   3.276292e-04   1.628070e-04
  2.212380e-01   2.787522e-04   1.459567e-04
  2.215775e-01  -3.122600e-05   1.704259e-04
  2.219171e-01   2.628440e-04   1.418029e-04
  2.222567e-01   3.719853e-04   1.651972e-04
  2.225963e-01   4.097140e-04   1.424610e-04
  2.229359e-01   3.549590e-04   1.552102e-04
  2.232755e-01   4.387126e-04   1.585718e-04
  2.236150e-01   4.333526e-04   1.641422e-04
  2.239546e-01   3.251087e-04   1.361795e-04
  2.242942e-01   5.548321e-04   1.465654e-04
  2.246338e-01   4.899258e-04   1.709848e-04
  2.249734e-01   2.490861e-04   1.582066e-04
  2.253130e-01   2.544358e-04   1.538071e-04
  2.256525e-01   4.585079e-04   1.425454e-04
  2.259921e-01   2.530294e-04   1.590876e-04
  2.263317e-01   2.830317e-04   1.331850e-04
  2.266713e-01   1.324446e-04   1.593909e-04
  2.270109e-01   4.408692e-04   1.494538e-04
  2.273504e-01  -2.215470e-05   1.652291e-04
  2.276900e-01  -1.062503e-04   2.061965e-04
  2.280296e-01   3.178466e-04   1.609305e-04
  2.283692e-01   2.098738e-04   1.541620e-04
  2.287088e-01   4.549117e-04   1.444467e-04
  2.290484e-01   2.136994e-04   1.508316e-04
  2.293879e-01   1.619290e-05   1.530734e-04
  2.297275e-01   3.999381e-04   1.647852e-04
  2.300671e-01   4.504259e-04   1.607534e-04
  2.304067e-01   3.850009e-04   1.458919e-04
  2.307463e-01   4.351786e-04   1.496299e-04
  2.310859e-01   2.035369e-04   1.300292e-04
  2.314254e-01   4.014704e-04   1.363906e-04
  2.317650e-01   5.323828e-04   1.499042e-04
  2.321046e-01   2.625161e-04   1.397398e-04
  2.324442e-01   2.188559e-04   1.652029e-04
  2.327838e-01   4.555417e-04   1.419166e-04
  2.331233e-01   2.848421e-04   1.284991e-04
  2.334629e-01   4.837520e-04   1.189450e-04
  2.338025e-01   5.493167e-04   1.462850e-04
  2.341421e-01   6.666356e-04   1.332847e-04
  2.344817e-01   6.865915e-04   1.471983e-04
  2.348213e-01   2.080485e-04   1.391149e-04
  2.351608e-01   2.006836e-04   1.326236e-04
  2.355004e-01  -4.970970e-05   1.707041e-04
  2.358400e-01   1.120948e-04   1.576813e-04
  2.361796e-01   5.497252e-04   1.413693e-04
  2.365192e-01   2.510095e-04   1.510787e-04
  2.368588e-01   2.747680e-04   1.841415e-04
  2.371983e-01   3.544873e-04   1.562272e-04
  2.375379e-01   1.637227e-04   1.467909e-04
  2.378775e-01   1.897401e-04   1.354901e-04
  2.382171e-01   2.993265e-04   1.395411e-04
  2.385567e-01   3.099655e-04   1.466433e-04
  2.388962e-01   2.316729e-04   1.612267e-04
  2.392358e-01   2.350167e-04   1.742393e-04
  2.395754e-01   3.442745e-04   1.917747e-04
  2.399150e-01   2.836149e-04   1.893127e-04
  2.402546e-01   3.239101e-04   1.570801e-04
  2.405942e-01   3.178356e-04   1.600042e-04
  2.409337e-01   1.861932e-04   1.751980e-04
  2.412733e-01   5.948550e-05   1.735520e-04
  2.416129e-01   2.643930e-04   1.468778e-04
  2.419525e-01   3.094053e-04   1.194691e-04
  2.422921e-01   2.672160e-04   1.595949e-04
  2.426317e-01   1.244659e-04   1.579359e-04
  2.429712e-01   3.762022e-04   1.431736e-04
  2.433108e-01   3.737897e-04   1.387028e-04
  2.436504e-01   5.160374e-04   1.468777e-04
  2.439900e-01   3.695025e-04   1.659325e-04
  2.443296e-01   3.461015e-04   1.417601e-04
  2.446692e-01   3.287888e-04   1.371028e-04
  2.450087e-01   2.374544e-04   1.430496e-04
  2.453483e-01   2.813366e-04   1.590866e-04
  2.456879e-01   2.312058e-04   1.403343e-04
  2.460275e-01   1.463592e-04   1.869121e-04
  2.463671e-01   2.602127e-04   1.369648e-04
  2.467066e-01   3.194826e-04   1.493494e-04
  2.470462e-01   1.509408e-04   1.491512e-04
  2.473858e-01   3.911021e-04   1.309757e-04
  2.477254e-01   3.128844e-04   1.389374e-04
  2.480650e-01   2.815202e-04   1.313852e-04
  2.484046e-01   4.072629e-04   1.600317e-04
  2.487441e-01   5.503486e-04   1.504278e-04
  2.490837e-01   2.929457e-04   1.360211e-04
  2.494233e-01   5.416207e-04   1.307255e-04
  2.497629e-01   8.863930e-05   1.334256e-04
  2.501025e-01   3.288204e-04   1.606132e-04
  2.504421e-01   2.026714e-04   1.509146e-04
  2.507816e-01   9.959710e-05   1.749587e-04
  2.511212e-01   2.111104e-04   1.750361e-04
  2.514608e-01   7.448937e-04   1.398328e-04
  2.518004e-01   2.460412e-04   1.281695e-04
  2.521400e-01   2.496842e-04   1.371328e-04
  2.524795e-01   2.453874e-04   1.667750e-04
  2.528191e-01   3.311741e-04   1.314106e-04
  2.531587e-01   1.697215e-04   1.621070e-04
  2.534983e-01   1.349648e-04   1.549957e-04
  2.538379e-01   3.809777e-04   1.453408e-04
  2.541775e-01   3.291700e-06   1.849452e-04
  2.545170e-01   1.006781e-04   1.463652e-04
  2.548566e-01  -1.264930e-05   1.525833e-04
  2.551962e-01   5.942190e-05   1.704614e-04
  2.555358e-01  -1.438358e-04   2.093778e-04
  2.558754e-01  -8.096260e-05   1.917902e-04
  2.562150e-01   2.650279e-04   1.578546e-04
  2.565545e-01   1.559131e-04   1.579473e-04
  2.568941e-01   1.268605e-04   1.444238e-04
  2.572337e-01   1.622313e-04   1.451531e-04
  2.575733e-01   2.527888e-04   1.469110e-04
  2.579129e-01   2.230022e-04   1.391275e-04
  2.582524e-01   7.894010e-05   1.210607e-04
  2.585920e-01   3.055733e-04   1.309044e-04
  2.589316e-01   2.397220e-05   1.465495e-04
  2.592712e-01  -7.680420e-05   1.737241e-04
  2.596108e-01   1.336011e-04   1.487917e-04
  2.599504e-01   1.137649e-04   1.585962e-04
  2.602899e-01   3.460402e-04   1.375972e-04
  2.606295e-01   2.246987e-04   1.639752e-04
  2.609691e-01   2.907112e-04   1.625900e-04
  2.613087e-01   1.134947e-04   1.556396e-04
  2.616483e-01   1.742929e-04   1.241260e-04
  2.619879e-01   3.404946e-04   1.222256e-04
  2.623274e-01   1.197080e-04   1.339795e-04
  2.626670e-01   2.242743e-04   1.121708e-04
  2.630066e-01   1.679628e-04   1.268973e-04
  2.633462e-01   2.900910e-04   1.171336e-04
  2.636858e-01   1.359240e-04   1.638876e-04
  2.640254e-01   3.543121e-04   1.350385e-04
  2.643649e-01   1.825978e-04   1.238246e-04
  2.647045e-01   2.750197e-04   1.298193e-04
  2.650441e-01   3.154993e-04   1.309270e-04
  2.653837e-01   1.023090e-04   1.547149e-04
  2.657233e-01   1.301434e-04   1.439777e-04
  2.660628e-01   2.567499e-04   1.290641e-04
  2.664024e-01   2.068453e-04   1.310765e-04
  2.667420e-01   3.985262e-04   1.100016e-04
  2.670816e-01   4.200088e-04   1.102108e-04
  2.674212e-01   1.167362e-04   1.378156e-04
  2.677608e-01   7.200300e-05   1.569090e-04
  2.681003e-01   3.425570e-05   1.703609e-04
  2.684399e-01   1.240083e-04   1.447600e-04
  2.687795e-01   2.732777e-04   1.370104e-04
  2.691191e-01   4.181913e-04   1.362715e-04
  2.694587e-01   2.809862e-04   1.437672e-04
  2.697983e-01   3.446934e-04   1.186335e-04
  2.701378e-01   3.166957e-04   1.481386e-04
  2.704774e-01   3.722567e-04   1.274148e-04
  2.708170e-01   1.817194e-04   1.558123e-04
  2.711566e-01   2.428773e-04   1.630745e-04
  2.714962e-01   3.231798e-04   1.320454e-04
  2.718357e-01   4.923777e-04   1.318275e-04
  2.721753e-01   4.086324e-04   1.197521e-04
  2.725149e-01   2.884122e-04   1.203947e-04
  2.728545e-01   3.331289e-04   1.515326e-04
  2.731941e-01   3.643560e-04   1.360891e-04
  2.735337e-01   3.341079e-04   1.271750e-04
  2.738732e-01   3.342618e-04   1.226279e-04
  2.742128e-01   2.119727e-04   1.495314e-04
  2.745524e-01   2.441169e-04   1.349495e-04
  2.748920e-01   2.416553e-04   1.283576e-04
  2.752316e-01   1.314063e-04   1.248205e-04
  2.755712e-01   2.306737e-04   1.198353e-04
  2.759107e-01  -5.475320e-05   1.210847e-04
  2.762503e-01   4.712960e-05   1.330748e-04
  2.765899e-01   5.011560e-05   1.476502e-04
  2.769295e-01   4.349770e-05   1.382301e-04
  2.772691e-01   1.608693e-04   1.060022e-04
  2.776086e-01   2.901638e-04   1.261154e-04
  2.779482e-01   1.388745e-04   1.269631e-04
  2.782878e-01   1.337214e-04   1.382720e-04
  2.786274e-01   9.600290e-05   1.397459e-04
  2.789670e-01   2.513764e-04   1.274854e-04
  2.793066e-01   1.569192e-04   1.299181e-04
  2.796461e-01   1.910989e-04   1.260984e-04
  2.799857e-01   5.116350e-05   1.261058e-04
  2.803253e-01   2.036837e-04   1.404455e-04
  2.806649e-01   1.785470e-05   1.380340e-04
  2.810045e-01   1.537399e-04   1.447759e-04
  2.813441e-01   2.311757e-04   1.188236e-04
  2.816836e-01   3.383100e-05   1.329853e-04
  2.820232e-01  -8.625820e-05   1.312464e-04
  2.823628e-01   2.356431e-04   1.269742e-04
  2.827024e-01  -1.706190e-05   1.465834e-04
  2.830420e-01   2.094971e-04   1.650731e-04
  2.833815e-01   3.733217e-04   1.002945e-04
  2.837211e-01   2.376783e-04   1.287273e-04
  2.840607e-01   1.201970e-04   1.313680e-04
  2.844003e-01   2.151272e-04   1.322613e-04
  2.847399e-01   1.757202e-04   1.080728e-04
  2.850795e-01   2.599726e-04   1.082767e-04
  2.854190e-01   1.024244e-04   1.395497e-04
  2.857586e-01   2.331405e-04   1.269425e-04
  2.860982e-01   1.332930e-04   1.525605e-04
  2.864378e-01   2.541841e-04   1.325399e-04
  2.867774e-01   3.405679e-04   1.273496e-04
  2.871170e-01   4.349180e-05   1.313377e-04
  2.874565e-01   5.855890e-05   1.405968e-04
  2.877961e-01  -5.653680e-05   1.426290e-04
  2.881357e-01  -2.340146e-04   1.805585e-04
  2.884753e-01  -2.169412e-04   1.789183e-04
  2.888149e-01   8.859910e-05   1.491014e-04
  2.891545e-01  -3.692080e-05   1.416889e-04
  2.894940e-01   2.764473e-04   1.207366e-04
  2.898336e-01   2.132650e-05   1.249219e-04
  2.901732e-01  -2.611540e-05   1.446937e-04
  2.905128e-01   5.906570e-05   1.402956e-04
  2.908524e-01   1.264660e-04   1.298866e-04
  2.911919e-01   3.959857e-04   1.414587e-04
  2.915315e-01   1.470916e-04   1.493266e-04
  2.918711e-01  -1.174640e-05   1.646109e-04
  2.922107e-01  -2.295540e-05   1.553160e-04
  2.925503e-01   5.806320e-05   1.553848e-04
  2.928899e-01  -2.368509e-04   1.794997e-04
  2.932294e-01  -2.290937e-04   1.559860e-04
  2.935690e-01  -2.480370e-05   1.424923e-04
  2.939086e-01   1.338973e-04   1.334822e-04
  2.942482e-01  -6.367910e-05   1.611020e-04
  2.945878e-01  -1.599389e-04   1.564028e-04
  2.949274e-01  -1.124052e-04   1.603799e-04
  2.952669e-01  -3.711900e-05   1.474093e-04
  2.956065e-01   1.304585e-04   1.428225e-04
  2.959461e-01   3.338611e-04   1.291212e-04
  2.962857e-01   5.483220e-05   1.220363e-04
  2.966253e-01   2.952929e-04   1.305712e-04
  2.969648e-01   4.032950e-05   1.424825e-04
  2.973044e-01  -6.729050e-05   1.318338e-04
  2.976440e-01   9.290770e-05   1.376329e-04
  2.979836e-01   4.206270e-05   1.354654e-04
  2.983232e-01   2.136946e-04   1.420045e-04
  2.986628e-01   8.540870e-05   1.393266e-04
  2.990023e-01   7.863770e-05   1.285977e-04
  2.993419e-01   1.460727e-04   1.310341e-04
  2.996815e-01   1.342073e-04   1.473243e-04
  3.000211e-01   1.363977e-04   1.714997e-04
  3.003607e-01   2.550102e-04   1.494739e-04
  3.007003e-01   2.021048e-04   1.383060e-04
  3.010398e-01   9.761760e-05   1.486164e-04
  3.013794e-01   2.708042e-04   1.325088e-04
  3.017190e-01   3.373436e-04   1.410310e-04
  3.020586e-01   3.484912e-04   1.298797e-04
  3.023982e-01   2.247774e-04   1.104091e-04
  3.027377e-01   1.492148e-04   1.147886e-04
  3.030773e-01   2.847324e-04   1.271780e-04
  3.034169e-01   9.908300e-05   1.399263e-04
  3.037565e-01   6.479270e-05   1.317356e-04
  3.040961e-01  -5.913060e-05   1.463287e-04
  3.044357e-01  -1.131730e-05   1.516573e-04
  3.047752e-01   1.460016e-04   1.320176e-04
  3.051148e-01   1.518522e-04   1.434557e-04
  3.054544e-01   1.399773e-04   1.562434e-04
range-from: 37
range-to: 900
HeaderID                            EH: 000000:000000:000000
Parent(s): /Users/andreashlarsen/Downloads/Group4_120824Afertnoon/merge_002.dat /Users/andreashlarsen/Downloads/Group4_120824Afertnoon/merge_001.dat
creator: datop
creator-version: v0.4 (r14885)
datop-operation: /Users/andreashlarsen/Downloads/Group4_120824Afertnoon/merge_002.dat SUB /Users/andreashlarsen/Downloads/Group4_120824Afertnoon/merge_001.dat
parent: /Users/andreashlarsen/Downloads/Group4_120824Afertnoon/merge_001.dat
parent: /Users/andreashlarsen/Downloads/Group4_120824Afertnoon/merge_002.dat
range-from: 1
range-from: 1
range-to: 1638
range-to: 1638
