'Name'	'SASDBP9.dat'	'SASDBP9.dat'
'Type; q:'	'I(q)'	'I(q) sd'
0.00247955	7914.18	838.221
0.00275505	8987.25	648.526
0.00303055	5847.54	486.406
0.00330606	6932.28	420.046
0.00358156	6319.08	334.726
0.00385707	6006.11	271.246
0.00413257	6855.34	253.349
0.00440807	5870.5	220.115
0.00468358	6070.6	197.602
0.00495908	5887.19	169.854
0.00523459	7222.57	156.176
0.00551009	6348.49	148.056
0.00578559	6279.67	138.106
0.0060611	5596.17	122.851
0.0063366	5919.87	121.824
0.00661211	6166.62	117.811
0.00688761	6246.9	108.738
0.00716311	5940.43	106.626
0.00743862	5833.59	103.352
0.00771412	6322.11	107.133
0.00798963	5568.17	105.771
0.00826513	5693.1	97.9762
0.00854063	6605.59	98.2994
0.00881614	6104.03	93.0753
0.00909164	5603.76	95.8496
0.00936715	5773.23	92.8537
0.00964265	5750.14	88.1441
0.00991816	5659.89	92.5179
0.0101937	5838.4	86.7883
0.0104692	5519.21	88.2934
0.0107447	5684.65	82.3959
0.0110202	5615.49	83.3058
0.0112957	5563.26	85.0427
0.0115712	5604.17	79.9845
0.0118467	5444.4	79.3809
0.0121222	5465.58	76.6989
0.0123977	5616.89	78.607
0.0126732	5529.15	79.2214
0.0129487	5586.49	76.1345
0.0132242	5376.03	74.8581
0.0134997	5394.57	73.6503
0.0137752	5303	73.4509
0.0140507	5422.84	70.3786
0.0143262	5477.17	72.425
0.0146017	5461.4	73.9688
0.0148772	5384.32	70.1737
0.0151527	5275.73	71.6329
0.0154282	5295.55	66.2593
0.0157037	5289.31	69.4794
0.0159792	5448.16	68.1126
0.0162547	5140.6	66.9339
0.0165303	5244.96	66.8124
0.0168058	5119.26	64.0706
0.0170813	5137.99	64.134
0.0173568	5001.13	63.348
0.0176323	5002.38	63.0682
0.0179078	5088.61	64.4913
0.0181833	5006.8	60.6973
0.0184588	4943.31	62.8266
0.0187343	4902.6	60.9744
0.0190098	4886.42	58.6723
0.0192853	4847.39	61.0893
0.0195608	4866.09	59.1832
0.0198363	4711.14	59.6502
0.0201118	4723.42	56.4344
0.0203873	4789.62	57.6575
0.0206628	4783.47	57.373
0.0209383	4700.1	56.3975
0.0212138	4655.93	56.2109
0.0214893	4541.88	54.9436
0.0217648	4522.26	55.8341
0.0220403	4530.02	54.7689
0.0223158	4572.12	53.7474
0.0225913	4573.99	54.7717
0.0228668	4566.1	52.6568
0.0231423	4526.27	54.3557
0.0234179	4503.07	52.7182
0.0236934	4390.06	51.6446
0.0239689	4343.19	51.7693
0.0242444	4386.56	51.5067
0.0245199	4364.24	52.5403
0.0247954	4248.15	48.7206
0.0250709	4293.99	51.0774
0.0253464	4288.2	49.8455
0.0256219	4181.07	49.3624
0.0258974	4141.76	49.0278
0.0261729	4092.49	47.9341
0.0264484	4229.94	49.5732
0.0267239	4084.86	48.2106
0.0269994	3977.89	46.5275
0.0272749	4059.82	47.8299
0.0275504	3978.39	46.1992
0.0278259	3874.44	46.9972
0.0281014	3826.63	44.6926
0.0283769	3921.08	45.8875
0.0286524	3891.43	46.5627
0.0289279	3877.43	44.7403
0.0292034	3758.38	45.2363
0.0294789	3824.52	43.7897
0.0297544	3697.97	43.9824
0.0300299	3654.67	44.1044
0.0303055	3671.85	43.4771
0.030581	3651.76	43.3217
0.0308565	3615.86	42.1172
0.031132	3669.38	43.0965
0.0314075	3565.45	42.2529
0.031683	3493.51	41.0712
0.0319585	3508.7	41.8123
0.032234	3514.73	41.9211
0.0325095	3418.85	41.0773
0.032785	3402.1	40.5228
0.0330605	3375.7	40.2903
0.033336	3363.53	40.3809
0.0336115	3295.16	40.3627
0.033887	3247.13	39.2665
0.0341625	3270.82	38.2466
0.034438	3300.14	40.0661
0.0347135	3193.98	38.2495
0.034989	3209.29	39.5705
0.0352645	3179.49	38.024
0.03554	3159.68	37.6792
0.0358155	3130.76	38.4395
0.036091	3029.71	36.9049
0.0363665	3050.98	37.6763
0.036642	2956.94	36.0399
0.0369175	2972.91	36.4266
0.0371931	2977.67	37.498
0.0374686	2910.3	35.5388
0.0377441	2909.28	36.0112
0.0380196	2889.83	35.5212
0.0382951	2847.65	35.5039
0.0385706	2843.23	35.7818
0.0388461	2804.62	34.3802
0.0391216	2770.4	35.0569
0.0393971	2766.08	34.5659
0.0396726	2768.55	34.535
0.0399481	2688.76	33.9192
0.0402236	2657.6	33.2524
0.0404991	2604.83	33.6343
0.0407746	2661.35	33.8701
0.0410501	2623.75	33.014
0.0413256	2619.9	33.0669
0.0416011	2564.39	32.7724
0.0418766	2590.91	33.3861
0.0421521	2562.6	32.3436
0.0424276	2463.31	32.6038
0.0427031	2438.09	31.8954
0.0429786	2453.62	32.8126
0.0432541	2401.21	32.49
0.0435296	2394.42	31.9187
0.0438051	2360.67	32.7739
0.0440807	2289.35	31.9311
0.0443562	2322.07	32.1426
0.0446317	2358.51	31.5728
0.0449072	2272.02	31.8239
0.0451827	2200.04	32.0953
0.0454582	2238.31	31.5045
0.0457337	2192.28	31.0482
0.0460092	2206.1	30.3748
0.0462847	2178.61	32.2063
0.0465602	2111.77	32.3358
0.0468357	2141.35	31.6156
0.0471112	2100.85	32.1727
0.0473867	2101.45	32.2368
0.0476622	2003.21	32.4658
0.0479377	2047.55	31.9797
0.0482132	2097.17	32.508
0.0484887	2021.6	32.9229
0.0487642	1969.17	32.0281
0.0490397	1984.78	32.8887
0.0493152	1934.88	31.9121
0.0495907	1886.1	32.2036
0.0498662	1939.22	32.8921
0.0501417	1869.08	31.9985
0.0504172	1880.03	32.1444
0.0506927	1862	31.9515
0.0509683	1788.52	32.6152
0.0512438	1833.66	32.3974
0.0515193	1799.26	31.7911
0.0517948	1775.78	32.3209
0.0520703	1724.98	30.1999
0.0523458	1786.29	30.5162
0.0526213	1715.24	29.5703
0.0528968	1699.31	28.9848
0.0531723	1721.37	29.403
0.0534478	1726.29	28.4107
0.0537233	1674.47	28.6377
0.0539988	1687.4	28.0449
0.0542743	1615.73	27.5493
0.0545498	1633.97	27.8528
0.0548253	1640.84	27.395
0.0551008	1635.99	27.6843
0.0553763	1591.55	26.6539
0.0556518	1537.57	26.9411
0.0559273	1604.54	27.1791
0.0562028	1518.32	25.9511
0.0564783	1473.03	26.2693
0.0567538	1520.64	25.6934
0.0570293	1532.27	26.4365
0.0573048	1507.2	25.8317
0.0575803	1442.9	25.3774
0.0578559	1464.98	25.6109
0.0581314	1452.99	25.3229
0.0584069	1436.05	24.9626
0.0586824	1461.11	25.1019
0.0589579	1399.43	24.8233
0.0592334	1406.63	24.8361
0.0595089	1424.98	24.9666
0.0597844	1376.18	24.3104
0.0600599	1398.04	24.3249
0.0603354	1313.47	24.1201
0.0606109	1343.51	24.1281
0.0608864	1352.39	23.9282
0.0611619	1306.75	23.6062
0.0614374	1295.66	23.4346
0.0617129	1302.37	23.8506
0.0619884	1278.55	23.2717
0.0622639	1262.98	23.4083
0.0625394	1270.82	23.1172
0.0628149	1222.41	22.998
0.0630904	1226.25	22.5526
0.0633659	1247.98	22.3981
0.0636414	1250.92	23.0795
0.0639169	1222.4	22.5721
0.0641924	1216.89	22.4961
0.0644679	1169.85	21.9329
0.0647435	1147.95	21.6763
0.065019	1166.86	22.1381
0.0652945	1140.5	21.7883
0.06557	1120.88	21.3632
0.0658455	1152.55	21.9322
0.066121	1143.92	21.472
0.0663965	1132.31	21.721
0.066672	1117.41	21.1365
0.0669475	1086.81	20.9394
0.067223	1119.2	21.4117
0.0674985	1089.97	21.1208
0.067774	1049.91	21.1624
0.0680495	1072.78	20.7261
0.068325	1053.54	20.908
0.0686005	1026.27	21.0808
0.068876	1024.84	20.8075
0.0691515	1037.8	20.6926
0.069427	1016.04	20.7396
0.0697025	1040.61	20.5607
0.069978	1004.23	20.4557
0.0702535	1019.1	20.2537
0.070529	998.138	20.1602
0.0708045	932.976	20.1456
0.07108	988.719	20.1926
0.0713555	987.048	20.1066
0.0716311	980.087	19.9572
0.0719066	914.072	19.7021
0.0721821	935.53	19.7282
0.0724576	944.888	19.7106
0.0727331	924.977	19.6743
0.0730086	897.33	19.522
0.0732841	884.186	19.1198
0.0735596	905.005	19.4254
0.0738351	856.231	19.0991
0.0741106	911.204	19.2382
0.0743861	900.616	19.3871
0.0746616	873.566	19.1285
0.0749371	869.044	18.8979
0.0752126	911.182	19.0016
0.0754881	870.737	19.0209
0.0757636	875.591	19.0602
0.0760391	836.725	18.4742
0.0763146	855.556	18.8305
0.0765901	847.038	18.5882
0.0768656	819.527	18.5147
0.0771411	815.124	18.4758
0.0774166	831.881	18.3583
0.0776921	841.058	18.6192
0.0779676	828.638	18.4316
0.0782432	804.284	18.2359
0.0785187	809.472	18.0046
0.0787942	779.481	18.0512
0.0790697	764.809	18.1462
0.0793452	774.167	17.9149
0.0796207	791.845	18.0259
0.0798962	757.034	17.7577
0.0801717	795.388	17.7224
0.0804472	746.268	18.1036
0.0807227	767.14	17.393
0.0809982	743.384	17.621
0.0812737	715.471	17.4861
0.0815492	726.111	17.5809
0.0818247	738.195	17.308
0.0821002	747.093	17.3571
0.0823757	720.306	17.5963
0.0826512	703.266	17.2755
0.0829267	725.592	17.3121
0.0832022	718.231	17.1928
0.0834777	713.255	16.9418
0.0837532	698.553	17.2793
0.0840287	684.334	17.0195
0.0843042	692.605	16.8194
0.0845797	698.761	17.0518
0.0848552	695.342	16.8662
0.0851308	675.83	17.0068
0.0854063	658.327	16.3813
0.0856818	647.815	16.7539
0.0859573	676.536	16.6841
0.0862328	673.676	16.8412
0.0865083	633.569	16.4795
0.0867838	659.737	16.3912
0.0870593	614.196	16.4124
0.0873348	649.375	16.491
0.0876103	626.099	16.3397
0.0878858	634.469	16.2584
0.0881613	631.887	16.3571
0.0884368	616.621	16.3798
0.0887123	647.625	16.2304
0.0889878	592.126	15.9388
0.0892633	592.133	16.0287
0.0895388	616.768	16.2377
0.0898143	630.729	16.0294
0.0900898	594.25	15.7795
0.0903653	611.007	15.859
0.0906408	614.044	15.8701
0.0909163	609.788	16.0542
0.0911918	596.106	15.8076
0.0914673	598.741	16.3381
0.0917428	575.753	16.3277
0.0920184	584.012	15.9737
0.0922939	590.7	16.4152
0.0925694	591.753	16.3252
0.0928449	595.568	16.5253
0.0931204	548.558	16.4621
0.0933959	561.654	15.9545
0.0936714	550.845	16.2889
0.0939469	577.714	16.2305
0.0942224	559.099	16.3965
0.0944979	578.274	16.093
0.0947734	546.483	15.5135
0.0950489	534.505	15.83
0.0953244	558.091	15.523
0.0955999	540.849	15.688
0.0958754	553.412	15.5848
0.0961509	535.559	15.4545
0.0964264	544.881	15.6603
0.0967019	533.908	15.2968
0.0969774	523.929	15.3003
0.0972529	564.995	15.3684
0.0975284	542.444	15.228
0.0978039	526.069	15.283
0.0980794	520.311	14.95
0.0983549	532.413	15.3207
0.0986304	541.999	15.0211
0.098906	522.021	15.1819
0.0991815	539.188	15.2182
0.099457	500.238	14.7602
0.0997325	488.913	15.0157
0.100008	483.666	14.7147
0.100283	480.789	14.8861
0.100559	495.289	14.6847
0.100834	481.421	14.6524
0.10111	492.898	14.7087
0.101385	497.579	14.7232
0.101661	474.64	14.6507
0.101936	480.919	14.5584
0.102212	471.875	14.5784
0.102488	494.139	14.5984
0.102763	471.385	14.5109
0.103039	462.803	14.3755
0.103314	456.414	14.1815
0.10359	467.244	14.3809
0.103865	468.778	14.2771
0.104141	457.455	14.1318
0.104416	447.411	14.1791
0.104692	450.213	14.385
0.104967	432.87	14.6923
0.105243	434.889	14.5254
0.105518	460.739	14.7481
0.105794	426.784	14.817
0.106069	449.776	14.9474
0.106345	442.511	15.164
0.10662	419.158	14.8104
0.106896	426.893	15.2364
0.107171	454.337	15.1676
0.107447	421.56	15.1479
0.107722	437.538	15.3826
0.107998	434.903	15.1851
0.108273	433.018	15.4628
0.108549	406.666	15.167
0.108824	422.818	15.1864
0.1091	411.664	15.4633
0.109375	420.077	15.3039
0.109651	431.232	15.6744
0.109926	386.642	15.1265
0.110202	374.3	15.3538
0.110477	414.946	15.092
0.110753	412.094	14.7666
0.111028	390.292	14.8394
0.111304	393.27	14.4665
0.111579	410.328	14.6637
0.111855	388.18	14.3951
0.11213	382.891	14.2105
0.112406	392.716	14.49
0.112681	370.278	14.0655
0.112957	381.304	14.319
0.113232	396.949	14.1631
0.113508	376.308	13.9509
0.113783	375.185	13.9735
0.114059	367.914	13.8982
0.114334	373.136	13.92
0.11461	375.731	13.6908
0.114885	363.646	13.7877
0.115161	346.756	13.7077
0.115436	357.181	13.703
0.115712	366.335	13.6089
0.115987	368.852	13.6725
0.116263	388.744	13.6837
0.116538	370.786	13.528
0.116814	343.584	13.503
0.117089	362.498	13.5001
0.117365	349.754	13.3819
0.11764	366.062	13.4696
0.117916	383.211	13.44
0.118191	319.67	13.2592
0.118467	365.672	13.4634
0.118742	334.067	13.3707
0.119018	337.476	13.2865
0.119293	342.835	13.096
0.119569	332.579	13.2516
0.119844	338.526	13.1614
0.12012	346.392	13.2913
0.120395	360.598	13.2666
0.120671	349.973	13.1087
0.120946	341.822	13.1609
0.121222	327.657	12.915
0.121497	352.612	13.2001
0.121773	287.579	12.872
0.122048	332.711	13.0045
0.122324	355.871	13.2183
0.122599	327.178	12.7956
0.122875	311.154	12.8839
0.12315	317.419	12.7671
0.123426	315.605	12.7972
0.123701	309.955	12.9984
0.123977	315.093	12.5097
0.124252	313.52	12.7304
0.124528	284.318	12.6114
0.124803	320.781	12.8014
0.125079	296.74	12.6719
0.125354	312.509	12.6274
0.12563	294.543	12.6712
0.125905	297.428	12.4584
0.126181	300.063	12.521
0.126456	312.229	12.5991
0.126732	298.212	12.5392
0.127007	308.681	12.6826
0.127283	286.709	12.3485
0.127558	291.827	12.5246
0.127834	295.434	12.3478
0.128109	293.618	12.4493
0.128385	283.498	12.4037
0.12866	283.974	12.2306
0.128936	301.125	12.5034
0.129211	301.546	12.3835
0.129487	290.811	12.2783
0.129762	282.955	12.1973
0.130038	281.173	12.1763
0.130313	246.388	12.1968
0.130589	285.886	12.2928
0.130864	254.871	11.9364
0.13114	272.433	12.1147
0.131415	260.834	12.16
0.131691	263.876	12.1582
0.131966	272.036	11.9832
0.132242	269.461	12.0696
0.132517	266.763	12.0157
0.132793	272.553	12.0401
0.133068	248.449	11.8952
0.133344	256.811	11.8801
0.133619	234.751	11.9747
0.133895	257.383	11.8231
0.13417	239.156	11.9633
0.134446	244.735	11.6265
0.134721	244.339	11.7889
0.134997	246.306	11.9313
0.135272	232.705	11.7744
0.135548	244.815	11.8598
0.135823	232.041	11.6567
0.136099	252.298	11.7544
0.136374	252.289	11.8475
0.13665	225.895	11.4286
0.136926	236.757	11.8187
0.137201	213.765	11.4406
0.137477	239.793	11.71
0.137752	228.27	11.56
0.138028	215.207	11.4389
0.138303	215.981	11.653
0.138579	224.513	11.5272
0.138854	212.722	11.5572
0.13913	237.945	11.4772
0.139405	237.328	11.4771
0.139681	223.338	11.5528
0.139956	204.358	11.2636
0.140232	220.518	11.4359
0.140507	229.54	11.4446
0.140783	226.242	11.4366
0.141058	218.583	11.3631
0.141334	217.388	11.2717
0.141609	211.59	11.3293
0.141885	224.858	11.3611
0.14216	224.29	11.4327
0.142436	197.456	11.1954
0.142711	206.839	11.2311
0.142987	198.605	11.2762
0.143262	191.506	11.1594
0.143538	197.167	11.2377
0.143813	201.842	11.1128
0.144089	201.459	11.322
0.144364	199.277	11.1583
0.14464	209.454	11.2677
0.144915	200.884	11.147
0.145191	218.042	11.2595
0.145466	194.892	11.1927
0.145742	185.665	11.0809
0.146017	191.253	11.1541
0.146293	203.065	11.143
0.146568	174.405	11.0318
0.146844	201.604	11.2411
0.147119	214.606	11.1129
0.147395	195.591	11.1411
0.14767	197.144	11.1066
0.147946	176.504	10.9489
0.148221	196.18	11.2057
0.148497	202.524	10.9374
0.148772	199.086	11.127
0.149048	192.807	11.0344
0.149323	173.157	11.0541
0.149599	167.372	10.8627
0.149874	182.259	10.9676
0.15015	177.211	10.9688
0.150425	182.69	10.9207
0.150701	171.117	10.8132
0.150976	176.267	10.9246
0.151252	173.147	10.9133
0.151527	176.557	10.8927
0.151803	170.837	10.8111
0.152078	192.538	10.8451
0.152354	169.266	10.9059
0.152629	184.64	10.7994
0.152905	176.088	10.8704
0.15318	156.34	10.6554
0.153456	180.217	10.8532
0.153731	178.465	10.8399
0.154007	169.499	10.797
0.154282	172.336	10.8064
0.154558	166.829	10.6478
0.154833	151.87	10.7316
0.155109	150.868	10.6979
0.155384	180.077	10.6834
0.15566	178.768	10.8086
0.155935	154.577	10.6316
0.156211	164.594	10.6955
0.156486	173.08	10.7283
0.156762	167.833	10.6137
0.157037	153.558	10.5568
0.157313	154.599	10.7289
0.157588	154.294	10.5619
0.157864	165.657	10.6696
0.158139	167.498	10.6441
0.158415	165.783	10.6344
0.15869	138.094	10.573
0.158966	138.298	10.4404
0.159241	159.396	10.5495
0.159517	134.357	10.461
0.159792	147.754	10.4842
0.160068	142.057	10.4627
0.160343	130.79	10.4345
0.160619	127.924	10.447
0.160894	142.123	10.5482
0.16117	137.781	10.3856
0.161445	150.081	10.5155
0.161721	148.905	10.3681
0.161996	151.725	10.5311
0.162272	158.286	10.4711
0.162547	143.098	10.3175
0.162823	131.547	10.4835
0.163098	148.979	10.6202
0.163374	135.084	10.6951
0.163649	132.809	10.6248
0.163925	148.253	10.8718
0.1642	117.661	10.9254
0.164476	130.199	10.8524
0.164751	134.658	10.8245
0.165027	135.764	11.0272
0.165302	151.404	11.0681
0.165578	140.425	11.2037
0.165853	124.224	10.7857
0.166129	134.286	11.1951
0.166404	111.439	11.0707
0.16668	155.962	11.2385
0.166955	128.189	11.2356
0.167231	128.743	11.0768
0.167506	132.536	11.2787
0.167782	127.043	11.2539
0.168057	137.909	11.4242
0.168333	118.86	10.9905
0.168608	132.923	11.2976
0.168884	115.606	11.0696
0.169159	138.31	10.993
0.169435	109.51	10.7912
0.16971	128.168	10.8201
0.169986	124.055	10.7752
0.170261	120.168	10.7206
0.170537	124.152	10.635
0.170812	131.27	10.7606
0.171088	115.634	10.6189
0.171364	132.267	10.7385
0.171639	122.744	10.5336
0.171915	123.766	10.5465
0.17219	107.986	10.6027
0.172466	102.226	10.4146
0.172741	126.395	10.548
0.173017	127.45	10.5114
0.173292	136.706	10.5285
0.173568	112.883	10.4565
0.173843	120.907	10.4133
0.174119	107.942	10.4243
0.174394	116.571	10.4194
0.17467	107.886	10.4441
0.174945	103.459	10.4018
0.175221	117.17	10.301
0.175496	108.812	10.4114
0.175772	113.434	10.3808
0.176047	99.8764	10.376
0.176323	120.727	10.2967
0.176598	104.445	10.2784
0.176874	110.117	10.4228
0.177149	103.575	10.1744
0.177425	116.353	10.3485
0.1777	118.677	10.2219
0.177976	96.9219	10.2502
0.178251	91.6881	10.3372
0.178527	129.894	10.2401
0.178802	114.21	10.2603
0.179078	111.926	10.2229
0.179353	107.239	10.2064
0.179629	106.305	10.3041
0.179904	98.874	10.0556
0.18018	83.8876	10.2203
0.180455	114.019	10.1151
0.180731	94.3248	10.1782
0.181006	87.3588	10.0754
0.181282	109.539	10.0988
0.181557	118.226	10.2855
0.181833	110.792	10.0755
0.182108	102.448	10.0851
0.182384	98.8019	10.0839
0.182659	118.051	10.187
0.182935	95.0798	10.1268
0.18321	93.4669	10.0372
0.183486	119.743	10.085
0.183761	81.2214	9.9619
0.184037	101.434	10.0201
0.184312	103.947	10.0786
0.184588	108.161	10.0824
0.184863	97.0067	10.088
0.185139	93.3348	10.0195
0.185414	100.811	10.0184
0.18569	94.5114	9.99726
0.185965	108.423	10.0609
0.186241	101.773	10.0293
0.186516	91.2574	9.97056
0.186792	102.706	9.99032
0.187067	76.7224	9.91184
0.187343	92.1936	10.0075
0.187618	85.4624	9.92999
0.187894	83.605	10.0262
0.188169	84.5967	9.84961
0.188445	66.6652	9.86668
0.18872	96.3186	9.99434
0.188996	93.3862	9.92989
0.189271	100.897	9.97865
0.189547	77.6183	9.96538
0.189822	88.9738	9.87621
0.190098	107.242	10.057
0.190373	83.4302	9.84234
0.190649	78.3657	9.95127
0.190924	99.8288	9.98997
0.1912	72.1159	9.83955
0.191475	96.3114	10.0857
0.191751	93.5693	9.93118
0.192026	107.844	10.0598
0.192302	83.1186	9.93844
0.192577	77.2471	9.88686
0.192853	76.9588	9.96955
0.193128	90.5602	9.96215
0.193404	88.2364	10.0188
0.193679	79.9471	9.95391
0.193955	79.9295	9.8573
0.19423	83.3038	10.012
0.194506	74.4169	9.92771
0.194781	79.8702	9.99752
0.195057	87.9743	9.85034
0.195332	92.5902	9.96978
0.195608	75.576	9.96507
0.195883	80.486	9.97616
0.196159	83.2471	9.98164
0.196434	79.1733	9.87747
0.19671	83.4612	10.0154
0.196985	85.7141	9.96507
0.197261	81.845	9.89698
0.197536	88.4243	10.0347
0.197812	93.0081	9.89406
0.198087	81.955	10.0174
0.198363	83.5169	9.89728
0.198638	78.0176	9.90212
0.198914	73.3605	9.92854
0.199189	71.9324	9.8989
0.199465	83.9591	10.0059
0.19974	95.8076	9.86194
0.200016	72.4933	9.9639
0.200291	68.3852	9.85281
0.200567	71.4871	9.90227
0.200842	81.2293	9.94852
0.201118	73.0438	9.82835
0.201393	79.4871	9.95669
0.201669	87.9662	9.94106
0.201944	90.5664	9.94661
0.20222	85.1714	9.8985
0.202495	70.2114	9.819
0.202771	72.7705	9.97839
0.203046	56.0557	9.84343
0.203322	83.3938	9.89621
0.203597	70.2248	9.84894
0.203873	61.5231	9.80265
0.204148	68.6788	9.98208
0.204424	63.1852	9.76065
0.204699	64.7386	9.91249
0.204975	76.8452	9.84187
0.20525	74.1055	9.95386
0.205526	86.4891	9.98363
0.205802	69.5205	9.76597
0.206077	46.7374	9.81512
0.206353	55.5476	9.78322
0.206628	65.1641	9.81833
0.206904	71.6719	9.86052
0.207179	52.5143	9.7716
0.207455	76.2376	9.94271
0.20773	57.18	9.77077
0.208006	51.5867	9.72094
0.208281	63.151	9.81151
0.208557	44.4457	9.71756
0.208832	59.5724	9.83446
0.209108	68.594	9.66176
0.209383	84.9217	9.90575
0.209659	69.2845	9.75069
0.209934	77.0512	9.78157
0.21021	71.8995	9.84221
0.210485	73.0755	9.76808
0.210761	51.5219	9.70663
0.211036	64.8555	9.71742
0.211312	61.2521	9.70942
0.211587	61.8562	9.75621
0.211863	73.0709	9.7978
0.212138	77.0202	9.86794
0.212414	64.4114	9.73315
0.212689	65.7133	9.6934
0.212965	60.8371	9.73955
0.21324	67.8743	9.78269
0.213516	50.5893	9.73402
0.213791	66.9029	9.71043
0.214067	67.5302	9.7138
0.214342	62.0019	9.75334
0.214618	48.3002	9.74791
0.214893	77.1898	9.66469
0.215169	57.1748	9.75082
0.215444	66.5991	9.78449
0.21572	64.4626	9.70335
0.215995	76.6319	9.78027
0.216271	55.8248	9.67763
0.216546	55.7712	9.74017
0.216822	53.915	9.73672
0.217097	75.6157	9.72708
0.217373	77.2917	9.7441
0.217648	74.155	9.67641
0.217924	83.6724	9.88547
0.218199	79.3043	9.75774
0.218475	73.7017	9.69138
0.21875	59.1343	9.78195
0.219026	62.3338	9.64122
0.219301	49.1217	9.71188
0.219577	66.6052	9.59893
0.219852	55.6136	9.67168
0.220128	76.085	9.8375
0.220403	84.3212	9.66981
0.220679	74.8709	9.8077
0.220954	67.4479	9.6525
0.22123	48.4736	9.63396
0.221505	45.0686	9.93394
0.221781	61.5226	9.95551
0.222056	76.0362	10.1759
0.222332	65.0841	10.1504
0.222607	56.2745	10.1989
0.222883	73.1686	10.3334
0.223158	49.2991	10.1594
0.223434	49.4507	10.4411
0.223709	65.6636	10.3533
0.223985	58.0581	10.5066
0.22426	59.0191	10.3643
0.224536	50.9348	10.4469
0.224811	51.6512	10.6398
0.225087	58.5748	10.5454
0.225362	59.1236	10.6811
0.225638	66.1971	10.5661
0.225913	58.5455	10.7737
0.226189	79.559	10.7412
0.226464	60.7786	10.7328
0.22674	60.7571	10.7947
0.227015	51.0495	10.7558
0.227291	75.2479	10.6872
0.227566	68.9714	10.4787
0.227842	58.5193	10.3307
0.228117	59.614	10.4784
0.228393	45.165	10.2186
0.228668	59.9083	10.2918
0.228944	49.4824	10.1238
0.229219	46.7614	10.1954
0.229495	58.2657	10.1873
0.22977	56.7474	10.196
0.230046	36.4324	10.0756
0.230321	39.3638	10.0518
0.230597	68.9488	10.2228
0.230872	44.7505	10.1101
0.231148	33.7881	9.97294
0.231423	63.3479	10.1234
0.231699	49.1429	10.1236
0.231974	55.7302	10.1544
0.23225	58.6105	10.1724
0.232525	70.1026	10.1171
0.232801	51.6459	10.1423
0.233076	50.8748	10.0719
0.233352	49.0891	10.1137
0.233627	66.7067	10.1133
0.233903	66.0205	10.0686
0.234178	62.1762	10.2067
0.234454	52.8929	10.0983
0.234729	47.8767	10.0896
0.235005	57.5364	10.1356
0.23528	55.4841	10.0795
0.235556	66.7843	10.2827
0.235831	54.7431	10.0948
0.236107	54.0626	10.1657
0.236382	62.6412	10.1414
0.236658	43.0264	10.0877
0.236933	54.5936	10.1198
0.237209	61.9252	10.1308
0.237484	57.5052	10.1751
0.23776	40.4824	10.1094
0.238035	31.2724	10.1485
0.238311	52.6243	10.0718
0.238586	76.7612	10.2532
0.238862	53.4426	10.1739
0.239137	64.2305	10.2572
0.239413	55.5624	10.1163
0.239689	59.8619	10.1327
0.239964	40.9867	10.1141
0.24024	62.7202	10.1264
0.240515	56.85	10.1398
0.240791	53.32	10.1565
0.241066	53.0405	10.1926
0.241342	46.7412	10.1494
0.241617	53.1	10.0726
0.241893	66.3705	10.2544
0.242168	48.6226	10.0521
0.242444	46.2969	10.1887
0.242719	48.7321	10.1876
0.242995	41.9945	9.99174
0.24327	51.7219	10.1881
0.243546	39.7821	9.97103
0.243821	48.1817	10.1638
0.244097	60.4786	10.1749
0.244372	37.4691	9.9336
0.244648	54.1543	10.2593
0.244923	35.2131	9.96764
0.245199	57.1609	10.1434
0.245474	61.066	10.158
0.24575	48.051	10.1211
0.246025	48.6074	10.2773
0.246301	41.92	9.94889
0.246576	18.676	10.0775
0.246852	57.2076	10.1856
0.247127	66.6674	10.2045
0.247403	49.0164	10.3088
0.247678	31.0938	9.92133
0.247954	78.4117	10.3677
0.248229	52.3755	10.0653
0.248505	42.5593	10.1202
0.24878	44.0686	10.1568
0.249056	48.6674	10.1125
0.249331	37.7441	10.2217
0.249607	51.3407	10.152
0.249882	33.6321	10.0687
0.250158	50.1245	10.179
0.250433	45.9795	10.131
0.250709	35.85	10.1468
0.250984	44.126	10.0922
0.25126	49.92	10.1346
0.251535	50.4907	10.1379
0.251811	59.4129	10.1882
0.252086	54.6769	10.2149
0.252362	37.2431	9.97085
0.252637	66.8938	10.2593
0.252913	58.3533	10.1377
0.253188	38.3981	10.0433
0.253464	37.0562	10.041
0.253739	43.5781	10.1213
0.254015	28.6755	10.0843
0.25429	39.0962	10.0943
0.254566	19.0843	10.0425
0.254841	41.7781	10.0814
0.255117	46.151	10.1129
0.255392	41.655	10.0957
0.255668	42.4481	10.1403
0.255943	35.0881	10.0689
0.256219	35.3752	10.0408
0.256494	42.3043	10.1647
0.25677	41.6469	10.1023
0.257045	50.0183	10.1585
0.257321	50.3407	10.1754
0.257596	37.9569	10.0713
0.257872	29.0198	10.1448
0.258147	65.4912	10.1875
0.258423	18.2433	10.0733
0.258698	53.3483	10.2033
0.258974	44.7109	10.1104
0.259249	27.7714	10.1063
0.259525	33.9564	10.1049
0.2598	45.9083	10.2225
0.260076	30.3748	10.0507
0.260351	31.8243	10.0555
0.260627	41.6588	10.1623
0.260902	33.1224	10.1019
0.261178	48.7038	10.2472
0.261453	49.1221	10.1392
0.261729	42.2429	10.0618
0.262004	40.7645	10.1803
0.26228	37.8779	10.1487
0.262555	49.1521	10.2374
0.262831	43.0209	10.1281
0.263106	49.2505	10.1861
0.263382	40.2859	10.2273
0.263657	52.0271	10.1715
0.263933	46.6093	10.203
0.264208	42.4921	10.203
0.264484	67.9914	10.2912
0.264759	31.0012	10.1849
0.265035	54.0359	10.1213
0.26531	40.6371	10.1993
0.265586	57.5071	10.2302
0.265861	56.735	10.302
0.266137	41.0212	10.1574
0.266412	43.8502	10.1475
0.266688	47.5995	10.2675
0.266963	37.8748	10.0996
0.267239	50.3931	10.3049
0.267514	33.5612	10.1245
0.26779	37.1176	10.1529
0.268065	52.4493	10.2819
0.268341	46.124	10.2271
0.268616	49.8959	10.2046
0.268892	37.1133	10.1188
0.269167	35.2367	10.2345
0.269443	32.1576	10.1922
0.269718	35.5055	10.1882
0.269994	51.3876	10.2186
0.270269	39.7283	10.1871
0.270545	41.9867	10.2627
0.27082	49.4771	10.1761
0.271096	44.0929	10.2728
0.271371	44.3286	10.2124
0.271647	39.6336	10.2516
0.271922	44.8119	10.2868
0.272198	32.8598	10.0682
0.272473	22.6329	10.2404
0.272749	53.8433	10.2904
0.273024	49.0419	10.3424
0.2733	61.1417	10.3225
0.273575	37.5257	10.1728
0.273851	34.4033	10.2648
0.274127	36.3148	10.215
0.274402	38.324	10.2499
0.274678	44.0786	10.3444
0.274953	28.8614	10.1524
0.275229	51.5776	10.2889
0.275504	44.2309	10.1747
0.27578	52.7162	10.2888
0.276055	47.8569	10.3141
0.276331	50.1283	10.2485
0.276606	17.5121	10.2133
0.276882	31.8121	10.1275
0.277157	55.8967	10.3818
0.277433	53.2948	10.3495
0.277708	32.0883	10.1623
0.277984	43.6126	10.3193
0.278259	37.9364	10.221
0.278535	34.629	10.2958
0.27881	54.96	10.3202
0.279086	43.1043	10.2159
0.279361	55.4829	10.3471
0.279637	35.8452	10.2481
0.279912	55.6283	10.6334
0.280188	30.8721	10.6303
0.280463	42.916	10.8361
0.280739	39.4969	10.8982
0.281014	26.4048	10.9787
0.28129	52.9669	11.0938
0.281565	34.2248	11.0825
0.281841	36.1817	11.1592
0.282116	44.2886	11.2638
0.282392	31.9374	11.3307
0.282667	24.6588	11.2212
0.282943	32.505	11.332
0.283218	21.3971	11.4306
0.283494	43.4131	11.5404
0.283769	48.4064	11.5219
0.284045	50.0229	11.5884
0.28432	46.6421	11.7195
0.284596	33.7398	11.6609
0.284871	64.9338	11.7632
0.285147	31.1914	11.6969
0.285422	18.0383	11.6813
0.285698	42.681	11.4975
0.285973	39.8971	11.3538
0.286249	36.4274	11.1025
0.286524	42.9593	11.222
0.2868	27.7014	10.9848
0.287075	57.8214	11.1459
0.287351	27.8479	10.8675
0.287626	18.6293	10.8248
0.287902	37.5329	10.9128
0.288177	34.8029	10.8522
0.288453	52.3319	10.8729
0.288728	31.7762	10.7179
0.289004	42.5069	10.8494
0.289279	43.1655	10.8598
0.289555	58.5795	10.8078
0.28983	37.2481	10.8046
0.290106	13.4143	10.693
0.290381	30.6931	10.7759
0.290657	46.0086	10.7792
0.290932	34.6217	10.6391
0.291208	28.1393	10.7094
0.291483	47.4471	10.7617
0.291759	42.0776	10.7993
0.292034	26.3269	10.6631
0.29231	36.2595	10.621
0.292585	43.0529	10.7813
0.292861	44.8131	10.704
0.293136	25.5209	10.5921
0.293412	32.4214	10.7251
0.293687	23.2841	10.6272
0.293963	34.4071	10.6453
0.294238	34.6329	10.5089
0.294514	47.1081	10.6612
0.294789	35.0871	10.5794
0.295065	24.7383	10.5788
0.29534	41.4433	10.6212
0.295616	33.9907	10.4963
0.295891	47.5617	10.6627
0.296167	36.2314	10.5965
0.296442	27.3619	10.5511
0.296718	40.4788	10.5069
0.296993	24.5429	10.501
0.297269	50.2731	10.6746
0.297544	51.0114	10.5991
0.29782	48.3902	10.5572
0.298095	48.4636	10.5899
0.298371	50.9509	10.6796
0.298646	51.6095	10.6639
0.298922	40.1407	10.4963
0.299197	39.6919	10.5178
0.299473	45.761	10.6317
0.299748	28.7445	10.5666
0.300024	47.1338	10.5568
0.300299	58.1721	10.6332
0.300575	46.1771	10.6438
0.30085	33.3376	10.5439
0.301126	45.7483	10.6468
0.301401	28.4783	10.4477
0.301677	38.9679	10.5909
0.301952	22.8843	10.61
0.302228	39.3029	10.5056
0.302503	35.1559	10.5018
0.302779	21.6705	10.4521
0.303054	28	10.5526
0.30333	33.7414	10.5607
0.303605	16.956	10.4401
0.303881	35.7964	10.5618
0.304156	50.4645	10.59
0.304432	20.5548	10.5322
0.304707	45.5641	10.488
0.304983	27.7879	10.4355
0.305258	29.8729	10.6614
0.305534	25.0209	10.4505
0.305809	37.1138	10.5229
0.306085	33.1095	10.4812
0.30636	18.7402	10.4853
0.306636	30.9517	10.5857
0.306911	29.7188	10.5028
0.307187	25.7883	10.4633
0.307462	53.3493	10.5614
0.307738	26.525	10.5242
0.308013	16.3219	10.5266
0.308289	37.1657	10.4674
0.308565	32.4931	10.5592
0.30884	49.9174	10.6164
0.309116	52.7662	10.5781
0.309391	32.9052	10.47
0.309667	43.2964	10.5225
0.309942	41.2664	10.5451
0.310218	59.6481	10.6303
0.310493	31.8043	10.5037
0.310769	48.3648	10.5318
0.311044	56.7293	10.6441
0.31132	31.0852	10.4839
0.311595	30.0183	10.5239
0.311871	26.9607	10.3963
0.312146	36.8867	10.5249
0.312422	34.5091	10.5315
0.312697	21.8005	10.4629
0.312973	36.505	10.5123
0.313248	25.1817	10.4207
0.313524	46.0029	10.5178
0.313799	44.6512	10.5393
0.314075	22.36	10.4502
0.31435	42.169	10.4709
0.314626	38.7071	10.5036
0.314901	38.0457	10.5145
0.315177	38.5876	10.5317
0.315452	29.4602	10.5169
0.315728	34.501	10.4857
0.316003	19.0276	10.4054
0.316279	60.2231	10.5647
0.316554	30.7745	10.4951
0.31683	32.4912	10.4696
0.317105	28.0709	10.4965
0.317381	18.9274	10.4488
0.317656	36.1455	10.4278
0.317932	20.184	10.3969
0.318207	54.1812	10.4745
0.318483	40.0576	10.5348
0.318758	34.8812	10.4445
0.319034	34.8471	10.4313
0.319309	34.845	10.4617
0.319585	24.6441	10.4139
0.31986	17.4157	10.328
0.320136	32.1938	10.385
0.320411	26.0681	10.3964
0.320687	17.5967	10.3886
0.320962	43.6886	10.4277
0.321238	3.62762	10.2525
0.321513	15.9229	10.335
0.321789	34.566	10.3963
0.322064	44.4312	10.456
0.32234	40.3055	10.3815
0.322615	33.504	10.3945
0.322891	3.30095	10.3037
0.323166	43.1469	10.419
0.323442	43.3762	10.362
0.323717	45.6062	10.4375
0.323993	33.3412	10.4361
0.324268	39.3757	10.4353
0.324544	20.4664	10.3259
0.324819	21.7226	10.2978
0.325095	43.6374	10.4048
0.32537	28.7993	10.4211
0.325646	19.6474	10.3521
0.325921	35.3007	10.355
0.326197	52.9019	10.4382
0.326472	25.92	10.361
0.326748	34.6214	10.4484
0.327023	48.6645	10.3999
0.327299	35.3952	10.3758
0.327574	26.0062	10.4461
0.32785	18.4431	10.3453
0.328125	43.5764	10.4096
0.328401	39.9936	10.4389
0.328676	7.40833	10.3067
0.328952	32.9869	10.4718
0.329227	19.4617	10.2904
0.329503	38.6617	10.3725
0.329778	20.59	10.407
0.330054	40.3	10.4239
0.330329	38.1417	10.4523
0.330605	27.1667	10.3534
0.33088	22.6888	10.3769
0.331156	28.086	10.439
0.331431	30.9745	10.3431
0.331707	16.3619	10.2234
0.331982	33.9181	10.3873
0.332258	32.6221	10.3904
0.332533	27.671	10.4401
0.332809	21.9495	10.2169
0.333084	19.914	10.2688
0.33336	50.2869	10.4654
0.333635	14.0895	10.2828
0.333911	44.8636	10.4064
0.334186	34.9833	10.335
0.334462	26.8602	10.2671
0.334737	7.65952	10.2377
0.335013	7.3419	10.1936
0.335288	37.526	10.3525
0.335564	31.636	10.2796
0.335839	36.1345	10.3347
0.336115	33.1031	10.3573
0.33639	28.0898	10.1324
0.336666	28.1343	10.2276
0.336941	42.0219	10.3003
0.337217	29.4964	10.3543
0.337492	27.2852	10.189
0.337768	27.7855	10.2867
0.338043	30.8829	10.2344
0.338319	38.2729	10.6936
0.338594	33.1891	10.6763
0.33887	48.551	11.0047
0.339145	27.5269	10.9876
0.339421	30.6202	11.2019
0.339696	18.2855	11.0727
0.339972	30.1217	11.2491
0.340247	40.934	11.3852
0.340523	45.7988	11.5003
0.340798	33.5564	11.5988
0.341074	19.8819	11.4478
0.341349	33.0602	11.6166
0.341625	36.9686	11.7549
0.3419	41.3171	11.8667
0.342176	22.9871	11.7466
0.342451	37.7633	11.8844
0.342727	3.33024	11.857
0.343003	33.4307	12.0394
0.343278	14.1633	12.0083
0.343554	26.746	12.1005
0.343829	33.3626	12.2768
0.344105	53.0531	11.9095
0.34438	20.8564	11.5538
0.344656	24.2436	11.3754
0.344931	17.4474	11.3012
0.345207	29.7795	11.4048
0.345482	26.754	11.2771
0.345758	39.3119	11.2754
0.346033	12.3083	11.0769
0.346309	18.6464	11.2078
0.346584	40.8783	11.1951
0.34686	23.079	10.9846
0.347135	14.6948	11.1105
0.347411	39.3583	11.1414
0.347686	34.1452	11.1596
0.347962	29.9193	11.0322
0.348237	42.1188	11.0991
0.348513	48.3838	11.1327
0.348788	42.1252	11.0478
0.349064	38.4217	11.028
0.349339	26.5657	10.9218
0.349615	22.6788	10.9524
0.34989	40.7305	11.0222
0.350166	54.5002	11.0177
0.350441	46.2438	10.959
0.350717	21.671	10.8246
0.350992	26.7995	10.8983
0.351268	6.51405	10.8112
0.351543	29.0067	10.7378
0.351819	18.4583	10.821
0.352094	27.1386	10.865
0.35237	27.0526	10.8763
0.352645	31.1719	10.8044
0.352921	34.6936	10.7859
0.353196	54.7443	10.8962
0.353472	33.2062	10.7992
0.353747	22.1881	10.723
0.354023	37.4448	10.798
0.354298	6.99405	10.7111
0.354574	28.9698	10.7778
0.354849	25.434	10.7056
0.355125	23.1736	10.6772
0.3554	37.0862	10.8189
0.355676	25.331	10.7897
0.355951	24.0798	10.8276
0.356227	36.3555	10.7412
0.356502	27.3145	10.7273
0.356778	16.2774	10.6787
0.357053	48.7414	10.8925
0.357329	25.2141	10.6492
0.357604	30.4412	10.7895
0.35788	16.6824	10.732
0.358155	15.7943	10.7088
0.358431	38.4638	10.7555
0.358706	30.5069	10.7567
0.358982	26.0788	10.764
0.359257	22.734	10.6818
0.359533	14.4014	10.6623
0.359808	23.8941	10.6377
0.360084	33.9795	10.7537
0.360359	12.9367	10.7204
0.360635	19.0902	10.657
0.36091	18.9683	10.5581
0.361186	25.0448	10.7007
0.361461	26.8083	10.7335
0.361737	47.5069	10.7987
0.362012	34.1438	10.6171
0.362288	16.0483	10.5877
0.362563	40.7329	10.7362
0.362839	43.4124	10.6929
0.363114	27.5319	10.5577
0.36339	50.4436	10.6512
0.363665	29.116	10.6044
0.363941	37.0107	10.6594
0.364216	38.306	10.5989
0.364492	28.8712	10.5648
0.364767	28.0607	10.6235
0.365043	55.2188	10.6543
0.365318	32.9941	10.507
0.365594	8.7081	10.405
0.365869	11.9226	10.5136
0.366145	40.9555	10.6097
0.36642	26.0895	10.5491
0.366696	21.5529	10.5172
0.366971	22.066	10.4592
0.367247	36.1457	10.5605
0.367522	35.1467	10.5654
0.367798	6.13786	10.4068
0.368073	9.45	10.4564
0.368349	12.8736	10.4605
0.368624	27.4371	10.4884
0.3689	32.666	10.5259
0.369175	24.6907	10.4925
0.369451	20.9174	10.4953
0.369726	40.2298	10.5613
0.370002	31.0409	10.5036
0.370277	29.4633	10.4748
0.370553	30.3683	10.4821
0.370828	20.9902	10.5222
0.371104	23.7283	10.5399
0.371379	36.2195	10.5009
0.371655	28.9524	10.5317
0.37193	30.9657	10.4565
0.372206	34.2295	10.5466
0.372481	25.4638	10.4148
0.372757	22.9605	10.4943
0.373032	40.1591	10.5062
0.373308	20.5019	10.4902
0.373583	19.3183	10.379
0.373859	27.6864	10.4664
0.374134	37.691	10.514
0.37441	24.0907	10.5289
0.374685	19.399	10.4162
0.374961	37.4619	10.4697
0.375236	31.1621	10.5426
0.375512	39.0583	10.5532
0.375787	30.2474	10.5034
0.376063	11.7693	10.3359
0.376338	28.8691	10.3973
0.376614	30.7143	10.4973
0.376889	39.861	10.4953
0.377165	39.05	10.4087
0.377441	27.0957	10.4623
0.377716	22.6214	10.458
0.377992	28.0762	10.4823
0.378267	10.5943	10.4171
0.378543	8.95571	10.3557
0.378818	32.7371	10.4633
0.379094	32.001	10.48
0.379369	30.4933	10.4546
0.379645	22.06	10.4462
0.37992	19.9598	10.419
0.380196	21.5867	10.5237
0.380471	40.6443	10.4682
0.380747	41.3267	10.4651
0.381022	25.5602	10.4608
0.381298	31.4169	10.4522
0.381573	42.1843	10.5496
0.381849	22.9862	10.3856
0.382124	12.0731	10.3503
0.3824	34.7221	10.4786
0.382675	24.3829	10.4862
0.382951	29.0395	10.4223
0.383226	32.5491	10.3733
0.383502	41.9862	10.4999
0.383777	15.8288	10.3252
0.384053	38.2991	10.3691
0.384328	30.5638	10.3306
0.384604	30.4536	10.4463
0.384879	11.8948	10.3613
0.385155	34.0095	10.3577
0.38543	24.7055	10.2808
0.385706	25.0879	10.3097
0.385981	25.0726	10.3035
0.386257	17.0993	10.3663
0.386532	27.3957	10.2803
0.386808	25.254	10.2802
0.387083	26.5119	10.2834
0.387359	39.4076	10.3349
0.387634	32.0302	10.2162
0.38791	39.0664	10.2828
0.388185	17.6824	10.2197
0.388461	39.9969	10.3799
0.388736	17.421	10.2414
0.389012	22.8483	10.2379
0.389287	21.9109	10.2679
0.389563	34.7743	10.3168
0.389838	29.48	10.2933
0.390114	13.8595	10.2505
0.390389	19.9243	10.2988
0.390665	17.734	10.2406
0.39094	24.2512	10.3494
0.391216	27.9783	10.2302
0.391491	26.5557	10.3148
0.391767	33.4383	10.3288
0.392042	33.3483	10.3551
0.392318	31.2767	10.2442
0.392593	19.0393	10.2685
0.392869	11.4471	10.2264
0.393144	33.9957	10.3244
0.39342	36.9024	10.2929
0.393695	7.9969	10.2102
0.393971	21.9241	10.2992
0.394246	47.1993	10.3438
0.394522	37.3688	10.2663
0.394797	12.3733	10.2473
0.395073	19.6686	10.252
0.395348	34.7669	10.3839
0.395624	43.1033	10.3339
0.395899	24.9883	10.1872
0.396175	17.3693	10.2888
0.39645	29.0086	10.2425
0.396726	9.72548	10.6383
0.397001	54.5341	10.9772
0.397277	22.1143	11.0013
0.397552	18.6079	11.0853
0.397828	25.2414	11.1621
0.398103	34.5119	11.3516
0.398379	32.0712	11.4035
0.398654	18.1786	11.4054
0.39893	23.9479	11.6379
0.399205	29.6995	11.5922
0.399481	46.9448	11.826
0.399756	27.1993	11.8199
0.400032	23.5909	11.8877
0.400307	15.2993	12.0874
0.400583	25.7455	11.9299
0.400858	19.8219	12.0012
0.401134	8.60429	12.128
0.401409	42.4371	12.369
0.401685	37.7438	12.3846
0.40196	15.545	12.3673
0.402236	-19.4098	12.2964
0.402511	23.9581	11.9694
0.402787	35.2841	11.7666
0.403062	16.0493	11.6137
0.403338	24.2269	11.474
0.403613	32.9886	11.5017
0.403889	36.471	11.4647
0.404164	25.4045	11.3044
0.40444	19.8469	11.2791
0.404715	-1.90405	11.2399
0.404991	30.7383	11.2853
0.405266	26.4679	11.2901
0.405542	22.8836	11.1673
0.405817	5.80286	11.089
0.406093	35.0829	11.2411
0.406368	24.9921	11.0887
0.406644	4.64286	11.0848
0.406919	33.6893	11.1307
0.407195	22.8788	11.0172
0.40747	28.5507	10.9659
0.407746	32.5426	10.9257
0.408021	20.3748	10.9695
0.408297	16.5262	10.9125
0.408572	30.2038	10.9121
0.408848	36.9645	10.9639
0.409123	11.9202	10.8215
0.409399	16.5162	10.7657
0.409674	28.0783	10.8378
0.40995	11.615	10.7441
0.410225	20.9683	10.7827
0.410501	25.1638	10.8564
0.410776	20.4431	10.7593
0.411052	0.643571	10.5998
0.411328	40.1188	10.7723
0.411603	29.8048	10.7626
0.411879	17.3136	10.6317
0.412154	42.6183	10.7322
0.41243	30.5609	10.7106
0.412705	23.1621	10.6386
0.412981	17.544	10.6111
0.413256	29.2314	10.6864
0.413532	22.9986	10.6813
0.413807	21.3986	10.7207
0.414083	27.0738	10.7478
0.414358	21.5438	10.5915
0.414634	37.5655	10.6691
0.414909	27.8019	10.5958
0.415185	32.4979	10.77
0.41546	30.8188	10.7205
0.415736	20.9364	10.6055
0.416011	31.4291	10.6835
0.416287	18.5738	10.6071
0.416562	38.8907	10.6852
0.416838	35.2424	10.6783
0.417113	24.7245	10.6757
0.417389	24.8079	10.5931
0.417664	29.3762	10.6501
0.41794	33.0176	10.6498
0.418215	40.7136	10.6417
0.418491	21.421	10.5689
0.418766	4.20119	10.539
0.419042	17.9552	10.5631
0.419317	26.3052	10.5835
0.419593	21.315	10.5686
0.419868	17.8845	10.6662
0.420144	12.8598	10.5521
0.420419	15.1293	10.5455
0.420695	20.1255	10.5451
0.42097	13.4321	10.5886
0.421246	41.2179	10.6509
0.421521	31.0029	10.5053
0.421797	26.6524	10.6068
0.422072	25.8669	10.6096
0.422348	21.7902	10.6259
0.422623	42.246	10.6342
0.422899	20.5398	10.5655
0.423174	14.9417	10.4847
0.42345	46.3383	10.6726
0.423725	37.015	10.5305
0.424001	21.1995	10.5834
0.424276	32.7502	10.5585
0.424552	29.4081	10.5792
0.424827	19.3981	10.5768
0.425103	36.5219	10.557
0.425378	22.3562	10.5614
0.425654	6.10167	10.4532
0.425929	23.1333	10.6156
0.426205	8.87167	10.4312
0.42648	24.2457	10.4988
0.426756	23.2529	10.6312
0.427031	45.9509	10.643
0.427307	41.6933	10.5891
0.427582	34.0743	10.5222
0.427858	28.4238	10.6082
0.428133	30.0879	10.4884
0.428409	18.3074	10.498
0.428684	43.4733	10.6221
0.42896	29.5543	10.5342
0.429235	18.0488	10.4994
0.429511	42.166	10.5839
0.429786	27.4462	10.5251
0.430062	15.9783	10.4292
0.430337	23.2083	10.5478
0.430613	27.9421	10.5438
0.430888	-0.939048	10.4045
0.431164	38.4119	10.5205
0.431439	30.9776	10.5154
0.431715	8.51048	10.4902
0.43199	26.4817	10.4874
0.432266	30.5774	10.4652
0.432541	30.0276	10.5072
0.432817	19.1659	10.526
0.433092	21.1738	10.4084
0.433368	32.8562	10.5184
0.433643	20.1362	10.4814
0.433919	29.5107	10.5665
0.434194	34.1833	10.4973
0.43447	28.1936	10.4783
0.434745	31.1526	10.4805
0.435021	24.9188	10.4431
0.435296	27.8095	10.4857
0.435572	17.2691	10.4175
0.435847	35.5321	10.4711
0.436123	28.6364	10.5079
0.436398	42.2655	10.5075
0.436674	27.7955	10.3908
0.436949	11.3293	10.3482
0.437225	37.5762	10.4124
0.4375	40.7526	10.4924
0.437776	36.5479	10.4713
0.438051	38.6238	10.3591
0.438327	18.8781	10.3058
0.438602	47.2207	10.4504
0.438878	11.4909	10.2367
0.439153	24.8217	10.3296
0.439429	32.6933	10.3194
0.439704	36.4088	10.355
0.43998	27.7298	10.3054
0.440255	38.7255	10.3012
0.440531	43.3157	10.4117
0.440806	15.4083	10.2277
0.441082	31.3069	10.3482
0.441357	27.6186	10.2807
0.441633	17.8343	10.2576
0.441908	24.9479	10.2966
0.442184	39.6895	10.362
0.442459	15.6145	10.3035
0.442735	24.6083	10.3036
0.44301	32.9791	10.3157
0.443286	30.2986	10.2667
0.443561	29.5243	10.2928
0.443837	2.08286	10.1708
0.444112	7.60309	10.2634
0.444388	19.3195	10.2704
0.444663	35.9519	10.4144
0.444939	23.316	10.279
0.445214	22.6771	10.272
0.44549	23.0576	10.3027
0.445766	37.4933	10.3115
0.446041	33.3381	10.3311
0.446317	27.2212	10.3614
0.446592	49.8693	10.3657
0.446868	18.6336	10.2898
0.447143	22.9245	10.2791
0.447419	32.0893	10.3756
0.447694	34.5631	10.3819
0.44797	16.5557	10.2713
0.448245	27.7426	10.2929
0.448521	35.4495	10.3379
0.448796	26.3536	10.2802
0.449072	49.6981	10.4461
0.449347	28.9181	10.2776
0.449623	22.7919	10.3099
0.449898	14.7007	10.2783
0.450174	36.136	10.3102
0.450449	31.6917	10.448
0.450725	31.2095	10.2416
0.451	18.2469	10.2908
0.451276	31.3	10.4224
0.451551	38.6588	10.4227
0.451827	23.7738	10.2184
0.452102	44.7198	10.3986
0.452378	16.3133	10.2424
0.452653	33.1848	10.3741
0.452929	49.2324	10.4105
0.453204	29.0252	10.3475
0.45348	50.9541	10.4196
0.453755	5.46143	10.2011
0.454031	43.6224	10.3947
0.454306	54.7381	10.4616
0.454582	18.8052	10.2971
0.454857	28.5543	10.32
0.455133	20.8269	10.7349
0.455408	31.9979	10.9528
0.455684	21.3912	11.0918
0.455959	33.8964	11.2797
0.456235	34.2719	11.5091
0.45651	23.9217	11.4744
0.456786	21.5619	11.5965
0.457061	23.3609	11.6389
0.457337	-8.04214	11.6547
0.457612	9.25262	11.7887
0.457888	23.0743	11.9544
0.458163	29.8307	12.1135
0.458439	22.6936	12.1395
0.458714	33.071	12.1933
0.45899	10.5191	12.1543
0.459265	36.8062	12.4839
0.459541	36.5698	12.424
0.459816	3.97738	12.4271
0.460092	17.9107	12.4366
0.460367	17.415	12.6242
0.460643	26.6955	12.6325
0.460918	20.3848	12.8446
0.461194	48.2788	12.988
0.461469	0.985	12.7082
0.461745	26.7421	13.1284
0.46202	39.8783	13.1464
0.462296	25.0386	13.0484
0.462571	9.41548	13.1587
0.462847	34.4621	13.4598
0.463122	42.9783	13.5145
0.463398	14.2236	13.4667
0.463673	32.6752	13.362
0.463949	37.8907	13.7086
0.464224	17.6093	13.7464
0.4645	25.0191	13.6945
0.464775	58.6762	13.9856
0.465051	30.495	13.936
0.465326	17.3431	13.9791
0.465602	19.4786	14.0639
0.465877	32.4574	14.056
0.466153	4.00524	14.2118
0.466428	13.5017	14.3287
0.466704	50.2955	14.6311
0.466979	30.4543	14.5253
0.467255	29.641	14.5284
0.46753	17.5805	14.6004
0.467806	35.3869	14.9172
0.468081	-7.36452	14.6156
0.468357	31.8255	15.1186
0.468632	35.9002	14.976
0.468908	14.6148	15.1316
0.469183	18.2348	15.198
0.469459	30.5517	15.3067
0.469734	46.0769	15.5703
0.47001	11.1064	15.4098
0.470285	27.08	15.6684
0.470561	10.1821	15.433
0.470836	34.0362	15.7925
0.471112	-8.77071	15.7952
0.471387	35.9567	16.1164
0.471663	14.1379	15.9152
0.471938	25.3517	16.3441
0.472214	18.7812	16.2794
0.472489	20.7821	16.4517
0.472765	43.6891	16.5868
0.47304	16.1864	16.553
0.473316	49.6871	17.0143
0.473591	23.4626	16.957
0.473867	34.2381	16.9724
0.474142	24.5121	17.0443
0.474418	23.8881	17.1822
0.474693	36.955	17.5389
0.474969	38.3964	17.7958
0.475244	63.0445	17.6263
0.47552	11.8931	17.5983
0.475795	8.67571	17.7669
0.476071	12.5302	18.1413
0.476346	13.6014	18.1488
0.476622	23.335	18.4481
0.476897	41.2638	18.9094
0.477173	40.0333	18.9697
0.477448	22.5481	18.9795
0.477724	43.5579	19.2888
0.477999	54.4143	19.7807
0.478275	33.8729	19.8202
0.47855	30.0736	20.0024
0.478826	40.6736	20.1386
0.479101	28.9024	20.5736
0.479377	70.1617	20.963
0.479652	26.7779	20.9757
0.479928	11.7279	20.8856
0.480204	42.57	21.5637
0.480479	2.56714	21.7529
0.480755	-28.0264	21.7742
0.48103	39.3207	22.1448
0.481306	-9.38119	22.4536
0.481581	-22.4938	22.5187
0.481857	42.2331	23.825
0.482132	30.3214	23.3192
0.482408	-12.5388	23.4472
0.482683	7.16619	24.6956
0.482959	66.0126	25.446
0.483234	6.23214	24.7558
0.48351	32.7255	25.2747
0.483785	75.4821	25.8385
0.484061	69.691	26.5511
0.484336	60.0176	26.0985
0.484612	-14.2967	25.383
0.484887	49.7169	26.5761
0.485163	34.9267	26.4663
0.485438	65.2738	27.3029
0.485714	41.7114	26.3213
0.485989	38.1764	26.8437
0.486265	40.7281	27.5563
0.48654	-3.54595	27.2206
0.486816	35.8074	27.3453
0.487091	71.719	28.4288
0.487367	21.7338	27.7318
0.487642	5.60143	28.1394
0.487918	9.95095	27.8773
0.488193	53.965	28.6615
0.488469	48.4776	29.4123
0.488744	72.1419	29.0601
0.48902	17.5714	29.2183
0.489295	28.08	28.783
0.489571	62.1148	29.8414
0.489846	69.5002	30.5148
0.490122	27.1874	30.4877
0.490397	56.7274	30.0033
0.490673	65.8933	31.3641
0.490948	21.6533	30.7294
0.491224	-8.88405	31.1928
0.491499	52.3174	30.8787
0.491775	19.7548	31.1456
0.49205	64.3829	32.7076
0.492326	81.1533	33.3659
0.492601	50.1521	32.7992
0.492877	9.34976	31.9687
0.493152	-30.7405	33.0661
0.493428	-14.0067	33.8488
0.493703	13.5245	33.6684
0.493979	-12.9167	32.849
0.494254	-1.52286	33.9632
0.49453	18.3907	35.3473
0.494805	74.5221	36.6648
0.495081	-11.4438	33.4198
0.495356	55.9791	36.6077
0.495632	-19.469	36.3565
0.495907	4.21881	37.5013
0.496183	51.6821	36.2849
0.496458	33.2867	38.1581
0.496734	28.9114	39.1594
0.497009	8.77333	39.1295
0.497285	65.62	38.5799
0.49756	54.9938	40.8372
0.497836	26.3183	40.4184
0.498111	-4.60595	41.0425
0.498387	66.2481	42.4969
0.498662	90.6993	42.6255
0.498938	37.3014	43.703
0.499213	10.0917	45.312
0.499489	56.121	47.5432
0.499764	16.7424	44.931
0.50004	-31.0783	47.3085
0.500315	57.4207	52.0006
0.500591	9.66595	53.8244
0.500866	-21.8741	52.9136
0.501142	35.916	57.8076
0.501417	-34.5938	60.7209
0.501693	48.9279	66.5852
0.501968	-114.981	68.0287
0.502244	40.4348	74.1031
0.502519	26.7121	83.3904
0.502795	139.582	97.9248
0.50307	54.5948	112.22
