# q                 I(q)             
  1.00000e-03       9.99656e-01      
  1.74937e-03       9.98946e-01      
  2.49875e-03       9.97852e-01      
  3.24812e-03       9.96375e-01      
  3.99749e-03       9.94517e-01      
  4.74687e-03       9.92281e-01      
  5.49624e-03       9.89671e-01      
  6.24561e-03       9.86692e-01      
  6.99499e-03       9.83348e-01      
  7.74436e-03       9.79646e-01      
  8.49373e-03       9.75590e-01      
  9.24311e-03       9.71189e-01      
  9.99248e-03       9.66449e-01      
  1.07419e-02       9.61377e-01      
  1.14912e-02       9.55983e-01      
  1.22406e-02       9.50275e-01      
  1.29900e-02       9.44262e-01      
  1.37393e-02       9.37953e-01      
  1.44887e-02       9.31359e-01      
  1.52381e-02       9.24490e-01      
  1.59875e-02       9.17357e-01      
  1.67368e-02       9.09971e-01      
  1.74862e-02       9.02342e-01      
  1.82356e-02       8.94483e-01      
  1.89850e-02       8.86406e-01      
  1.97343e-02       8.78121e-01      
  2.04837e-02       8.69642e-01      
  2.12331e-02       8.60980e-01      
  2.19825e-02       8.52148e-01      
  2.27318e-02       8.43159e-01      
  2.34812e-02       8.34024e-01      
  2.42306e-02       8.24756e-01      
  2.49799e-02       8.15368e-01      
  2.57293e-02       8.05871e-01      
  2.64787e-02       7.96278e-01      
  2.72281e-02       7.86602e-01      
  2.79774e-02       7.76854e-01      
  2.87268e-02       7.67046e-01      
  2.94762e-02       7.57190e-01      
  3.02256e-02       7.47296e-01      
  3.09749e-02       7.37378e-01      
  3.17243e-02       7.27444e-01      
  3.24737e-02       7.17506e-01      
  3.32231e-02       7.07575e-01      
  3.39724e-02       6.97660e-01      
  3.47218e-02       6.87772e-01      
  3.54712e-02       6.77918e-01      
  3.62206e-02       6.68109e-01      
  3.69699e-02       6.58354e-01      
  3.77193e-02       6.48659e-01      
  3.84687e-02       6.39034e-01      
  3.92180e-02       6.29486e-01      
  3.99674e-02       6.20022e-01      
  4.07168e-02       6.10647e-01      
  4.14662e-02       6.01370e-01      
  4.22155e-02       5.92195e-01      
  4.29649e-02       5.83128e-01      
  4.37143e-02       5.74174e-01      
  4.44637e-02       5.65337e-01      
  4.52130e-02       5.56622e-01      
  4.59624e-02       5.48032e-01      
  4.67118e-02       5.39571e-01      
  4.74612e-02       5.31241e-01      
  4.82105e-02       5.23046e-01      
  4.89599e-02       5.14987e-01      
  4.97093e-02       5.07067e-01      
  5.04586e-02       4.99286e-01      
  5.12080e-02       4.91646e-01      
  5.19574e-02       4.84147e-01      
  5.27068e-02       4.76791e-01      
  5.34561e-02       4.69576e-01      
  5.42055e-02       4.62504e-01      
  5.49549e-02       4.55574e-01      
  5.57043e-02       4.48784e-01      
  5.64536e-02       4.42134e-01      
  5.72030e-02       4.35624e-01      
  5.79524e-02       4.29250e-01      
  5.87018e-02       4.23013e-01      
  5.94511e-02       4.16909e-01      
  6.02005e-02       4.10938e-01      
  6.09499e-02       4.05096e-01      
  6.16992e-02       3.99383e-01      
  6.24486e-02       3.93794e-01      
  6.31980e-02       3.88329e-01      
  6.39474e-02       3.82983e-01      
  6.46967e-02       3.77755e-01      
  6.54461e-02       3.72642e-01      
  6.61955e-02       3.67640e-01      
  6.69449e-02       3.62748e-01      
  6.76942e-02       3.57962e-01      
  6.84436e-02       3.53279e-01      
  6.91930e-02       3.48696e-01      
  6.99424e-02       3.44210e-01      
  7.06917e-02       3.39819e-01      
  7.14411e-02       3.35519e-01      
  7.21905e-02       3.31308e-01      
  7.29398e-02       3.27183e-01      
  7.36892e-02       3.23141e-01      
  7.44386e-02       3.19179e-01      
  7.51880e-02       3.15294e-01      
  7.59373e-02       3.11484e-01      
  7.66867e-02       3.07747e-01      
  7.74361e-02       3.04079e-01      
  7.81855e-02       3.00479e-01      
  7.89348e-02       2.96943e-01      
  7.96842e-02       2.93471e-01      
  8.04336e-02       2.90059e-01      
  8.11830e-02       2.86706e-01      
  8.19323e-02       2.83409e-01      
  8.26817e-02       2.80166e-01      
  8.34311e-02       2.76976e-01      
  8.41805e-02       2.73838e-01      
  8.49298e-02       2.70748e-01      
  8.56792e-02       2.67706e-01      
  8.64286e-02       2.64711e-01      
  8.71779e-02       2.61760e-01      
  8.79273e-02       2.58852e-01      
  8.86767e-02       2.55987e-01      
  8.94261e-02       2.53162e-01      
  9.01754e-02       2.50378e-01      
  9.09248e-02       2.47632e-01      
  9.16742e-02       2.44923e-01      
  9.24236e-02       2.42251e-01      
  9.31729e-02       2.39616e-01      
  9.39223e-02       2.37015e-01      
  9.46717e-02       2.34448e-01      
  9.54211e-02       2.31915e-01      
  9.61704e-02       2.29415e-01      
  9.69198e-02       2.26947e-01      
  9.76692e-02       2.24511e-01      
  9.84185e-02       2.22105e-01      
  9.91679e-02       2.19730e-01      
  9.99173e-02       2.17385e-01      
  1.00667e-01       2.15069e-01      
  1.01416e-01       2.12782e-01      
  1.02165e-01       2.10524e-01      
  1.02915e-01       2.08294e-01      
  1.03664e-01       2.06092e-01      
  1.04414e-01       2.03917e-01      
  1.05163e-01       2.01768e-01      
  1.05912e-01       1.99647e-01      
  1.06662e-01       1.97551e-01      
  1.07411e-01       1.95482e-01      
  1.08160e-01       1.93438e-01      
  1.08910e-01       1.91418e-01      
  1.09659e-01       1.89424e-01      
  1.10409e-01       1.87454e-01      
  1.11158e-01       1.85509e-01      
  1.11907e-01       1.83587e-01      
  1.12657e-01       1.81688e-01      
  1.13406e-01       1.79812e-01      
  1.14155e-01       1.77960e-01      
  1.14905e-01       1.76129e-01      
  1.15654e-01       1.74321e-01      
  1.16404e-01       1.72534e-01      
  1.17153e-01       1.70769e-01      
  1.17902e-01       1.69024e-01      
  1.18652e-01       1.67301e-01      
  1.19401e-01       1.65597e-01      
  1.20150e-01       1.63914e-01      
  1.20900e-01       1.62250e-01      
  1.21649e-01       1.60606e-01      
  1.22398e-01       1.58981e-01      
  1.23148e-01       1.57374e-01      
  1.23897e-01       1.55785e-01      
  1.24647e-01       1.54215e-01      
  1.25396e-01       1.52662e-01      
  1.26145e-01       1.51127e-01      
  1.26895e-01       1.49608e-01      
  1.27644e-01       1.48106e-01      
  1.28393e-01       1.46621e-01      
  1.29143e-01       1.45152e-01      
  1.29892e-01       1.43699e-01      
  1.30642e-01       1.42261e-01      
  1.31391e-01       1.40838e-01      
  1.32140e-01       1.39431e-01      
  1.32890e-01       1.38038e-01      
  1.33639e-01       1.36659e-01      
  1.34388e-01       1.35295e-01      
  1.35138e-01       1.33945e-01      
  1.35887e-01       1.32609e-01      
  1.36637e-01       1.31286e-01      
  1.37386e-01       1.29976e-01      
  1.38135e-01       1.28680e-01      
  1.38885e-01       1.27396e-01      
  1.39634e-01       1.26125e-01      
  1.40383e-01       1.24867e-01      
  1.41133e-01       1.23621e-01      
  1.41882e-01       1.22388e-01      
  1.42632e-01       1.21166e-01      
  1.43381e-01       1.19956e-01      
  1.44130e-01       1.18758e-01      
  1.44880e-01       1.17571e-01      
  1.45629e-01       1.16396e-01      
  1.46378e-01       1.15232e-01      
  1.47128e-01       1.14079e-01      
  1.47877e-01       1.12938e-01      
  1.48627e-01       1.11807e-01      
  1.49376e-01       1.10687e-01      
  1.50125e-01       1.09577e-01      
  1.50875e-01       1.08478e-01      
  1.51624e-01       1.07390e-01      
  1.52373e-01       1.06311e-01      
  1.53123e-01       1.05243e-01      
  1.53872e-01       1.04186e-01      
  1.54622e-01       1.03138e-01      
  1.55371e-01       1.02100e-01      
  1.56120e-01       1.01071e-01      
  1.56870e-01       1.00053e-01      
  1.57619e-01       9.90440e-02      
  1.58368e-01       9.80446e-02      
  1.59118e-01       9.70545e-02      
  1.59867e-01       9.60738e-02      
  1.60617e-01       9.51024e-02      
  1.61366e-01       9.41400e-02      
  1.62115e-01       9.31867e-02      
  1.62865e-01       9.22423e-02      
  1.63614e-01       9.13068e-02      
  1.64363e-01       9.03800e-02      
  1.65113e-01       8.94619e-02      
  1.65862e-01       8.85523e-02      
  1.66612e-01       8.76513e-02      
  1.67361e-01       8.67586e-02      
  1.68110e-01       8.58742e-02      
  1.68860e-01       8.49981e-02      
  1.69609e-01       8.41301e-02      
  1.70358e-01       8.32701e-02      
  1.71108e-01       8.24181e-02      
  1.71857e-01       8.15740e-02      
  1.72607e-01       8.07376e-02      
  1.73356e-01       7.99090e-02      
  1.74105e-01       7.90880e-02      
  1.74855e-01       7.82745e-02      
  1.75604e-01       7.74685e-02      
  1.76353e-01       7.66699e-02      
  1.77103e-01       7.58786e-02      
  1.77852e-01       7.50945e-02      
  1.78602e-01       7.43176e-02      
  1.79351e-01       7.35478e-02      
  1.80100e-01       7.27850e-02      
  1.80850e-01       7.20292e-02      
  1.81599e-01       7.12803e-02      
  1.82348e-01       7.05382e-02      
  1.83098e-01       6.98028e-02      
  1.83847e-01       6.90741e-02      
  1.84596e-01       6.83521e-02      
  1.85346e-01       6.76366e-02      
  1.86095e-01       6.69276e-02      
  1.86845e-01       6.62251e-02      
  1.87594e-01       6.55290e-02      
  1.88343e-01       6.48392e-02      
  1.89093e-01       6.41557e-02      
  1.89842e-01       6.34785e-02      
  1.90591e-01       6.28074e-02      
  1.91341e-01       6.21424e-02      
  1.92090e-01       6.14836e-02      
  1.92840e-01       6.08307e-02      
  1.93589e-01       6.01838e-02      
  1.94338e-01       5.95428e-02      
  1.95088e-01       5.89078e-02      
  1.95837e-01       5.82785e-02      
  1.96586e-01       5.76550e-02      
  1.97336e-01       5.70373e-02      
  1.98085e-01       5.64252e-02      
  1.98835e-01       5.58188e-02      
  1.99584e-01       5.52179e-02      
  2.00333e-01       5.46226e-02      
  2.01083e-01       5.40328e-02      
  2.01832e-01       5.34485e-02      
  2.02581e-01       5.28695e-02      
  2.03331e-01       5.22959e-02      
  2.04080e-01       5.17276e-02      
  2.04830e-01       5.11646e-02      
  2.05579e-01       5.06067e-02      
  2.06328e-01       5.00540e-02      
  2.07078e-01       4.95065e-02      
  2.07827e-01       4.89640e-02      
  2.08576e-01       4.84265e-02      
  2.09326e-01       4.78940e-02      
  2.10075e-01       4.73664e-02      
  2.10825e-01       4.68438e-02      
  2.11574e-01       4.63259e-02      
  2.12323e-01       4.58128e-02      
  2.13073e-01       4.53045e-02      
  2.13822e-01       4.48008e-02      
  2.14571e-01       4.43018e-02      
  2.15321e-01       4.38074e-02      
  2.16070e-01       4.33176e-02      
  2.16820e-01       4.28322e-02      
  2.17569e-01       4.23514e-02      
  2.18318e-01       4.18749e-02      
  2.19068e-01       4.14029e-02      
  2.19817e-01       4.09352e-02      
  2.20566e-01       4.04717e-02      
  2.21316e-01       4.00126e-02      
  2.22065e-01       3.95576e-02      
  2.22815e-01       3.91068e-02      
  2.23564e-01       3.86602e-02      
  2.24313e-01       3.82177e-02      
  2.25063e-01       3.77792e-02      
  2.25812e-01       3.73448e-02      
  2.26561e-01       3.69143e-02      
  2.27311e-01       3.64879e-02      
  2.28060e-01       3.60653e-02      
  2.28810e-01       3.56467e-02      
  2.29559e-01       3.52319e-02      
  2.30308e-01       3.48209e-02      
  2.31058e-01       3.44138e-02      
  2.31807e-01       3.40104e-02      
  2.32556e-01       3.36108e-02      
  2.33306e-01       3.32149e-02      
  2.34055e-01       3.28227e-02      
  2.34805e-01       3.24341e-02      
  2.35554e-01       3.20492e-02      
  2.36303e-01       3.16680e-02      
  2.37053e-01       3.12903e-02      
  2.37802e-01       3.09162e-02      
  2.38551e-01       3.05456e-02      
  2.39301e-01       3.01786e-02      
  2.40050e-01       2.98150e-02      
  2.40799e-01       2.94550e-02      
  2.41549e-01       2.90983e-02      
  2.42298e-01       2.87452e-02      
  2.43048e-01       2.83954e-02      
  2.43797e-01       2.80491e-02      
  2.44546e-01       2.77061e-02      
  2.45296e-01       2.73664e-02      
  2.46045e-01       2.70301e-02      
  2.46794e-01       2.66971e-02      
  2.47544e-01       2.63674e-02      
  2.48293e-01       2.60410e-02      
  2.49043e-01       2.57178e-02      
  2.49792e-01       2.53978e-02      
  2.50541e-01       2.50810e-02      
  2.51291e-01       2.47674e-02      
  2.52040e-01       2.44570e-02      
  2.52789e-01       2.41497e-02      
  2.53539e-01       2.38455e-02      
  2.54288e-01       2.35444e-02      
  2.55038e-01       2.32464e-02      
  2.55787e-01       2.29514e-02      
  2.56536e-01       2.26595e-02      
  2.57286e-01       2.23706e-02      
  2.58035e-01       2.20846e-02      
  2.58784e-01       2.18017e-02      
  2.59534e-01       2.15216e-02      
  2.60283e-01       2.12445e-02      
  2.61033e-01       2.09703e-02      
  2.61782e-01       2.06989e-02      
  2.62531e-01       2.04304e-02      
  2.63281e-01       2.01648e-02      
  2.64030e-01       1.99019e-02      
  2.64779e-01       1.96419e-02      
  2.65529e-01       1.93846e-02      
  2.66278e-01       1.91300e-02      
  2.67028e-01       1.88782e-02      
  2.67777e-01       1.86290e-02      
  2.68526e-01       1.83826e-02      
  2.69276e-01       1.81388e-02      
  2.70025e-01       1.78977e-02      
  2.70774e-01       1.76592e-02      
  2.71524e-01       1.74232e-02      
  2.72273e-01       1.71899e-02      
  2.73023e-01       1.69591e-02      
  2.73772e-01       1.67309e-02      
  2.74521e-01       1.65052e-02      
  2.75271e-01       1.62820e-02      
  2.76020e-01       1.60613e-02      
  2.76769e-01       1.58431e-02      
  2.77519e-01       1.56273e-02      
  2.78268e-01       1.54140e-02      
  2.79018e-01       1.52031e-02      
  2.79767e-01       1.49946e-02      
  2.80516e-01       1.47885e-02      
  2.81266e-01       1.45847e-02      
  2.82015e-01       1.43833e-02      
  2.82764e-01       1.41843e-02      
  2.83514e-01       1.39875e-02      
  2.84263e-01       1.37931e-02      
  2.85013e-01       1.36009e-02      
  2.85762e-01       1.34110e-02      
  2.86511e-01       1.32234e-02      
  2.87261e-01       1.30380e-02      
  2.88010e-01       1.28548e-02      
  2.88759e-01       1.26739e-02      
  2.89509e-01       1.24951e-02      
  2.90258e-01       1.23185e-02      
  2.91008e-01       1.21440e-02      
  2.91757e-01       1.19717e-02      
  2.92506e-01       1.18015e-02      
  2.93256e-01       1.16334e-02      
  2.94005e-01       1.14674e-02      
  2.94754e-01       1.13035e-02      
  2.95504e-01       1.11415e-02      
  2.96253e-01       1.09817e-02      
  2.97003e-01       1.08238e-02      
  2.97752e-01       1.06679e-02      
  2.98501e-01       1.05140e-02      
  2.99251e-01       1.03621e-02      
  3.00000e-01       1.02121e-02      
