# Simulated data
# sigma generated using Sedlak et al, k=100000, c=0.55, https://doi.org/10.1107/S1600576717003077, and rebinned with 10 per bin)
# q            I            sigma       
  1.00000e-03  6.05577e-02  5.39498e-03 
  1.74937e-03  6.42353e-02  4.07766e-03 
  2.49875e-03  6.23000e-02  3.41018e-03 
  3.24812e-03  6.13321e-02  2.98906e-03 
  3.99749e-03  5.99273e-02  2.69212e-03 
  4.74687e-03  6.15752e-02  2.46802e-03 
  5.49624e-03  5.75389e-02  2.29091e-03 
  6.24561e-03  5.45998e-02  2.14619e-03 
  6.99499e-03  5.84309e-02  2.02490e-03 
  7.74436e-03  5.74563e-02  1.92120e-03 
  8.49373e-03  5.53792e-02  1.83110e-03 
  9.24311e-03  5.62309e-02  1.75176e-03 
  9.99248e-03  5.66459e-02  1.68113e-03 
  1.07419e-02  5.59653e-02  1.61763e-03 
  1.14912e-02  5.71030e-02  1.56008e-03 
  1.22406e-02  5.21428e-02  1.50755e-03 
  1.29900e-02  5.66960e-02  1.45929e-03 
  1.37393e-02  5.49345e-02  1.41471e-03 
  1.44887e-02  5.18980e-02  1.37333e-03 
  1.52381e-02  5.26743e-02  1.33475e-03 
  1.59875e-02  5.54451e-02  1.29862e-03 
  1.67368e-02  5.35651e-02  1.26468e-03 
  1.74862e-02  5.31849e-02  1.23268e-03 
  1.82356e-02  5.26062e-02  1.20243e-03 
  1.89850e-02  5.02760e-02  1.17374e-03 
  1.97343e-02  5.13696e-02  1.14648e-03 
  2.04837e-02  5.22591e-02  1.12051e-03 
  2.12331e-02  5.00462e-02  1.09572e-03 
  2.19825e-02  5.10980e-02  1.07201e-03 
  2.27318e-02  4.92978e-02  1.04930e-03 
  2.34812e-02  4.92252e-02  1.02750e-03 
  2.42306e-02  4.86346e-02  1.00655e-03 
  2.49799e-02  4.83722e-02  9.86381e-04 
  2.57293e-02  4.81199e-02  9.66951e-04 
  2.64787e-02  4.42785e-02  9.48205e-04 
  2.72281e-02  4.60876e-02  9.30102e-04 
  2.79774e-02  4.52615e-02  9.12600e-04 
  2.87268e-02  4.48859e-02  8.95666e-04 
  2.94762e-02  4.44353e-02  8.79267e-04 
  3.02256e-02  4.38269e-02  8.63374e-04 
  3.09749e-02  4.18439e-02  8.47961e-04 
  3.17243e-02  4.26812e-02  8.33004e-04 
  3.24737e-02  4.16225e-02  8.18480e-04 
  3.32231e-02  4.23821e-02  8.04370e-04 
  3.39724e-02  4.09976e-02  7.90654e-04 
  3.47218e-02  4.10240e-02  7.77317e-04 
  3.54712e-02  3.86501e-02  7.64343e-04 
  3.62206e-02  3.98461e-02  7.51716e-04 
  3.69699e-02  3.87652e-02  7.39424e-04 
  3.77193e-02  3.72415e-02  7.27453e-04 
  3.84687e-02  3.61442e-02  7.15794e-04 
  3.92180e-02  3.63731e-02  7.04434e-04 
  3.99674e-02  3.69613e-02  6.93364e-04 
  4.07168e-02  3.54511e-02  6.82573e-04 
  4.14662e-02  3.62935e-02  6.72054e-04 
  4.22155e-02  3.40401e-02  6.61798e-04 
  4.29649e-02  3.38614e-02  6.51797e-04 
  4.37143e-02  3.41204e-02  6.42043e-04 
  4.44637e-02  3.35630e-02  6.32530e-04 
  4.52130e-02  3.26691e-02  6.23250e-04 
  4.59624e-02  3.20258e-02  6.14197e-04 
  4.67118e-02  3.22301e-02  6.05365e-04 
  4.74612e-02  3.17611e-02  5.96748e-04 
  4.82105e-02  3.03499e-02  5.88340e-04 
  4.89599e-02  2.93472e-02  5.80135e-04 
  4.97093e-02  2.92638e-02  5.72129e-04 
  5.04586e-02  2.89172e-02  5.64316e-04 
  5.12080e-02  2.82103e-02  5.56691e-04 
  5.19574e-02  2.90406e-02  5.49250e-04 
  5.27068e-02  2.81417e-02  5.41987e-04 
  5.34561e-02  2.81129e-02  5.34897e-04 
  5.42055e-02  2.59874e-02  5.27978e-04 
  5.49549e-02  2.63172e-02  5.21223e-04 
  5.57043e-02  2.64631e-02  5.14629e-04 
  5.64536e-02  2.65755e-02  5.08191e-04 
  5.72030e-02  2.54970e-02  5.01906e-04 
  5.79524e-02  2.50345e-02  4.95769e-04 
  5.87018e-02  2.50649e-02  4.89776e-04 
  5.94511e-02  2.39417e-02  4.83923e-04 
  6.02005e-02  2.46144e-02  4.78207e-04 
  6.09499e-02  2.38837e-02  4.72624e-04 
  6.16992e-02  2.37694e-02  4.67170e-04 
  6.24486e-02  2.22605e-02  4.61841e-04 
  6.31980e-02  2.38569e-02  4.56634e-04 
  6.39474e-02  2.29335e-02  4.51545e-04 
  6.46967e-02  2.23234e-02  4.46571e-04 
  6.54461e-02  2.23921e-02  4.41709e-04 
  6.61955e-02  2.15966e-02  4.36955e-04 
  6.69449e-02  2.16002e-02  4.32306e-04 
  6.76942e-02  2.15751e-02  4.27758e-04 
  6.84436e-02  2.03413e-02  4.23310e-04 
  6.91930e-02  1.97901e-02  4.18957e-04 
  6.99424e-02  2.03263e-02  4.14696e-04 
  7.06917e-02  2.11394e-02  4.10526e-04 
  7.14411e-02  1.97144e-02  4.06443e-04 
  7.21905e-02  2.01753e-02  4.02444e-04 
  7.29398e-02  1.96606e-02  3.98527e-04 
  7.36892e-02  1.88287e-02  3.94689e-04 
  7.44386e-02  1.89915e-02  3.90927e-04 
  7.51880e-02  1.88162e-02  3.87240e-04 
  7.59373e-02  1.72413e-02  3.83624e-04 
  7.66867e-02  1.81054e-02  3.80079e-04 
  7.74361e-02  1.73403e-02  3.76600e-04 
  7.81855e-02  1.74432e-02  3.73187e-04 
  7.89348e-02  1.69856e-02  3.69837e-04 
  7.96842e-02  1.77131e-02  3.66548e-04 
  8.04336e-02  1.71332e-02  3.63319e-04 
  8.11830e-02  1.67132e-02  3.60147e-04 
  8.19323e-02  1.63422e-02  3.57031e-04 
  8.26817e-02  1.59912e-02  3.53969e-04 
  8.34311e-02  1.62432e-02  3.50960e-04 
  8.41805e-02  1.58038e-02  3.48001e-04 
  8.49298e-02  1.62390e-02  3.45092e-04 
  8.56792e-02  1.55459e-02  3.42231e-04 
  8.64286e-02  1.55734e-02  3.39416e-04 
  8.71779e-02  1.48278e-02  3.36647e-04 
  8.79273e-02  1.54677e-02  3.33921e-04 
  8.86767e-02  1.55000e-02  3.31239e-04 
  8.94261e-02  1.52783e-02  3.28598e-04 
  9.01754e-02  1.44703e-02  3.25999e-04 
  9.09248e-02  1.44992e-02  3.23438e-04 
  9.16742e-02  1.45627e-02  3.20916e-04 
  9.24236e-02  1.45409e-02  3.18432e-04 
  9.31729e-02  1.33712e-02  3.15985e-04 
  9.39223e-02  1.39396e-02  3.13574e-04 
  9.46717e-02  1.33713e-02  3.11197e-04 
  9.54211e-02  1.38693e-02  3.08855e-04 
  9.61704e-02  1.37189e-02  3.06547e-04 
  9.69198e-02  1.32860e-02  3.04271e-04 
  9.76692e-02  1.30156e-02  3.02027e-04 
  9.84185e-02  1.28015e-02  2.99815e-04 
  9.91679e-02  1.31921e-02  2.97634e-04 
  9.99173e-02  1.30837e-02  2.95482e-04 
  1.00667e-01  1.23957e-02  2.93361e-04 
  1.01416e-01  1.25668e-02  2.91268e-04 
  1.02165e-01  1.19474e-02  2.89204e-04 
  1.02915e-01  1.24865e-02  2.87168e-04 
  1.03664e-01  1.14443e-02  2.85159e-04 
  1.04414e-01  1.23686e-02  2.83177e-04 
  1.05163e-01  1.15366e-02  2.81222e-04 
  1.05912e-01  1.20196e-02  2.79292e-04 
  1.06662e-01  1.14249e-02  2.77388e-04 
  1.07411e-01  1.15127e-02  2.75509e-04 
  1.08160e-01  1.17823e-02  2.73655e-04 
  1.08910e-01  1.14904e-02  2.71825e-04 
  1.09659e-01  1.12935e-02  2.70019e-04 
  1.10409e-01  1.06373e-02  2.68236e-04 
  1.11158e-01  1.06892e-02  2.66476e-04 
  1.11907e-01  1.03892e-02  2.64738e-04 
  1.12657e-01  1.06660e-02  2.63023e-04 
  1.13406e-01  1.11376e-02  2.61329e-04 
  1.14155e-01  1.02530e-02  2.59657e-04 
  1.14905e-01  1.01132e-02  2.58006e-04 
  1.15654e-01  1.05152e-02  2.56375e-04 
  1.16404e-01  1.04546e-02  2.54765e-04 
  1.17153e-01  9.93494e-03  2.53175e-04 
  1.17902e-01  1.00050e-02  2.51604e-04 
  1.18652e-01  9.89446e-03  2.50052e-04 
  1.19401e-01  9.72773e-03  2.48520e-04 
  1.20150e-01  9.38039e-03  2.47006e-04 
  1.20900e-01  9.48726e-03  2.45510e-04 
  1.21649e-01  9.53810e-03  2.44032e-04 
  1.22398e-01  9.68706e-03  2.42572e-04 
  1.23148e-01  8.69650e-03  2.41129e-04 
  1.23897e-01  9.09419e-03  2.39702e-04 
  1.24647e-01  8.91831e-03  2.38293e-04 
  1.25396e-01  8.73202e-03  2.36900e-04 
  1.26145e-01  8.99736e-03  2.35523e-04 
  1.26895e-01  8.34814e-03  2.34162e-04 
  1.27644e-01  9.00592e-03  2.32816e-04 
  1.28393e-01  8.65927e-03  2.31485e-04 
  1.29143e-01  8.52599e-03  2.30170e-04 
  1.29892e-01  8.20802e-03  2.28869e-04 
  1.30642e-01  8.26858e-03  2.27582e-04 
  1.31391e-01  8.14805e-03  2.26310e-04 
  1.32140e-01  7.76045e-03  2.25052e-04 
  1.32890e-01  8.12193e-03  2.23807e-04 
  1.33639e-01  8.26602e-03  2.22576e-04 
  1.34388e-01  7.79498e-03  2.21358e-04 
  1.35138e-01  7.80826e-03  2.20153e-04 
  1.35887e-01  7.56350e-03  2.18960e-04 
  1.36637e-01  7.83071e-03  2.17781e-04 
  1.37386e-01  7.83112e-03  2.16613e-04 
  1.38135e-01  7.21151e-03  2.15458e-04 
  1.38885e-01  7.41744e-03  2.14315e-04 
  1.39634e-01  7.81958e-03  2.13184e-04 
  1.40383e-01  7.31275e-03  2.12064e-04 
  1.41133e-01  7.15006e-03  2.10956e-04 
  1.41882e-01  7.45187e-03  2.09859e-04 
  1.42632e-01  7.16521e-03  2.08773e-04 
  1.43381e-01  6.85244e-03  2.07699e-04 
  1.44130e-01  7.17670e-03  2.06634e-04 
  1.44880e-01  6.91542e-03  2.05581e-04 
  1.45629e-01  7.02193e-03  2.04538e-04 
  1.46378e-01  6.58851e-03  2.03505e-04 
  1.47128e-01  6.65996e-03  2.02483e-04 
  1.47877e-01  6.18885e-03  2.01471e-04 
  1.48627e-01  6.49978e-03  2.00468e-04 
  1.49376e-01  6.09112e-03  1.99476e-04 
  1.50125e-01  6.66750e-03  1.98493e-04 
  1.50875e-01  6.59922e-03  1.97519e-04 
  1.51624e-01  6.16223e-03  1.96555e-04 
  1.52373e-01  6.35689e-03  1.95601e-04 
  1.53123e-01  6.27525e-03  1.94655e-04 
  1.53872e-01  6.18457e-03  1.93719e-04 
  1.54622e-01  6.03187e-03  1.92792e-04 
  1.55371e-01  5.97512e-03  1.91873e-04 
  1.56120e-01  5.77434e-03  1.90963e-04 
  1.56870e-01  5.49942e-03  1.90062e-04 
  1.57619e-01  5.80682e-03  1.89169e-04 
  1.58368e-01  5.98568e-03  1.88285e-04 
  1.59118e-01  5.86004e-03  1.87409e-04 
  1.59867e-01  5.50475e-03  1.86542e-04 
  1.60617e-01  5.36748e-03  1.85682e-04 
  1.61366e-01  5.69256e-03  1.84830e-04 
  1.62115e-01  5.51349e-03  1.83987e-04 
  1.62865e-01  5.65908e-03  1.83151e-04 
  1.63614e-01  5.04642e-03  1.82323e-04 
  1.64363e-01  5.11677e-03  1.81503e-04 
  1.65113e-01  5.33776e-03  1.80690e-04 
  1.65862e-01  5.21030e-03  1.79885e-04 
  1.66612e-01  5.17759e-03  1.79087e-04 
  1.67361e-01  5.32518e-03  1.78296e-04 
  1.68110e-01  4.98654e-03  1.77512e-04 
  1.68860e-01  5.31050e-03  1.76736e-04 
  1.69609e-01  4.97476e-03  1.75967e-04 
  1.70358e-01  4.98648e-03  1.75204e-04 
  1.71108e-01  5.03064e-03  1.74449e-04 
  1.71857e-01  4.73314e-03  1.73700e-04 
  1.72607e-01  4.47026e-03  1.72958e-04 
  1.73356e-01  4.64592e-03  1.72223e-04 
  1.74105e-01  4.58677e-03  1.71494e-04 
  1.74855e-01  4.31339e-03  1.70771e-04 
  1.75604e-01  4.65200e-03  1.70055e-04 
  1.76353e-01  4.80543e-03  1.69346e-04 
  1.77103e-01  4.39897e-03  1.68642e-04 
  1.77852e-01  4.58228e-03  1.67945e-04 
  1.78602e-01  4.35562e-03  1.67254e-04 
  1.79351e-01  4.44149e-03  1.66568e-04 
  1.80100e-01  4.28690e-03  1.65889e-04 
  1.80850e-01  4.22527e-03  1.65216e-04 
  1.81599e-01  4.10375e-03  1.64549e-04 
  1.82348e-01  3.95296e-03  1.63887e-04 
  1.83098e-01  4.29216e-03  1.63231e-04 
  1.83847e-01  3.93819e-03  1.62581e-04 
  1.84596e-01  4.10640e-03  1.61936e-04 
  1.85346e-01  3.96017e-03  1.61297e-04 
  1.86095e-01  3.96124e-03  1.60663e-04 
  1.86845e-01  3.80446e-03  1.60035e-04 
  1.87594e-01  3.82937e-03  1.59412e-04 
  1.88343e-01  3.60098e-03  1.58794e-04 
  1.89093e-01  3.50860e-03  1.58182e-04 
  1.89842e-01  3.68453e-03  1.57575e-04 
  1.90591e-01  3.55840e-03  1.56973e-04 
  1.91341e-01  3.63497e-03  1.56376e-04 
  1.92090e-01  3.76618e-03  1.55784e-04 
  1.92840e-01  3.34290e-03  1.55197e-04 
  1.93589e-01  3.40366e-03  1.54615e-04 
  1.94338e-01  3.69034e-03  1.54038e-04 
  1.95088e-01  3.42976e-03  1.53466e-04 
  1.95837e-01  3.27082e-03  1.52898e-04 
  1.96586e-01  3.46186e-03  1.52336e-04 
  1.97336e-01  3.33342e-03  1.51778e-04 
  1.98085e-01  3.22534e-03  1.51224e-04 
  1.98835e-01  3.35879e-03  1.50676e-04 
  1.99584e-01  3.19325e-03  1.50132e-04 
  2.00333e-01  3.22721e-03  1.49592e-04 
  2.01083e-01  3.36995e-03  1.49057e-04 
  2.01832e-01  2.97279e-03  1.48526e-04 
  2.02581e-01  3.37131e-03  1.48000e-04 
  2.03331e-01  3.07854e-03  1.47478e-04 
  2.04080e-01  3.09909e-03  1.46960e-04 
  2.04830e-01  3.02710e-03  1.46447e-04 
  2.05579e-01  3.00511e-03  1.45938e-04 
  2.06328e-01  2.96599e-03  1.45433e-04 
  2.07078e-01  3.09434e-03  1.44932e-04 
  2.07827e-01  2.80377e-03  1.44435e-04 
  2.08576e-01  2.73672e-03  1.43942e-04 
  2.09326e-01  3.03763e-03  1.43453e-04 
  2.10075e-01  2.79744e-03  1.42969e-04 
  2.10825e-01  2.60105e-03  1.42488e-04 
  2.11574e-01  2.53484e-03  1.42011e-04 
  2.12323e-01  2.71792e-03  1.41538e-04 
  2.13073e-01  2.80106e-03  1.41069e-04 
  2.13822e-01  2.54774e-03  1.40603e-04 
  2.14571e-01  2.78640e-03  1.40141e-04 
  2.15321e-01  2.69362e-03  1.39683e-04 
  2.16070e-01  2.49420e-03  1.39229e-04 
  2.16820e-01  2.46449e-03  1.38778e-04 
  2.17569e-01  2.31416e-03  1.38331e-04 
  2.18318e-01  2.50977e-03  1.37887e-04 
  2.19068e-01  2.38737e-03  1.37447e-04 
  2.19817e-01  2.40304e-03  1.37011e-04 
  2.20566e-01  2.17140e-03  1.36577e-04 
  2.21316e-01  2.39112e-03  1.36148e-04 
  2.22065e-01  1.99342e-03  1.35721e-04 
  2.22815e-01  2.28969e-03  1.35298e-04 
  2.23564e-01  2.29827e-03  1.34878e-04 
  2.24313e-01  2.04261e-03  1.34462e-04 
  2.25063e-01  2.25564e-03  1.34049e-04 
  2.25812e-01  2.39481e-03  1.33638e-04 
  2.26561e-01  1.97319e-03  1.33232e-04 
  2.27311e-01  2.01449e-03  1.32828e-04 
  2.28060e-01  2.02120e-03  1.32427e-04 
  2.28810e-01  1.86171e-03  1.32030e-04 
  2.29559e-01  1.85732e-03  1.31636e-04 
  2.30308e-01  2.11411e-03  1.31244e-04 
  2.31058e-01  2.25166e-03  1.30856e-04 
  2.31807e-01  1.96308e-03  1.30471e-04 
  2.32556e-01  1.93440e-03  1.30088e-04 
  2.33306e-01  1.78025e-03  1.29709e-04 
  2.34055e-01  2.03051e-03  1.29332e-04 
  2.34805e-01  1.82279e-03  1.28959e-04 
  2.35554e-01  1.70589e-03  1.28588e-04 
  2.36303e-01  1.46510e-03  1.28220e-04 
  2.37053e-01  1.80352e-03  1.27855e-04 
  2.37802e-01  1.82374e-03  1.27493e-04 
  2.38551e-01  1.66949e-03  1.27133e-04 
  2.39301e-01  1.89631e-03  1.26777e-04 
  2.40050e-01  1.78895e-03  1.26423e-04 
  2.40799e-01  1.83187e-03  1.26071e-04 
  2.41549e-01  1.78855e-03  1.25723e-04 
  2.42298e-01  1.71516e-03  1.25377e-04 
  2.43048e-01  1.54670e-03  1.25034e-04 
  2.43797e-01  1.52287e-03  1.24693e-04 
  2.44546e-01  1.59398e-03  1.24355e-04 
  2.45296e-01  1.40229e-03  1.24019e-04 
  2.46045e-01  1.65281e-03  1.23686e-04 
  2.46794e-01  1.60665e-03  1.23356e-04 
  2.47544e-01  1.57093e-03  1.23028e-04 
  2.48293e-01  1.53404e-03  1.22703e-04 
  2.49043e-01  1.20285e-03  1.22380e-04 
  2.49792e-01  1.47988e-03  1.22060e-04 
  2.50541e-01  1.48065e-03  1.21742e-04 
  2.51291e-01  1.48506e-03  1.21426e-04 
  2.52040e-01  1.27426e-03  1.21113e-04 
  2.52789e-01  1.58138e-03  1.20803e-04 
  2.53539e-01  1.56810e-03  1.20494e-04 
  2.54288e-01  1.44070e-03  1.20189e-04 
  2.55038e-01  1.15873e-03  1.19885e-04 
  2.55787e-01  1.26488e-03  1.19584e-04 
  2.56536e-01  1.41152e-03  1.19285e-04 
  2.57286e-01  1.27912e-03  1.18988e-04 
  2.58035e-01  1.27361e-03  1.18693e-04 
  2.58784e-01  1.52642e-03  1.18401e-04 
  2.59534e-01  1.28890e-03  1.18111e-04 
  2.60283e-01  1.23426e-03  1.17823e-04 
  2.61033e-01  1.04950e-03  1.17538e-04 
  2.61782e-01  1.22535e-03  1.17254e-04 
  2.62531e-01  1.16847e-03  1.16973e-04 
  2.63281e-01  1.22445e-03  1.16694e-04 
  2.64030e-01  1.09954e-03  1.16417e-04 
  2.64779e-01  1.07769e-03  1.16142e-04 
  2.65529e-01  1.30434e-03  1.15869e-04 
  2.66278e-01  1.21281e-03  1.15598e-04 
  2.67028e-01  9.83036e-04  1.15329e-04 
  2.67777e-01  1.11726e-03  1.15062e-04 
  2.68526e-01  1.11852e-03  1.14798e-04 
  2.69276e-01  1.05936e-03  1.14535e-04 
  2.70025e-01  1.02366e-03  1.14274e-04 
  2.70774e-01  1.05300e-03  1.14015e-04 
  2.71524e-01  1.01442e-03  1.13758e-04 
  2.72273e-01  8.90013e-04  1.13503e-04 
  2.73023e-01  1.30886e-03  1.13250e-04 
  2.73772e-01  1.01558e-03  1.12999e-04 
  2.74521e-01  1.10414e-03  1.12750e-04 
  2.75271e-01  9.88266e-04  1.12502e-04 
  2.76020e-01  9.34736e-04  1.12257e-04 
  2.76769e-01  9.58077e-04  1.12013e-04 
  2.77519e-01  8.87651e-04  1.11771e-04 
  2.78268e-01  9.08297e-04  1.11531e-04 
  2.79018e-01  8.80832e-04  1.11293e-04 
  2.79767e-01  8.02049e-04  1.11056e-04 
  2.80516e-01  8.54987e-04  1.10821e-04 
  2.81266e-01  9.02321e-04  1.10588e-04 
  2.82015e-01  8.33187e-04  1.10357e-04 
  2.82764e-01  9.30436e-04  1.10128e-04 
  2.83514e-01  6.06700e-04  1.09900e-04 
  2.84263e-01  7.28069e-04  1.09673e-04 
  2.85013e-01  6.97744e-04  1.09449e-04 
  2.85762e-01  7.56798e-04  1.09226e-04 
  2.86511e-01  9.04164e-04  1.09005e-04 
  2.87261e-01  6.85994e-04  1.08785e-04 
  2.88010e-01  7.11841e-04  1.08568e-04 
  2.88759e-01  7.46264e-04  1.08351e-04 
  2.89509e-01  6.65003e-04  1.08137e-04 
  2.90258e-01  8.33709e-04  1.07923e-04 
  2.91008e-01  6.83432e-04  1.07712e-04 
  2.91757e-01  5.49840e-04  1.07502e-04 
  2.92506e-01  7.72462e-04  1.07294e-04 
  2.93256e-01  4.92502e-04  1.07087e-04 
  2.94005e-01  4.51705e-04  1.06881e-04 
  2.94754e-01  6.42002e-04  1.06677e-04 
  2.95504e-01  4.57642e-04  1.06475e-04 
  2.96253e-01  8.01233e-04  1.06274e-04 
  2.97003e-01  6.71235e-04  1.06075e-04 
  2.97752e-01  6.48137e-04  1.05877e-04 
  2.98501e-01  6.53833e-04  1.05680e-04 
  2.99251e-01  6.50624e-04  1.05485e-04 
  3.00000e-01  5.95244e-04  1.05292e-04 
