# Structure factor, S(q), used in: I(q) = P(q)*S(q)
# Default: S(q) = 1.0
# q                 S(q)             
  1.00000e-03      1.00000e+00      
  1.74937e-03      1.00000e+00      
  2.49875e-03      1.00000e+00      
  3.24812e-03      1.00000e+00      
  3.99749e-03      1.00000e+00      
  4.74687e-03      1.00000e+00      
  5.49624e-03      1.00000e+00      
  6.24561e-03      1.00000e+00      
  6.99499e-03      1.00000e+00      
  7.74436e-03      1.00000e+00      
  8.49373e-03      1.00000e+00      
  9.24311e-03      1.00000e+00      
  9.99248e-03      1.00000e+00      
  1.07419e-02      1.00000e+00      
  1.14912e-02      1.00000e+00      
  1.22406e-02      1.00000e+00      
  1.29900e-02      1.00000e+00      
  1.37393e-02      1.00000e+00      
  1.44887e-02      1.00000e+00      
  1.52381e-02      1.00000e+00      
  1.59875e-02      1.00000e+00      
  1.67368e-02      1.00000e+00      
  1.74862e-02      1.00000e+00      
  1.82356e-02      1.00000e+00      
  1.89850e-02      1.00000e+00      
  1.97343e-02      1.00000e+00      
  2.04837e-02      1.00000e+00      
  2.12331e-02      1.00000e+00      
  2.19825e-02      1.00000e+00      
  2.27318e-02      1.00000e+00      
  2.34812e-02      1.00000e+00      
  2.42306e-02      1.00000e+00      
  2.49799e-02      1.00000e+00      
  2.57293e-02      1.00000e+00      
  2.64787e-02      1.00000e+00      
  2.72281e-02      1.00000e+00      
  2.79774e-02      1.00000e+00      
  2.87268e-02      1.00000e+00      
  2.94762e-02      1.00000e+00      
  3.02256e-02      1.00000e+00      
  3.09749e-02      1.00000e+00      
  3.17243e-02      1.00000e+00      
  3.24737e-02      1.00000e+00      
  3.32231e-02      1.00000e+00      
  3.39724e-02      1.00000e+00      
  3.47218e-02      1.00000e+00      
  3.54712e-02      1.00000e+00      
  3.62206e-02      1.00000e+00      
  3.69699e-02      1.00000e+00      
  3.77193e-02      1.00000e+00      
  3.84687e-02      1.00000e+00      
  3.92180e-02      1.00000e+00      
  3.99674e-02      1.00000e+00      
  4.07168e-02      1.00000e+00      
  4.14662e-02      1.00000e+00      
  4.22155e-02      1.00000e+00      
  4.29649e-02      1.00000e+00      
  4.37143e-02      1.00000e+00      
  4.44637e-02      1.00000e+00      
  4.52130e-02      1.00000e+00      
  4.59624e-02      1.00000e+00      
  4.67118e-02      1.00000e+00      
  4.74612e-02      1.00000e+00      
  4.82105e-02      1.00000e+00      
  4.89599e-02      1.00000e+00      
  4.97093e-02      1.00000e+00      
  5.04586e-02      1.00000e+00      
  5.12080e-02      1.00000e+00      
  5.19574e-02      1.00000e+00      
  5.27068e-02      1.00000e+00      
  5.34561e-02      1.00000e+00      
  5.42055e-02      1.00000e+00      
  5.49549e-02      1.00000e+00      
  5.57043e-02      1.00000e+00      
  5.64536e-02      1.00000e+00      
  5.72030e-02      1.00000e+00      
  5.79524e-02      1.00000e+00      
  5.87018e-02      1.00000e+00      
  5.94511e-02      1.00000e+00      
  6.02005e-02      1.00000e+00      
  6.09499e-02      1.00000e+00      
  6.16992e-02      1.00000e+00      
  6.24486e-02      1.00000e+00      
  6.31980e-02      1.00000e+00      
  6.39474e-02      1.00000e+00      
  6.46967e-02      1.00000e+00      
  6.54461e-02      1.00000e+00      
  6.61955e-02      1.00000e+00      
  6.69449e-02      1.00000e+00      
  6.76942e-02      1.00000e+00      
  6.84436e-02      1.00000e+00      
  6.91930e-02      1.00000e+00      
  6.99424e-02      1.00000e+00      
  7.06917e-02      1.00000e+00      
  7.14411e-02      1.00000e+00      
  7.21905e-02      1.00000e+00      
  7.29398e-02      1.00000e+00      
  7.36892e-02      1.00000e+00      
  7.44386e-02      1.00000e+00      
  7.51880e-02      1.00000e+00      
  7.59373e-02      1.00000e+00      
  7.66867e-02      1.00000e+00      
  7.74361e-02      1.00000e+00      
  7.81855e-02      1.00000e+00      
  7.89348e-02      1.00000e+00      
  7.96842e-02      1.00000e+00      
  8.04336e-02      1.00000e+00      
  8.11830e-02      1.00000e+00      
  8.19323e-02      1.00000e+00      
  8.26817e-02      1.00000e+00      
  8.34311e-02      1.00000e+00      
  8.41805e-02      1.00000e+00      
  8.49298e-02      1.00000e+00      
  8.56792e-02      1.00000e+00      
  8.64286e-02      1.00000e+00      
  8.71779e-02      1.00000e+00      
  8.79273e-02      1.00000e+00      
  8.86767e-02      1.00000e+00      
  8.94261e-02      1.00000e+00      
  9.01754e-02      1.00000e+00      
  9.09248e-02      1.00000e+00      
  9.16742e-02      1.00000e+00      
  9.24236e-02      1.00000e+00      
  9.31729e-02      1.00000e+00      
  9.39223e-02      1.00000e+00      
  9.46717e-02      1.00000e+00      
  9.54211e-02      1.00000e+00      
  9.61704e-02      1.00000e+00      
  9.69198e-02      1.00000e+00      
  9.76692e-02      1.00000e+00      
  9.84185e-02      1.00000e+00      
  9.91679e-02      1.00000e+00      
  9.99173e-02      1.00000e+00      
  1.00667e-01      1.00000e+00      
  1.01416e-01      1.00000e+00      
  1.02165e-01      1.00000e+00      
  1.02915e-01      1.00000e+00      
  1.03664e-01      1.00000e+00      
  1.04414e-01      1.00000e+00      
  1.05163e-01      1.00000e+00      
  1.05912e-01      1.00000e+00      
  1.06662e-01      1.00000e+00      
  1.07411e-01      1.00000e+00      
  1.08160e-01      1.00000e+00      
  1.08910e-01      1.00000e+00      
  1.09659e-01      1.00000e+00      
  1.10409e-01      1.00000e+00      
  1.11158e-01      1.00000e+00      
  1.11907e-01      1.00000e+00      
  1.12657e-01      1.00000e+00      
  1.13406e-01      1.00000e+00      
  1.14155e-01      1.00000e+00      
  1.14905e-01      1.00000e+00      
  1.15654e-01      1.00000e+00      
  1.16404e-01      1.00000e+00      
  1.17153e-01      1.00000e+00      
  1.17902e-01      1.00000e+00      
  1.18652e-01      1.00000e+00      
  1.19401e-01      1.00000e+00      
  1.20150e-01      1.00000e+00      
  1.20900e-01      1.00000e+00      
  1.21649e-01      1.00000e+00      
  1.22398e-01      1.00000e+00      
  1.23148e-01      1.00000e+00      
  1.23897e-01      1.00000e+00      
  1.24647e-01      1.00000e+00      
  1.25396e-01      1.00000e+00      
  1.26145e-01      1.00000e+00      
  1.26895e-01      1.00000e+00      
  1.27644e-01      1.00000e+00      
  1.28393e-01      1.00000e+00      
  1.29143e-01      1.00000e+00      
  1.29892e-01      1.00000e+00      
  1.30642e-01      1.00000e+00      
  1.31391e-01      1.00000e+00      
  1.32140e-01      1.00000e+00      
  1.32890e-01      1.00000e+00      
  1.33639e-01      1.00000e+00      
  1.34388e-01      1.00000e+00      
  1.35138e-01      1.00000e+00      
  1.35887e-01      1.00000e+00      
  1.36637e-01      1.00000e+00      
  1.37386e-01      1.00000e+00      
  1.38135e-01      1.00000e+00      
  1.38885e-01      1.00000e+00      
  1.39634e-01      1.00000e+00      
  1.40383e-01      1.00000e+00      
  1.41133e-01      1.00000e+00      
  1.41882e-01      1.00000e+00      
  1.42632e-01      1.00000e+00      
  1.43381e-01      1.00000e+00      
  1.44130e-01      1.00000e+00      
  1.44880e-01      1.00000e+00      
  1.45629e-01      1.00000e+00      
  1.46378e-01      1.00000e+00      
  1.47128e-01      1.00000e+00      
  1.47877e-01      1.00000e+00      
  1.48627e-01      1.00000e+00      
  1.49376e-01      1.00000e+00      
  1.50125e-01      1.00000e+00      
  1.50875e-01      1.00000e+00      
  1.51624e-01      1.00000e+00      
  1.52373e-01      1.00000e+00      
  1.53123e-01      1.00000e+00      
  1.53872e-01      1.00000e+00      
  1.54622e-01      1.00000e+00      
  1.55371e-01      1.00000e+00      
  1.56120e-01      1.00000e+00      
  1.56870e-01      1.00000e+00      
  1.57619e-01      1.00000e+00      
  1.58368e-01      1.00000e+00      
  1.59118e-01      1.00000e+00      
  1.59867e-01      1.00000e+00      
  1.60617e-01      1.00000e+00      
  1.61366e-01      1.00000e+00      
  1.62115e-01      1.00000e+00      
  1.62865e-01      1.00000e+00      
  1.63614e-01      1.00000e+00      
  1.64363e-01      1.00000e+00      
  1.65113e-01      1.00000e+00      
  1.65862e-01      1.00000e+00      
  1.66612e-01      1.00000e+00      
  1.67361e-01      1.00000e+00      
  1.68110e-01      1.00000e+00      
  1.68860e-01      1.00000e+00      
  1.69609e-01      1.00000e+00      
  1.70358e-01      1.00000e+00      
  1.71108e-01      1.00000e+00      
  1.71857e-01      1.00000e+00      
  1.72607e-01      1.00000e+00      
  1.73356e-01      1.00000e+00      
  1.74105e-01      1.00000e+00      
  1.74855e-01      1.00000e+00      
  1.75604e-01      1.00000e+00      
  1.76353e-01      1.00000e+00      
  1.77103e-01      1.00000e+00      
  1.77852e-01      1.00000e+00      
  1.78602e-01      1.00000e+00      
  1.79351e-01      1.00000e+00      
  1.80100e-01      1.00000e+00      
  1.80850e-01      1.00000e+00      
  1.81599e-01      1.00000e+00      
  1.82348e-01      1.00000e+00      
  1.83098e-01      1.00000e+00      
  1.83847e-01      1.00000e+00      
  1.84596e-01      1.00000e+00      
  1.85346e-01      1.00000e+00      
  1.86095e-01      1.00000e+00      
  1.86845e-01      1.00000e+00      
  1.87594e-01      1.00000e+00      
  1.88343e-01      1.00000e+00      
  1.89093e-01      1.00000e+00      
  1.89842e-01      1.00000e+00      
  1.90591e-01      1.00000e+00      
  1.91341e-01      1.00000e+00      
  1.92090e-01      1.00000e+00      
  1.92840e-01      1.00000e+00      
  1.93589e-01      1.00000e+00      
  1.94338e-01      1.00000e+00      
  1.95088e-01      1.00000e+00      
  1.95837e-01      1.00000e+00      
  1.96586e-01      1.00000e+00      
  1.97336e-01      1.00000e+00      
  1.98085e-01      1.00000e+00      
  1.98835e-01      1.00000e+00      
  1.99584e-01      1.00000e+00      
  2.00333e-01      1.00000e+00      
  2.01083e-01      1.00000e+00      
  2.01832e-01      1.00000e+00      
  2.02581e-01      1.00000e+00      
  2.03331e-01      1.00000e+00      
  2.04080e-01      1.00000e+00      
  2.04830e-01      1.00000e+00      
  2.05579e-01      1.00000e+00      
  2.06328e-01      1.00000e+00      
  2.07078e-01      1.00000e+00      
  2.07827e-01      1.00000e+00      
  2.08576e-01      1.00000e+00      
  2.09326e-01      1.00000e+00      
  2.10075e-01      1.00000e+00      
  2.10825e-01      1.00000e+00      
  2.11574e-01      1.00000e+00      
  2.12323e-01      1.00000e+00      
  2.13073e-01      1.00000e+00      
  2.13822e-01      1.00000e+00      
  2.14571e-01      1.00000e+00      
  2.15321e-01      1.00000e+00      
  2.16070e-01      1.00000e+00      
  2.16820e-01      1.00000e+00      
  2.17569e-01      1.00000e+00      
  2.18318e-01      1.00000e+00      
  2.19068e-01      1.00000e+00      
  2.19817e-01      1.00000e+00      
  2.20566e-01      1.00000e+00      
  2.21316e-01      1.00000e+00      
  2.22065e-01      1.00000e+00      
  2.22815e-01      1.00000e+00      
  2.23564e-01      1.00000e+00      
  2.24313e-01      1.00000e+00      
  2.25063e-01      1.00000e+00      
  2.25812e-01      1.00000e+00      
  2.26561e-01      1.00000e+00      
  2.27311e-01      1.00000e+00      
  2.28060e-01      1.00000e+00      
  2.28810e-01      1.00000e+00      
  2.29559e-01      1.00000e+00      
  2.30308e-01      1.00000e+00      
  2.31058e-01      1.00000e+00      
  2.31807e-01      1.00000e+00      
  2.32556e-01      1.00000e+00      
  2.33306e-01      1.00000e+00      
  2.34055e-01      1.00000e+00      
  2.34805e-01      1.00000e+00      
  2.35554e-01      1.00000e+00      
  2.36303e-01      1.00000e+00      
  2.37053e-01      1.00000e+00      
  2.37802e-01      1.00000e+00      
  2.38551e-01      1.00000e+00      
  2.39301e-01      1.00000e+00      
  2.40050e-01      1.00000e+00      
  2.40799e-01      1.00000e+00      
  2.41549e-01      1.00000e+00      
  2.42298e-01      1.00000e+00      
  2.43048e-01      1.00000e+00      
  2.43797e-01      1.00000e+00      
  2.44546e-01      1.00000e+00      
  2.45296e-01      1.00000e+00      
  2.46045e-01      1.00000e+00      
  2.46794e-01      1.00000e+00      
  2.47544e-01      1.00000e+00      
  2.48293e-01      1.00000e+00      
  2.49043e-01      1.00000e+00      
  2.49792e-01      1.00000e+00      
  2.50541e-01      1.00000e+00      
  2.51291e-01      1.00000e+00      
  2.52040e-01      1.00000e+00      
  2.52789e-01      1.00000e+00      
  2.53539e-01      1.00000e+00      
  2.54288e-01      1.00000e+00      
  2.55038e-01      1.00000e+00      
  2.55787e-01      1.00000e+00      
  2.56536e-01      1.00000e+00      
  2.57286e-01      1.00000e+00      
  2.58035e-01      1.00000e+00      
  2.58784e-01      1.00000e+00      
  2.59534e-01      1.00000e+00      
  2.60283e-01      1.00000e+00      
  2.61033e-01      1.00000e+00      
  2.61782e-01      1.00000e+00      
  2.62531e-01      1.00000e+00      
  2.63281e-01      1.00000e+00      
  2.64030e-01      1.00000e+00      
  2.64779e-01      1.00000e+00      
  2.65529e-01      1.00000e+00      
  2.66278e-01      1.00000e+00      
  2.67028e-01      1.00000e+00      
  2.67777e-01      1.00000e+00      
  2.68526e-01      1.00000e+00      
  2.69276e-01      1.00000e+00      
  2.70025e-01      1.00000e+00      
  2.70774e-01      1.00000e+00      
  2.71524e-01      1.00000e+00      
  2.72273e-01      1.00000e+00      
  2.73023e-01      1.00000e+00      
  2.73772e-01      1.00000e+00      
  2.74521e-01      1.00000e+00      
  2.75271e-01      1.00000e+00      
  2.76020e-01      1.00000e+00      
  2.76769e-01      1.00000e+00      
  2.77519e-01      1.00000e+00      
  2.78268e-01      1.00000e+00      
  2.79018e-01      1.00000e+00      
  2.79767e-01      1.00000e+00      
  2.80516e-01      1.00000e+00      
  2.81266e-01      1.00000e+00      
  2.82015e-01      1.00000e+00      
  2.82764e-01      1.00000e+00      
  2.83514e-01      1.00000e+00      
  2.84263e-01      1.00000e+00      
  2.85013e-01      1.00000e+00      
  2.85762e-01      1.00000e+00      
  2.86511e-01      1.00000e+00      
  2.87261e-01      1.00000e+00      
  2.88010e-01      1.00000e+00      
  2.88759e-01      1.00000e+00      
  2.89509e-01      1.00000e+00      
  2.90258e-01      1.00000e+00      
  2.91008e-01      1.00000e+00      
  2.91757e-01      1.00000e+00      
  2.92506e-01      1.00000e+00      
  2.93256e-01      1.00000e+00      
  2.94005e-01      1.00000e+00      
  2.94754e-01      1.00000e+00      
  2.95504e-01      1.00000e+00      
  2.96253e-01      1.00000e+00      
  2.97003e-01      1.00000e+00      
  2.97752e-01      1.00000e+00      
  2.98501e-01      1.00000e+00      
  2.99251e-01      1.00000e+00      
  3.00000e-01      1.00000e+00      
