0.03068041599999999	44160.90543744828	71.9756393879313
0.032214436000000006	44146.28093014286	45.1414814615758
0.033748455999999996	43341.87323719213	44.07761123535834
0.035282476	42660.49410973892	44.98466297398001
0.036816500000000016	42004.9252487931	45.286806507529576
0.03835052	41416.575845108375	43.731111300199714
0.03988454000000001	40749.0653338867	43.088137699565756
0.04141856	40037.96346099999	40.441853367230976
0.04295258000000001	39303.66994665025	39.823764062775254
0.0444866	38499.48946699015	38.82798567186017
0.046020623999999996	37632.14998608867	37.57624288032414
0.04755464399999999	36815.23821059113	35.592535672556984
0.049088664000000004	36056.32298313301	33.45650977787031
0.05062268400000002	35223.537357359615	31.618686412184164
0.05215670400000002	34404.459351798025	30.52411680034929
0.053690728	33549.52006114285	30.780135063447904
0.055224748	32843.79104400985	31.849870991969592
0.05675876800000001	31975.147250635466	31.552227950350577
0.058292788000000005	31106.00637757143	29.403311525440206
0.05982680799999999	30316.860866206895	28.74233442733448
0.06136083199999998	29370.769796128076	26.871222873234696
0.062894852	28443.081506689654	26.192536008581044
0.06442887200000001	27550.159950039415	25.005771778160305
0.06596289199999997	26658.8484825931	23.79585136323274
0.06749691199999999	25796.490116733003	23.778143781147286
0.069030936	24907.867630893106	23.248920079190178
0.070564952	24098.556914069453	23.28875088632443
0.07209897600000001	23248.288699978322	22.369043599868146
0.07363300000000003	22398.786026896054	21.431009719726745
0.07516701599999999	21561.55147343941	20.499681815509163
0.07670104	20744.40339363596	19.352146752111082
0.07823505600000001	19917.761413213793	18.55015609389033
0.07976908000000002	19102.27127310887	17.925425951360054
0.08130309599999998	18340.889854314282	17.183850551264026
0.08283712	17577.10182598572	17.005574281922815
0.084371144	16839.315667114282	16.592384271032195
0.08590516000000002	16118.91200118473	16.3653319561234
0.08743918399999998	15400.626058745318	15.682005522684538
0.0889732	14702.718748068475	14.949401436207431
0.090507224	14031.1005164	14.536579548521406
0.09204124799999999	13350.999581017732	14.131282712882916
0.09357526400000003	12698.24737665862	13.593885963608468
0.09510928799999999	12066.341371191624	12.88630634280207
0.09664330400000001	11462.875564146307	12.403921885117343
0.09817732800000001	10904.403542203941	12.0291588601841
0.09971135199999999	10338.305157372906	11.898092542062503
0.10124537	9792.788184728079	11.736117249424945
0.10277939000000001	9270.046023720692	11.340289753233346
0.10431341000000004	8767.269433809359	10.844488016797182
0.10584743	8280.874667921185	10.55206925245554
0.10738146000000003	7808.774933922659	10.296814771525254
0.10891546999999997	7345.178211048275	9.999964778610842
0.11044950000000002	6919.126150817735	9.568924099214557
0.11198350999999997	6489.330098197538	9.126726174212337
0.11351753999999999	6080.193118140394	8.772250795535374
0.11505155999999996	5687.64841701133	8.509831163808226
0.11658557999999998	5324.215997542857	8.09817387739967
0.1181196	4966.456030853201	7.952779084416115
0.11965362	4629.47246276601	7.547155637342229
0.12118764000000003	4309.880258839409	7.222468793418184
0.12272166000000002	4005.556700412316	6.923179378282653
0.12425568000000002	3689.3688147408866	6.532500219936099
0.12578969999999995	3408.0856887039404	6.156292618575613
0.12732371999999997	3144.970243713301	5.851547913754744
0.12885773999999997	2897.0311834591134	5.502949330876015
0.13039176	2662.0152850384243	5.278994237187378
0.13192578	2444.2588522822657	5.0231706761888155
0.13345980999999998	2231.2236809078813	4.737209508781096
0.13499382000000001	2034.5425773743846	4.491661759586818
0.13652784000000004	1852.6532087763546	4.248948612313068
0.13806187	1689.234914878325	3.991885563046291
0.13959589000000003	1529.7777333620688	3.735533393330743
0.14112989999999997	1377.6255587039407	3.4998116164099553
0.14266394000000002	1241.8864643576355	3.342449377677681
0.14419794999999996	1114.2939076182265	3.1482252573282166
0.14573196999999996	995.2331385487684	2.9728694390023
0.14726600000000006	888.9370602743843	2.810461072316518
0.14880001999999998	790.1587295669949	2.6326022251468375
0.15033403	706.5489160571428	2.4469438960238055
0.15186805	623.9017064522167	2.275664346967082
0.15340208	550.3918272876847	2.105955581501278
0.15493610000000002	482.16506825418713	1.9692538866227718
0.15647010999999994	420.9637199783251	1.8190942707105036
0.15800414000000002	371.6560311916257	1.6954919234853454
0.15953816000000004	324.40539164039404	1.5716624923287486
0.16107218000000006	282.78592051083746	1.4824250704976618
0.16260619	247.69453708423643	1.3840305343534793
0.16414021999999998	216.96271080738916	1.2696832203499735
0.16567424	190.19711031576355	1.197180289553902
0.16720825999999997	165.03480676748765	1.1052918174146176
0.16874229	149.32415859655174	1.0448938165356132
0.1702763	136.06001071527092	0.9918387796564879
0.17181032000000004	123.54266817389163	0.9399803967818632
0.17334434999999998	115.58235412315268	0.9134509992136296
0.17487837000000003	108.68712291428572	0.8793258929300131
0.17641237999999995	104.85680880738916	0.8530913286959413
0.1779464	104.01680143990149	0.8495260777747764
0.17948042999999994	103.6332701187192	0.8442408820487297
0.18101445	106.50415645615765	0.8537068155076998
0.18254846	111.23027071970446	0.8739485399883611
0.1840825	115.34412582413792	0.8849825378731425
0.18561651	122.24395127438422	0.9011724105796303
0.18715052999999998	128.93636857487684	0.91190724444086
0.18868456	135.71988195911328	0.9412123987125345
0.19021857999999997	144.06525321280787	0.9659990149246739
0.19175259000000006	153.19457907142856	0.9967177334426447
0.19328660999999994	160.88197522463054	1.0062965238460668
0.19482064000000004	169.52409236995075	1.0223049271280251
0.19635465999999993	178.39580582019704	1.0465929938719496
0.19788867000000002	188.10694086157636	1.0760720840522309
0.19942269999999998	198.16923080000004	1.0888862929379266
0.20095672000000006	205.5763725034483	1.1122134812254594
0.20249074	214.0225327	1.140075597241807
0.20402475	222.86262329852215	1.1811968074986707
0.20555878000000002	231.64429538226602	1.1938326178920482
0.2070928	237.40803924975373	1.2105645148236808
0.20862682000000007	241.94654681970442	1.2248324633888465
0.21016084999999998	247.75947615369455	1.231168628103152
0.21169486	254.10425766748767	1.2498715193642078
0.21322887999999998	258.8559312118227	1.2463302730207206
0.21476291	262.69540855172414	1.2682572708423527
0.21629692999999997	265.6063189394089	1.2815337878875688
0.21783093999999995	267.2844098211823	1.273772128812887
0.21936496000000003	269.5535804862069	1.2717374191828978
0.22089898999999993	272.8126360152709	1.292893383511563
0.22243301000000001	271.52698070788176	1.2786646735055824
0.22396701999999993	270.5439681	1.2788313231947541
0.22550106	269.19803170246297	1.2825388776347273
0.22703506999999992	270.40646594285715	1.2665727094751291
0.22856909000000006	265.5521205093596	1.2300207415664601
0.2301031199999999	262.15565270689655	1.2044859136042585
0.23163714000000005	258.9450386586207	1.1826415189338935
0.23317115	254.77101280098523	1.1681638206801828
0.23470516999999994	249.74721591231526	1.1568745880964078
0.2362392	245.7263527315271	1.1437393257215867
0.2377732200000001	240.32481423103445	1.1200328210264594
0.23930723000000007	234.88977101576353	1.1000922681035212
0.24084125999999997	228.80203045270932	1.089404966551668
0.24237528000000005	222.23730174679804	1.0721821888868122
0.2439092999999999	215.43025665221674	1.0556895894007614
0.24544333000000004	206.81814021527094	1.034747381456428
0.24697733999999996	199.06736001527094	1.0020737331179443
0.24851136000000004	192.73737396059113	0.9790225738750662
0.25004538	185.7630964216749	0.9589328496118842
0.25157941000000006	177.05464342364533	0.9354347759308637
0.25311342	169.68394723546797	0.9189251105359217
0.25464743999999995	162.44499500098524	0.8983995448829101
0.25618147	153.1170250315271	0.8756315840944818
0.25771548999999994	145.29233862561574	0.845592738094589
0.2592495	137.12361186305418	0.8259712246143701
0.26078352	129.147771653202	0.7955575276602601
0.26231755000000007	122.46136172561576	0.7702010627481285
0.26385157	114.98710028275863	0.7535069920667422
0.2653855800000001	107.43416410738915	0.7254482971983709
0.26691961999999997	101.00752461970444	0.6912771836448841
0.2684536299999999	93.8573803142857	0.6613122291486597
0.26998765	87.40083788325121	0.6468471503870108
0.27152165999999994	80.87372656650246	0.6287129395803283
0.2730556800000001	75.31893946256157	0.60469537637559
0.27458972999999987	70.05237137487686	0.5794532429501199
0.27612374	64.65658521428571	0.5524687944052751
0.2776577599999999	59.308046765024635	0.5299316011233204
0.27919178000000006	54.470568138423644	0.5112326147181521
0.28072579	50.30857169950739	0.4922944056866633
0.2822598100000001	45.56358802758621	0.4706389329835727
0.28379382000000003	40.8459431231527	0.4466102957709641
0.28532787000000004	37.77790232807882	0.4336818401402095
0.28686189	34.41647641477832	0.414211704374053
0.28839590000000015	31.243807674876848	0.3998286201400253
0.28992992	28.918761065517245	0.38674967441503555
0.2914639399999999	27.090698132019696	0.3758561151599437
0.29299795000000006	25.079998631527097	0.36305811215677253
0.2945320000000001	23.356578207389166	0.3518658654325398
0.29606602	21.208027997044336	0.3377570186955215
0.29760002999999996	19.902338195073895	0.33192589687880053
0.29913405000000004	19.02667399113301	0.32433219945108865
0.30066806	18.77708578275862	0.32299369183507054
0.30220207999999993	18.15152967044335	0.31588806853690327
0.3037361	17.906511659113306	0.3139301049942308
0.3052701400000001	18.51883840147783	0.31568462146100096
0.30680416	18.677712354679805	0.315790190017028
0.3083381799999999	19.0640994137931	0.31908444425309496
0.30987219000000005	19.91451830738916	0.3233152625585786
0.31140620999999996	20.470025982758614	0.32503948698405205
0.3129402199999999	21.196132495073893	0.32757504363877377
0.31447424	22.48761399261084	0.33248103207568486
0.31600829	23.51950956748768	0.33922477407483265
0.3175423	24.826332412807883	0.34478027491673374
0.3190763200000001	26.628233193103455	0.35330959852021965
0.32061034	28.20619400344827	0.36312913025776344
0.32214434999999997	29.850368945320195	0.3683258547614292
0.32367837000000005	31.31693090738916	0.3730039301641907
0.32521238	33.060650603448266	0.3807235825476421
0.32674643	34.30730332118227	0.3850194093151367
0.32828044999999995	36.1879589546798	0.39543146110342753
0.32981446000000003	37.46261227980296	0.3976090399277644
0.33134848	39.18500534630542	0.40235913495104403
0.3328825000000001	41.0010203093596	0.4089438147729741
0.33441650999999994	42.49900753694581	0.4147677765206933
0.33595056	43.54472231921182	0.4185610549270776
0.33748458	45.555765724137935	0.4234281755104353
0.3390185900000001	47.16872192216749	0.430099605533067
0.3405526099999999	48.61549734088669	0.4366410377755102
0.34208661999999995	49.30578427192118	0.4412087444659412
0.3436206400000001	49.775640277339896	0.43745092725580287
0.34515466000000006	50.620727484729066	0.438982936011493
0.34668869999999996	52.129917044334974	0.4457751273275439
0.34822271999999993	53.479450283251246	0.44895053299804105
0.34975674000000007	53.664113807881776	0.4489770344417716
0.35129075000000004	54.03281119655172	0.44802550583126977
0.3528247699999999	54.44941597684729	0.4457629059471273
0.35435878000000004	55.215284637438415	0.4503276542896134
0.3558928	55.3703985862069	0.4510579518071597
0.3574268500000001	54.8644708413793	0.4469176136584634
0.3589608599999999	54.27302233546798	0.443937261493126
0.36049488	54.41871786748769	0.445712510119111
0.3620289	54.12107331970443	0.44058247202298473
0.3635629100000001	53.72674227881774	0.43777745717491723
0.36509693	53.98234371674876	0.43976658415368874
0.36663094	52.671851779802964	0.43215012478650283
0.36816499	51.265589405418716	0.42768320282734396
0.36969901	51.48123280295567	0.4263284171902573
0.37123302	50.705076088177336	0.42295859590616885
0.37276704	49.56389567931035	0.4199928438376732
0.37430105999999996	48.68546055517242	0.4153025581209031
0.37583507	46.91643648078818	0.40884962991013407
0.37736912	45.66728390394089	0.4001350612595933
0.37890314000000014	44.81991224482759	0.3941564655787607
0.38043715	42.71953191773399	0.38635502801764754
0.38197116999999997	41.270890599999994	0.380609623326144
0.3835051800000001	40.81051852167487	0.3783923849710173
0.38503919999999997	38.87477794581282	0.3705054811578436
0.3865732199999999	37.27934711182266	0.3628029598634349
0.38810726	35.97113183990149	0.35742234779956367
0.3896412800000001	34.167350057142855	0.3499519201040705
0.3911752999999999	32.25350005960591	0.34125616543555365
0.3927093099999999	30.76714955221675	0.33381146723769256
0.39424333000000006	28.956678021182267	0.3245943120782386
0.39577734000000003	27.404163210344826	0.3169189602748826
0.3973113599999999	25.748729612807875	0.3088800871234452
0.3988454099999999	24.710776665517244	0.304331823243327
0.4003794200000001	23.630864361083745	0.29978371342455784
0.4019134400000001	21.78729233743842	0.29060757138807325
0.4034474599999998	20.587487534975374	0.2807781223984063
0.40498147	19.32571527487685	0.27523787178645065
0.40651549000000003	17.66686877487684	0.2673985383752639
0.4080495	16.176726524137926	0.2596083006863226
0.40958354999999985	15.058622821182263	0.25162492623614147
0.41111757	14.147718579310341	0.24505208924801453
0.4126515800000001	12.924710965517242	0.23837412466973004
0.4141856	12.240001304926105	0.23453333078979943
0.41571962	11.214905422660102	0.2288040982717449
0.41725363	10.415470411822659	0.22256758173097801
0.41878768000000005	9.543401025615765	0.21728708554081635
0.42032169999999996	8.995269972906405	0.21250814788714464
0.42185571	8.237312856157635	0.20834583966916007
0.4233897300000002	7.374000811330052	0.2037532477666643
0.42492373999999994	7.007218223645319	0.20370253635565105
0.42645775999999996	6.793878309852215	0.2014252390224483
0.4279917800000001	6.317337090147784	0.197674586465039
0.42952582	6.099184906650244	0.19558885301732054
0.4310598399999999	5.881187640886701	0.1951718657643415
0.43259385999999994	5.668318823152709	0.19528421344126046
0.43412787000000014	5.780663666995073	0.19461299104927776
0.43566189000000005	5.467907133004928	0.19290664447322686
0.4371958999999999	5.404426282758623	0.19492799064587135
0.43872992000000005	5.6047555679802965	0.19493400847273903
0.4402639700000001	5.576366899014777	0.1945468633679481
0.44179797999999987	5.992063457635467	0.1973594194435868
0.4433319999999999	6.1689072472906386	0.19914529028187608
0.44486602000000003	6.271432322660098	0.19941599476589505
0.4464000300000001	6.669489024137932	0.20210662559818773
0.4479340499999998	6.402339059605913	0.2006763727341674
0.44946809999999987	6.715645654187194	0.2028262561750101
0.45100211000000007	7.434370219211823	0.2026008963220127
0.4525361300000001	7.571478310344829	0.20530871859062894
0.45407013999999984	7.9802313758620675	0.20589152471502803
0.45560416	8.426205937438423	0.2072281735739643
0.4571381800000001	8.809608591133006	0.2105617663773379
0.45867218999999987	8.79800760049261	0.21039720940009876
0.4602062399999998	9.294867880295566	0.212311388600864
0.46174026	10.01338699211823	0.2154928333779181
0.46327427000000004	10.379756391625618	0.2163410450388143
0.46480828999999996	10.70870036502463	0.2191662168451273
0.4663423	11.241165196551723	0.22109536505400545
0.4678763200000002	11.532645110344825	0.2231249494966011
0.46941033999999987	11.496021418226595	0.22234796906472845
0.4709443799999999	11.908666979802955	0.22304724926633682
0.4724784	12.400608227093596	0.22581774090333961
0.47401242000000016	12.698559748768476	0.2262163339339542
0.4755464299999999	13.076307582758625	0.22640816438890635
0.47708044999999993	13.142435668965518	0.2272135506206668
0.47861446000000013	13.29671021182266	0.22668501653254955
0.48014848000000016	13.528296121182267	0.22915722541653397
0.4816825299999999	13.301449615763548	0.22768285544403172
0.48321653999999997	13.699841143349751	0.22928931314637174
0.4847505600000001	13.632931773891627	0.22732831345501867
0.48628458000000013	13.588968466009852	0.2275826077394024
0.4878185899999999	13.76273122019704	0.22640131576916234
0.48935261	13.631182395566508	0.2255298405698121
0.4908866600000001	13.253870538423644	0.22269564583130388
0.49242066999999984	13.084631196059117	0.22172811926669309
0.49395468999999986	13.11570873004926	0.2227058007607651
0.49548870000000006	13.325818459605912	0.22404291739475846
0.4970227200000001	12.468755348768472	0.2177494013162077
0.4985567399999999	12.555861352709362	0.2180583299937754
0.50009075	12.834813639408864	0.21876526689614817
0.5016248	12.34365837832512	0.21598599024751047
0.5031588200000001	11.931452032019703	0.2147091800621397
0.5046928299999999	11.666771477339903	0.21286436163866235
0.50622685	11.635480236945813	0.21101930062728166
0.5077608600000001	10.866295572413797	0.20851247611684848
0.5092948799999999	10.614234579802957	0.20531406421342385
0.5108289	10.253516916748769	0.20299898944059397
0.51236294	9.91666816453202	0.20121726816396548
0.5138969600000001	9.633497631034485	0.19772734188952118
0.5154309799999999	8.820061978817733	0.1939538556201935
0.51696499	8.451784563054183	0.19198676353813074
0.5184990100000001	8.338516547783254	0.19068226874033856
0.5200330199999998	8.02303122364532	0.18906720451953543
0.52156704	7.471475045320197	0.1846762181148461
0.52310109	7.386918477832512	0.18399961043930943
0.5246351000000001	6.9013128635467975	0.180170358746668
0.5261691200000003	6.659895687192119	0.18018541451478226
0.52770314	6.279630402463052	0.1787004938679756
0.52923715	5.740756943349751	0.17535032716046262
0.5307711699999997	5.6091003187192126	0.17444304206036212
0.5323052199999998	5.246338409605911	0.17229121312496903
0.53383923	4.871744695073893	0.17015809235460688
0.53537325	4.505123898522167	0.16821881813668438
0.5369072599999998	4.396808921182266	0.16665892034369537
0.5384412799999999	4.090502892857141	0.16578815630600297
0.5399753	3.741493212068966	0.16525760669293685
0.5415093100000001	3.7445257339901463	0.16298723911064042
0.5430433299999999	3.4347582987684717	0.16178336448723135
0.54457734	3.2134959605911337	0.1604925169392361
0.5461113600000002	3.156355908128079	0.15998492664090627
0.54764544	3.0202992879310333	0.16011740385088535
0.5491794599999997	3.0957006366995063	0.15925092220752415
0.5507134699999999	3.0625588507389168	0.15926667099457537
0.55224749	2.7793862426108387	0.15614272789078865
0.5537814999999997	2.520746437438425	0.15248023788360088
0.5553155199999998	2.6131762719211817	0.15259225594687084
0.55684954	2.49416311108374	0.15064520070799373
0.5583835500000001	2.5702798098522175	0.15090060719758497
0.5599175699999999	2.781951237438423	0.1518945706984557
0.56145158	2.6831582724137952	0.15049518642172638
0.5629856000000001	2.4647127987684723	0.14924731759572085
0.5645196200000002	2.675973151724138	0.1498353166510017
0.56605363	2.976829450246302	0.1513760540555222
0.56758765	2.7617755751231527	0.15069641383820212
0.56912173	2.756990022906404	0.15104281444025916
0.5706557400000001	3.126881574384237	0.15281907551322
0.5721897599999999	3.1349060283251236	0.1527435548849609
0.57372378	3.185879503694581	0.15225745868950938
0.5752577900000001	3.246598772906406	0.15222698488255682
0.5767918099999998	3.688987799261084	0.15370938772663761
0.57832582	3.532550156403939	0.15444038370794916
0.57985984	3.8001036618226607	0.15469684696151648
0.5813938600000002	3.8361848660098516	0.15469139394359993
0.5829278699999999	3.850803315763547	0.15518234011006352
0.58446189	4.2534196401477855	0.15704866680263888
0.5859959000000001	4.20930339679803	0.1559624279925387
0.5875299199999999	4.249497696059112	0.15545717700967654
0.5890640000000003	4.580398358866996	0.1575839886271623
0.59059802	4.779044327339898	0.15888779477775022
0.59213203	5.012796306403942	0.15932757284856977
0.5936660499999997	4.831316505172414	0.15911966088396845
0.5952000599999999	4.838340596551724	0.1586305005211646
0.59673408	5.013166738423644	0.15969686466096833
0.5982681000000001	5.322933144581279	0.160704590800801
0.5998021099999999	5.183981312561576	0.15920096455377206
0.60133613	5.430947641625619	0.16060910899128905
0.6028701400000002	5.6439475103448284	0.1615548670655482
0.6044041599999999	5.592335036453203	0.16131416266084408
0.60593818	5.515188234729063	0.16128483047643616
0.6074721900000001	5.673611409605909	0.1635584149529409
0.6090062100000002	5.838381089162561	0.16234306741358243
0.6105402900000001	5.732954548275862	0.1616338815633767
0.6120743	5.634550171428574	0.16087797698990952
0.61360832	5.849314431527095	0.16239337257201356
0.6151423400000001	5.774277951724138	0.1602132035827789
0.6166763499999999	5.74105222807882	0.15908692576290723
0.61821037	5.581031669458129	0.1590876836064186
0.6197443800000001	5.583997467980296	0.15961242807297285
0.6212783999999998	5.5768896019704455	0.1577173078293331
0.6228124199999999	5.693971976847293	0.15863141572157333
0.62434643	5.537275872906403	0.15801124186872287
0.6258804500000001	5.165101007389161	0.15579200824821676
0.6274144599999999	5.1605551199507405	0.155333162531305
0.62894848	5.256826457142856	0.1550355872398577
0.63048256	5.16651149408867	0.15390535284206405
0.63201658	4.877008190640395	0.1529141514570754
0.6335505900000002	4.897925382019704	0.15194529521897363
0.6350846099999999	4.920874124384236	0.1518871520568088
0.63661862	4.632760695073892	0.15053521308643358
0.6381526400000002	4.31926160591133	0.14979770587539748
0.6396866599999999	4.319912917980298	0.14868723164678255
0.6412206699999999	4.327621801970443	0.1485539170994852
0.6427546900000001	3.722432343349757	0.14644084178153002
0.6442886999999998	3.657939801231529	0.14400198642932496
0.64582272	3.7406657618226626	0.14396605749889108
0.6473567400000001	3.6880613960591138	0.1436243844978524
0.6488907499999998	3.5771826995073903	0.14208938775848218
0.65042477	3.4526512583743836	0.1402517764649864
0.6519588499999999	3.2292163465517243	0.1386343285324866
0.65349286	2.9928742162561557	0.13824206408258602
0.6550268800000001	2.8921251963054173	0.1375881932627907
0.6565608999999999	2.649946969458129	0.13584512996964118
0.6580949099999999	2.685623069211821	0.13418828269910998
0.6596289300000001	2.4089874591133	0.13313568537407844
0.6611629399999999	2.406447577339902	0.13348008449857823
0.66269696	2.507742132019703	0.13406437505806126
0.66423098	2.23675855862069	0.13313256347701022
0.6657649899999998	2.0413030975369475	0.13119275503483432
0.66729901	2.064197284729066	0.13071013660280398
0.6688330199999999	1.9850672460591134	0.12958224372883995
0.6703670400000002	2.1004006970443347	0.12952276029832938
0.67190112	2.0864990600985216	0.12958596974477346
0.6734351400000003	1.8967032768472905	0.1284784945688776
0.6749691500000001	1.7068105507389149	0.12737579371790742
0.67650317	1.9019199453201976	0.12835226008266098
0.6780371800000002	1.622640687438425	0.12728882119894588
0.6795711999999999	1.6173902519704404	0.12620654995969868
0.6811052199999998	1.6566736044334966	0.1261444076157431
0.6826392300000002	1.6411081733990134	0.12594683294770803
0.68417325	1.7480876108374366	0.12552688420693991
0.6857072600000002	1.7714769258620686	0.12615616412352415
0.6872412800000002	1.7051459970443341	0.12538731666691558
0.6887752999999999	1.7927334169950742	0.12646070863221004
0.69030931	1.7579194009852195	0.12633607399858943
0.69184333	1.8068574238916275	0.12670087383277343
0.69337741	1.6986619889162569	0.12471071436148908
0.6949114200000002	1.9607909652709363	0.12699572096660755
0.6964454399999999	1.895411417980295	0.1276381999037451
0.6979794599999999	1.7942434554187177	0.1265325207279467
0.6995134700000001	1.8092175798029562	0.12663830419806885
0.7010474899999999	2.0855670224137954	0.12632596878368216
0.7025815000000001	1.9404332795566503	0.12684559566909606
0.7041155200000001	1.993058781280789	0.12668708980829274
0.7056495399999998	2.182256105665025	0.1264652816202635
0.70718355	2.476743850738915	0.12803445614304698
0.7087175699999999	2.5134657778325122	0.12829554758148434
0.7102515799999998	2.313996098768474	0.12714779416731822
0.7117856	2.265388883497537	0.12826237882862845
0.7133196799999998	2.3982070645320164	0.13000988551996426
0.7148536999999998	2.3650405766009843	0.13053485686967337
0.71638771	2.6364893049261076	0.130857381234767
0.7179217300000003	2.6183941662561594	0.13058313989114373
0.7194557400000001	2.6414405470443354	0.13120608295461167
0.72098976	2.409325581527095	0.13006814157944147
0.7225237799999997	2.6026031903940883	0.13127163233148295
0.7240577899999999	2.7343809475369456	0.13237104186281798
0.7255918099999998	2.705088989901478	0.13320566779502485
0.7271258200000001	2.8349011384236444	0.1337866970378134
0.72865984	3.162284648522167	0.13487352918245415
0.73019386	3.0961942182266	0.13441309948132027
0.7317278700000002	2.8680990125615757	0.1332768111291991
0.7332618899999997	2.9214645847290637	0.13418740034053067
0.7347959700000002	2.990786641625615	0.13522660276412068
0.73632998	3.037627482512316	0.1355945123628384
0.7378640000000001	2.995183670935962	0.13590487527401646
0.73939802	3.0419853578817735	0.13564774955094272
0.7409320299999999	3.027023449014777	0.1350194479185193
0.7424660500000001	3.0692016849753685	0.13517390362787318
0.74400006	3.121842093842364	0.13506524251946586
0.74553408	2.785459387931035	0.1340059976794497
0.7470681	2.9237080172413794	0.1351797546528199
0.7486021100000001	2.944118973645322	0.13516999373645247
0.7501361299999998	2.7976037559113305	0.1349502183791657
0.75167014	2.9171512445812793	0.13636011878336382
0.7532041599999999	2.772273018226599	0.13627585448663973
0.75473824	2.7824965315270944	0.13646868397963813
0.75627226	2.7709702226600976	0.13669327416487403
0.7578062699999998	2.8245453633004924	0.1371045922286755
0.7593402900000001	2.6717838999999985	0.13699168646699353
0.7608743	2.586782405911328	0.13646963510014812
0.7624083200000003	2.520420291871922	0.1353232465718244
0.7639423399999999	2.38165240763547	0.13583488643326921
0.76547635	2.5829868716748754	0.13704480496208798
0.76701037	2.482368757389162	0.13707178469426745
0.7685443799999999	2.345668321921183	0.13630711710383892
0.7700783999999999	2.18014790049261	0.13521716169112138
0.7716124200000002	2.093159593103448	0.13572323677232676
0.77314643	2.141849844334976	0.13553300352560924
0.77468045	2.1496217455665034	0.13586206199685813
0.7762145300000001	2.013488955418719	0.1357673549733381
0.7777485399999999	1.9601323802955646	0.13453482391509683
0.7792825600000002	1.8535601209359598	0.13388896084908755
0.7808165799999999	1.8028524046798022	0.13401268637401897
0.78235059	1.713209221921181	0.13344340907007274
0.78388461	1.8166485366995078	0.13402280710934594
0.7854186199999998	1.6840013721674891	0.13414581175598791
0.7869526399999999	1.5561680231527086	0.1337315898407941
0.7884866600000001	1.5530679591133003	0.13307598155767758
0.79002067	1.5827273834975362	0.13367378110064768
0.79155469	1.549124027339901	0.13295681182546565
0.7930887000000001	1.4959222985221663	0.13376356111627577
0.7946227199999998	1.194082863546801	0.13403168549243782
0.7961568000000002	1.2877791162561572	0.13615651861389924
0.7976908199999998	1.3539888913793101	0.1371449531712977
0.79922483	1.3883315815270922	0.13683069787906413
0.8007588499999999	1.1211671238916256	0.1358449839530669
0.8022928599999998	0.9426361591132988	0.13487126435354485
0.8038268800000002	1.1582537721674848	0.1373473346796228
0.8053609	1.1216586586206905	0.13682077096092587
0.8068949100000004	0.9557093879310363	0.13636338095778341
0.8084289299999999	0.9774572751231521	0.13721628375996198
0.80996294	1.0587883327586187	0.1370093333747243
0.81149696	1.0217711197044341	0.1374602322507994
0.8130309800000001	1.2287926766009845	0.13940225351126953
0.8145649900000002	1.0390019327586213	0.13982726036725296
0.8160990100000002	1.2152227916256138	0.1402327071487929
0.8176330899999998	1.0136484440886697	0.1388510482973093
0.8191670999999997	0.7154775854679816	0.13908374463993964
0.8207011200000002	0.7231646605911335	0.13993797592940938
0.82223514	1.1137712517241383	0.14069745785164356
0.8237691500000003	1.0547457359605907	0.14077671197541453
0.8253031699999999	0.9668598034482763	0.14081569261691618
0.82683718	1.0816945987684718	0.142009229232313
0.8283712	1.1069245793103475	0.14220629683416294
0.82990522	1.090164793842364	0.14227216719404925
0.8314392300000001	1.333750104433495	0.14451969208434032
0.8329732500000001	1.2140218825123164	0.14252910218204665
0.83450726	1.1487970667487675	0.14237876516653727
0.83604128	1.2688230145320203	0.14449289451524375
0.8375753600000001	1.2765221115763534	0.14514144863074127
0.83910938	1.462966568719211	0.14621395841115398
0.8406433900000002	1.453517667241381	0.14832559673552398
0.8421774099999998	1.408495015270935	0.14709771287587622
0.84371142	1.4627729029556642	0.14826132446829002
0.8452454399999999	1.370822488669952	0.14724739207886228
0.8467794600000004	1.381353323891628	0.14700620507927487
0.8483134700000002	1.1811966305418675	0.14715667293353785
0.84984749	1.0959052987684705	0.14747602382063466
0.8513815000000003	1.403192666748768	0.15145419249508996
0.8529155199999999	1.4786959273399	0.15293841880552575
0.8544495399999997	1.4266609903940877	0.15507845271854281
0.85598355	1.5268434293103432	0.15729380812895946
0.8575176300000001	1.6103480470443348	0.15787592825603883
0.8590516499999997	1.443501675862069	0.15842782652209778
0.86058566	1.4524123935960596	0.15942878229380453
0.8621196799999998	1.2507582310344816	0.15924340381294855
0.8636537000000003	1.3501887487684723	0.1600705228146345
0.8651877100000002	1.480789489408867	0.16082931197024464
0.86672173	1.4144100342364556	0.1633495402782857
0.8682557400000003	1.5047314399014793	0.1641964856776744
0.8697897599999999	1.4511827637931045	0.16616363302282897
0.8713237800000001	1.5410863512315274	0.16549863173989068
0.87285779	1.3937181556650255	0.16607536701120135
0.87439181	1.3985996150246303	0.1684442657413212
0.8759258199999999	1.4555340014778322	0.1696337290635404
0.8774598400000001	1.2764080068965518	0.16801539735821966
0.8789939199999998	1.2354639450738922	0.16926788000110307
0.8805279400000002	1.167709276600986	0.17036809230661595
0.8820619500000001	1.1581794556650244	0.17024003980862412
0.88359597	1.5473314948275885	0.1728766452704259
0.8851299800000002	1.4703945160098524	0.17473865562409502
0.8866639999999998	1.4314599206896546	0.17525346372802714
0.8881980200000003	1.2800699953201988	0.1747722807187536
0.8897320299999999	0.9686229879310364	0.1733818885725947
0.8912660500000004	0.9259101692118223	0.17353996238949157
0.8928000600000002	1.0695358800492611	0.177367635357136
0.89433408	1.240393474630542	0.17943071807006233
0.8958680999999998	1.2276509460591125	0.17849125657291365
0.8974021099999999	1.0173678189655169	0.17597077407594075
0.8989361900000002	1.1799302618226601	0.17598472224765782
0.90047021	1.2235307950738914	0.17951107367181685
0.9020042200000001	1.3683491211822671	0.18109214465156775
0.9035382399999997	1.399288499999999	0.18208757568937123
0.9050722600000002	1.0246445647783249	0.18000910170224815
0.9066062699999998	0.772165614285715	0.17780590496149928
0.9081402900000003	0.8326576007389157	0.17973730774212832
0.9096743000000002	1.0652763172413806	0.18447755081325573
0.91120832	0.6504731054187189	0.18073607036360945
0.9127423399999998	0.6566179667487688	0.1830671622852008
0.9142763499999998	0.8777371174876833	0.18407334576360426
0.9158103699999997	0.9597506339901489	0.18415488017430043
0.9173443799999997	0.8819456884236452	0.18485294267826055
0.9188784000000002	0.7242458197044321	0.18637743112303287
0.9204124799999996	0.6365526344827579	0.18415055771908329
0.9219465000000001	0.9597480347290643	0.1898236684801234
0.9234805099999998	0.7597717083743856	0.18872397146757572
0.9250145300000002	0.8470126544334979	0.18866924139826158
0.9265485400000001	0.7102951637931048	0.19281450872092828
0.92808256	0.39031715172413595	0.19099219303126894
0.9296165799999999	0.7449949997536942	0.19489966275071233
0.9311505899999998	0.9282950438423638	0.1957302000381174
0.9326846100000002	0.8393785633004924	0.1960625364112323
0.9342186199999999	0.6549696418719213	0.19612459317595185
0.9357526400000004	0.6069172532019698	0.1985870583900332
0.9372866599999999	0.5358309046798029	0.19718441780045914
0.93882067	0.8623962275862072	0.19950866575558773
0.9403547500000004	0.8039352179802952	0.20021465551061515
0.9418887700000002	0.7744302576354674	0.20163015676764123
0.9434227800000002	0.6756647081280773	0.2039480788657287
0.9449568	0.7726013568965522	0.2046480466371217
0.9464908199999998	1.101712131527095	0.20668680212451696
0.9480248299999997	1.2227787443349731	0.20997701719994277
0.9495588500000002	1.0271631236453205	0.2129896358478655
0.9510928599999998	0.8885765711822682	0.21368397907011047
0.9526268800000003	1.1501391820197036	0.21487439163845184
0.9541608999999999	0.568544151231527	0.21081440998977077
0.95569491	0.5037741896551733	0.2095432174221229
0.9572289299999998	0.5345352967980288	0.21642273654916294
0.9587629399999998	0.8362639854679799	0.21930801205983505
0.9602969600000003	0.9814990938423644	0.21712863136113691
0.96183104	0.7747402810344823	0.21542326706907616
0.9633650599999998	1.1682626866995074	0.2176519152004325
0.9648990699999996	0.9577361751231548	0.22117152832730994
0.9664330900000001	0.7602814726600959	0.22234113847347164
0.9679670999999997	0.8728957300492599	0.22126377027293537
0.9695011200000002	0.7446503642857154	0.2217785463955491
0.9710351399999998	0.5661307359605914	0.2239777965088692
0.97256915	0.854872143842365	0.22737476133740592
0.9741031699999999	0.6992322472906407	0.22847580348340463
0.9756371799999998	1.0140298879310317	0.2332847041725432
0.9771712000000002	1.0718107487684732	0.23580437452006162
0.97870522	0.7762676295566502	0.23260910677715996
0.9802392300000003	0.7613053389162552	0.23829302327173008
0.9817733099999998	0.9443846492610852	0.23851801537814327
0.9833073300000003	1.2845081871921193	0.24279814088142623
0.9848413399999997	0.8940529869458134	0.2425021174997555
0.9863753600000001	0.595651334482759	0.24113263585186678
0.9879093799999997	1.1374776985221677	0.24870687405827038
0.98944339	1.2595930339901464	0.24955954235334904
0.9909774099999998	1.0579512137931024	0.251903337657699
0.9925114199999997	0.756479633743842	0.2490132051979605
0.9940454400000002	0.7893301366995082	0.25301167401983904
0.99557946	1.0906851027093598	0.25581738672999305
0.9971134700000003	0.7146339204433518	0.2539767499468181
0.9986474899999999	1.1117768618226584	0.2574731925946238
1.0001815	0.638176625369459	0.2592571801199011
1.0017154999999998	0.5996038004926127	0.25949571554215356
1.0032496	0.9794398906403963	0.269777267310498
1.0047835999999999	1.227261429556652	0.27248382514687813
1.0063175999999996	1.156603704679803	0.2706780970183368
1.0078516000000002	0.5785181613300505	0.2696251632226802
1.0093856999999997	0.8749970100985234	0.27820945532710617
1.0109197000000003	1.3056111049261094	0.2829550765689559
1.0124537	1.1415243763546794	0.28403244834247066
1.0139876999999997	1.0645834546798039	0.2835922150501716
1.0155217000000003	1.1233093719211826	0.28184457601519686
1.0170557	1.04124880591133	0.286774303245255
1.0185898000000004	1.2090931593596048	0.28790911325312163
1.0201238000000001	0.8068289716748769	0.29553403590158944
1.0216578	0.6454649950738922	0.2881550824282209
1.0231919000000003	0.9755504007389186	0.3002456027182223
1.0247259	1.0022598408867003	0.3034682647678666
1.0262599	0.9153558573891596	0.3093685290960466
1.0277939000000003	0.7622252573891624	0.3076811159517703
1.0293279	0.5517333507389148	0.30790989135280594
1.0308620000000004	0.6689323859605905	0.3079775453535665
1.032396	0.6058298440886709	0.3120157930788309
1.03393	0.5018366610837433	0.31831876133636655
1.0354639999999997	0.9481206509852216	0.31900150786983805
1.036998	1.1356262780788189	0.33084546246195273
1.038532	0.6019016716748773	0.32950031416850584
1.0400659999999997	1.096735467487684	0.3371383318406421
1.0416001	0.7168022704433481	0.3328946979159873
1.0431340999999998	0.6523444514778323	0.3424756810330828
1.0446682	0.6789158736453196	0.3477878716491391
1.0462022	0.2980766344827579	0.33769075611924937
1.0477361999999997	0.77618921724138	0.3505644106677679
1.0492702000000003	1.0025156571428564	0.34836839035526873
1.0508042	0.5481602098522176	0.3500904181098691
1.0523381999999997	0.5812709896551729	0.3606089934286486
1.0538723	0.7374915938423658	0.36052233777751574
1.0554062999999998	0.32192890517241324	0.36028966920209093
1.0569403000000004	0.4808806512315291	0.36815101527281935
1.0584743	0.26034049630541833	0.36676021808486275
1.0600083	0.4792613495073885	0.37738761038249197
1.0615422999999997	0.32849441330049167	0.37940913245636837
1.0630764	0.8493760251231528	0.39832468093729684
1.0646103999999996	0.17056386650246225	0.39782747662318324
1.0661444000000002	-0.5557705748768464	0.3903120542456811
1.0676784999999998	0.44720024482758713	0.41478847246602824
1.0692124999999995	0.5991596307881775	0.4118390201048842
1.0707465	0.9578643206896542	0.43613257828855123
1.0722805	0.4379475583743835	0.4259778049253487
1.0738145000000006	0.5346065586206912	0.4396101415028503
1.0753486	0.755191346305419	0.4367214089359277
1.0768825999999998	0.7874078354679801	0.45609874394712174
1.0784166000000004	1.1124715630541866	0.46760571293280817
1.0799506	1.2686215773399017	0.46611567645273533
1.0814847000000003	0.458409227093596	0.4744027738151581
1.0830186000000004	1.1281480650246296	0.5075979773646799
1.0845527	-0.20779930246305334	0.4864530797611448
1.0860866999999996	0.04052779630541803	0.5077227347739817
1.0876207000000002	1.058751812315272	0.5293832257386307
1.0891547	1.429318971921183	0.539029341252817
1.0906888000000003	1.2023488788177321	0.5525617178982332
1.0922227000000002	0.11638279211822855	0.5345889441521028
1.0937568	0.6281200029556642	0.5386581727017985
1.0952909	0.3143929854679799	0.5619428538393563
1.0968248	0.8642137608374387	0.6108514209639325
1.0983589000000005	0.87370901182266	0.6115032026147794
1.0998929	-0.02292901403940739	0.589636991947931
1.1014268999999999	0.5304373270935958	0.6069182651450257
1.1029608999999996	0.43077537561576396	0.6315112893741545
1.104495	0.2980687147783234	0.6379996729752546
1.1060288999999999	-0.5667188906403942	0.6233288188815242
1.1075629999999994	0.03689838522167399	0.6814048212167183
1.109097	1.0972544044334969	0.6763100552737951
1.110631	1.1999326573891622	0.7408239764138012
1.1121650000000005	0.963276760591131	0.727967437914875
1.1136991	-0.18515852561576285	0.7303379142343607
1.115233	0.12793996280788367	0.7325854952902745
1.1167671000000003	0.01866669950738853	0.769928819533597
1.1183011999999997	0.9521155687192113	0.8100773707479183
1.1198350999999998	0.12848662177339865	0.7878210312291103
1.1213692	1.3432410002463042	0.8187999963566042
1.1229031999999999	-0.8964714001477825	0.7643261847097987
1.1244371999999996	-0.039052249950738194	0.8317510002783236
1.1259712000000002	-0.15231281305418687	0.8627657507938549
1.1275052999999997	-0.5726403511822644	0.8866282221448718
1.1290391999999998	0.9393402921182279	0.8991931077711292
1.1305733	2.861147369310346	0.9816397865120019
1.1321072999999997	2.154556738669953	1.0697450025799269
1.1336413000000003	1.3078220487684717	1.0178917946639219
1.1351753	2.9667834821674894	1.1338836347283798
1.1367094000000004	1.3182060087684722	1.0904525861933014
1.1382435	0.9999226344827585	1.0509965098519578
1.1397774	1.5860481141871938	1.1080044410432441
1.1413115000000003	0.7831689242857136	1.161768565756615
1.1428454000000001	1.1283428778325115	1.2444606210357094
1.1443794999999999	1.0338450429064059	1.2607709739586037
1.1459135000000003	-0.18292931645320198	1.185631275354788
1.1474475999999998	-0.8024176515024637	1.227248267779233
1.1489814999999999	-0.3454688744827594	1.3147223203644682
1.1505156	1.4498694960098524	1.4424906403970796
1.1520495000000002	1.7146928666502461	1.6873223863973004
1.1535836000000006	-0.38834153522167547	1.7225217317176922
1.1551176000000003	3.1194835943349766	2.071158240168218
1.1566516000000002	1.815441278817735	2.2027476262057433
1.1581857000000002	2.232371933990147	2.999641311285996
1.1597197	4.209947596551723	3.5098865713055707
