# Simulated data
# sigma generated using Sedlak et al, k=100000, c=0.55, https://doi.org/10.1107/S1600576717003077, and rebinned with 10 per bin)
# q            I            sigma       
  1.00000e-03  1.80304e+00  2.84693e-02 
  2.25063e-03  1.67428e+00  1.81226e-02 
  3.50125e-03  1.48511e+00  1.37753e-02 
  4.75188e-03  1.36850e+00  1.12927e-02 
  6.00251e-03  1.27353e+00  9.69237e-03 
  7.25313e-03  1.18662e+00  8.57531e-03 
  8.50376e-03  1.15197e+00  7.74663e-03 
  9.75439e-03  1.10185e+00  7.10168e-03 
  1.10050e-02  1.07287e+00  6.58026e-03 
  1.22556e-02  1.05409e+00  6.14569e-03 
  1.35063e-02  1.00947e+00  5.77453e-03 
  1.47569e-02  9.89168e-01  5.45109e-03 
  1.60075e-02  9.60004e-01  5.16457e-03 
  1.72581e-02  9.38329e-01  4.90723e-03 
  1.85088e-02  9.12454e-01  4.67340e-03 
  1.97594e-02  8.78062e-01  4.45886e-03 
  2.10100e-02  8.59287e-01  4.26035e-03 
  2.22607e-02  8.29287e-01  4.07535e-03 
  2.35113e-02  8.04866e-01  3.90189e-03 
  2.47619e-02  7.70882e-01  3.73835e-03 
  2.60125e-02  7.51961e-01  3.58347e-03 
  2.72632e-02  7.25386e-01  3.43619e-03 
  2.85138e-02  6.94178e-01  3.29565e-03 
  2.97644e-02  6.65673e-01  3.16113e-03 
  3.10150e-02  6.36121e-01  3.03203e-03 
  3.22657e-02  6.13237e-01  2.90786e-03 
  3.35163e-02  5.86225e-01  2.78819e-03 
  3.47669e-02  5.58525e-01  2.67266e-03 
  3.60175e-02  5.29381e-01  2.56096e-03 
  3.72682e-02  5.08584e-01  2.45284e-03 
  3.85188e-02  4.78181e-01  2.34806e-03 
  3.97694e-02  4.49698e-01  2.24645e-03 
  4.10201e-02  4.20203e-01  2.14783e-03 
  4.22707e-02  3.98439e-01  2.05207e-03 
  4.35213e-02  3.74909e-01  1.95904e-03 
  4.47719e-02  3.47277e-01  1.86864e-03 
  4.60226e-02  3.26057e-01  1.78077e-03 
  4.72732e-02  3.04395e-01  1.69536e-03 
  4.85238e-02  2.80526e-01  1.61233e-03 
  4.97744e-02  2.58207e-01  1.53164e-03 
  5.10251e-02  2.41061e-01  1.45322e-03 
  5.22757e-02  2.20434e-01  1.37703e-03 
  5.35263e-02  2.01511e-01  1.30304e-03 
  5.47769e-02  1.84932e-01  1.23121e-03 
  5.60276e-02  1.68446e-01  1.16150e-03 
  5.72782e-02  1.51114e-01  1.09390e-03 
  5.85288e-02  1.36589e-01  1.02839e-03 
  5.97794e-02  1.24047e-01  9.64927e-04 
  6.10301e-02  1.11809e-01  9.03512e-04 
  6.22807e-02  9.76159e-02  8.44125e-04 
  6.35313e-02  8.62748e-02  7.86752e-04 
  6.47820e-02  7.62910e-02  7.31382e-04 
  6.60326e-02  6.61190e-02  6.78007e-04 
  6.72832e-02  5.74728e-02  6.26620e-04 
  6.85338e-02  4.97838e-02  5.77216e-04 
  6.97845e-02  4.14550e-02  5.29794e-04 
  7.10351e-02  3.61595e-02  4.84358e-04 
  7.22857e-02  2.98348e-02  4.40918e-04 
  7.35363e-02  2.47449e-02  3.99488e-04 
  7.47870e-02  1.97131e-02  3.60096e-04 
  7.60376e-02  1.61230e-02  3.22783e-04 
  7.72882e-02  1.24276e-02  2.87611e-04 
  7.85388e-02  9.19700e-03  2.54672e-04 
  7.97895e-02  7.02931e-03  2.24098e-04 
  8.10401e-02  5.00469e-03  1.96088e-04 
  8.22907e-02  3.49849e-03  1.70925e-04 
  8.35414e-02  2.22876e-03  1.49005e-04 
  8.47920e-02  1.20591e-03  1.30857e-04 
  8.60426e-02  7.03654e-04  1.17093e-04 
  8.72932e-02  3.43513e-04  1.08246e-04 
  8.85439e-02  2.34384e-04  1.04483e-04 
  8.97945e-02  4.20142e-04  1.05367e-04 
  9.10451e-02  5.15096e-04  1.09937e-04 
  9.22957e-02  8.78959e-04  1.17040e-04 
  9.35464e-02  1.27019e-03  1.25646e-04 
  9.47970e-02  1.76700e-03  1.34966e-04 
  9.60476e-02  2.55415e-03  1.44446e-04 
  9.72982e-02  3.29981e-03  1.53715e-04 
  9.85489e-02  4.12505e-03  1.62529e-04 
  9.97995e-02  4.61976e-03  1.70729e-04 
  1.01050e-01  5.03461e-03  1.78217e-04 
  1.02301e-01  5.88983e-03  1.84931e-04 
  1.03551e-01  6.28217e-03  1.90839e-04 
  1.04802e-01  7.18723e-03  1.95927e-04 
  1.06053e-01  7.38507e-03  2.00195e-04 
  1.07303e-01  8.12144e-03  2.03653e-04 
  1.08554e-01  8.66224e-03  2.06319e-04 
  1.09805e-01  8.67275e-03  2.08214e-04 
  1.11055e-01  9.31697e-03  2.09365e-04 
  1.12306e-01  9.08504e-03  2.09803e-04 
  1.13556e-01  9.41689e-03  2.09560e-04 
  1.14807e-01  9.02848e-03  2.08669e-04 
  1.16058e-01  9.21730e-03  2.07168e-04 
  1.17308e-01  9.20527e-03  2.05091e-04 
  1.18559e-01  9.26063e-03  2.02478e-04 
  1.19810e-01  8.50903e-03  1.99367e-04 
  1.21060e-01  8.83214e-03  1.95796e-04 
  1.22311e-01  8.10273e-03  1.91805e-04 
  1.23561e-01  7.77755e-03  1.87434e-04 
  1.24812e-01  7.47655e-03  1.82722e-04 
  1.26063e-01  6.59428e-03  1.77710e-04 
  1.27313e-01  6.68451e-03  1.72439e-04 
  1.28564e-01  6.07352e-03  1.66948e-04 
  1.29815e-01  5.55394e-03  1.61279e-04 
  1.31065e-01  5.42631e-03  1.55473e-04 
  1.32316e-01  4.66690e-03  1.49572e-04 
  1.33566e-01  4.08991e-03  1.43616e-04 
  1.34817e-01  3.78311e-03  1.37650e-04 
  1.36068e-01  3.45807e-03  1.31716e-04 
  1.37318e-01  3.05219e-03  1.25858e-04 
  1.38569e-01  2.62217e-03  1.20120e-04 
  1.39820e-01  2.30788e-03  1.14549e-04 
  1.41070e-01  1.92579e-03  1.09191e-04 
  1.42321e-01  1.45276e-03  1.04092e-04 
  1.43571e-01  1.32300e-03  9.92994e-05 
  1.44822e-01  9.96375e-04  9.48579e-05 
  1.46073e-01  7.18885e-04  9.08111e-05 
  1.47323e-01  6.35987e-04  8.71982e-05 
  1.48574e-01  2.92260e-04  8.40524e-05 
  1.49825e-01  2.80293e-04  8.13981e-05 
  1.51075e-01  1.26063e-04  7.92494e-05 
  1.52326e-01  -3.93877e-05 7.76071e-05 
  1.53576e-01  1.16962e-04  7.64589e-05 
  1.54827e-01  -8.50567e-05 7.57788e-05 
  1.56078e-01  -4.93194e-05 7.55289e-05 
  1.57328e-01  2.29516e-04  7.56616e-05 
  1.58579e-01  6.63020e-05  7.61232e-05 
  1.59830e-01  1.55086e-04  7.68565e-05 
  1.61080e-01  9.13911e-05  7.78041e-05 
  1.62331e-01  2.38982e-04  7.89109e-05 
  1.63581e-01  4.51297e-04  8.01252e-05 
  1.64832e-01  5.38019e-04  8.14004e-05 
  1.66083e-01  5.96059e-04  8.26949e-05 
  1.67333e-01  5.87629e-04  8.39728e-05 
  1.68584e-01  8.92234e-04  8.52032e-05 
  1.69835e-01  8.54555e-04  8.63601e-05 
  1.71085e-01  9.45380e-04  8.74224e-05 
  1.72336e-01  1.03418e-03  8.83727e-05 
  1.73586e-01  1.09947e-03  8.91975e-05 
  1.74837e-01  1.17449e-03  8.98865e-05 
  1.76088e-01  1.10405e-03  9.04325e-05 
  1.77338e-01  1.35844e-03  9.08308e-05 
  1.78589e-01  1.43535e-03  9.10790e-05 
  1.79840e-01  1.59306e-03  9.11767e-05 
  1.81090e-01  1.37446e-03  9.11257e-05 
  1.82341e-01  1.35654e-03  9.09290e-05 
  1.83591e-01  1.46080e-03  9.05915e-05 
  1.84842e-01  1.52864e-03  9.01191e-05 
  1.86093e-01  1.38002e-03  8.95190e-05 
  1.87343e-01  1.18491e-03  8.87996e-05 
  1.88594e-01  1.37012e-03  8.79701e-05 
  1.89845e-01  1.34426e-03  8.70405e-05 
  1.91095e-01  1.24853e-03  8.60218e-05 
  1.92346e-01  1.18948e-03  8.49253e-05 
  1.93596e-01  1.00023e-03  8.37631e-05 
  1.94847e-01  8.28307e-04  8.25477e-05 
  1.96098e-01  9.04215e-04  8.12918e-05 
  1.97348e-01  8.16578e-04  8.00085e-05 
  1.98599e-01  6.07300e-04  7.87109e-05 
  1.99850e-01  7.08298e-04  7.74121e-05 
  2.01100e-01  4.64836e-04  7.61250e-05 
  2.02351e-01  5.35138e-04  7.48624e-05 
  2.03602e-01  5.81990e-04  7.36362e-05 
  2.04852e-01  3.54035e-04  7.24580e-05 
  2.06103e-01  3.15317e-04  7.13385e-05 
  2.07353e-01  2.71956e-04  7.02871e-05 
  2.08604e-01  3.01766e-04  6.93124e-05 
  2.09855e-01  2.27173e-04  6.84214e-05 
  2.11105e-01  1.96805e-04  6.76195e-05 
  2.12356e-01  1.57075e-04  6.69107e-05 
  2.13607e-01  1.23752e-04  6.62973e-05 
  2.14857e-01  1.14055e-04  6.57795e-05 
  2.16108e-01  1.31732e-04  6.53564e-05 
  2.17358e-01  1.79996e-05  6.50249e-05 
  2.18609e-01  1.61022e-04  6.47808e-05 
  2.19860e-01  1.50583e-05  6.46184e-05 
  2.21110e-01  1.36690e-04  6.45309e-05 
  2.22361e-01  1.42220e-04  6.45105e-05 
  2.23612e-01  1.06178e-04  6.45488e-05 
  2.24862e-01  1.25424e-04  6.46369e-05 
  2.26113e-01  -3.70372e-06 6.47657e-05 
  2.27363e-01  1.21520e-04  6.49259e-05 
  2.28614e-01  1.18315e-04  6.51086e-05 
  2.29865e-01  1.56352e-04  6.53049e-05 
  2.31115e-01  2.41677e-04  6.55067e-05 
  2.32366e-01  2.54265e-04  6.57061e-05 
  2.33617e-01  2.23737e-04  6.58960e-05 
  2.34867e-01  2.81733e-04  6.60699e-05 
  2.36118e-01  3.14980e-04  6.62221e-05 
  2.37368e-01  3.46720e-04  6.63477e-05 
  2.38619e-01  2.84225e-04  6.64423e-05 
  2.39870e-01  3.44752e-04  6.65026e-05 
  2.41120e-01  4.75918e-04  6.65258e-05 
  2.42371e-01  4.19847e-04  6.65100e-05 
  2.43622e-01  4.51633e-04  6.64538e-05 
  2.44872e-01  4.05570e-04  6.63566e-05 
  2.46123e-01  5.46438e-04  6.62185e-05 
  2.47373e-01  4.37985e-04  6.60401e-05 
  2.48624e-01  5.10017e-04  6.58226e-05 
  2.49875e-01  3.26473e-04  6.55678e-05 
  2.51125e-01  4.56537e-04  6.52778e-05 
  2.52376e-01  3.24644e-04  6.49553e-05 
  2.53627e-01  3.29197e-04  6.46034e-05 
  2.54877e-01  2.89697e-04  6.42254e-05 
  2.56128e-01  3.61781e-04  6.38249e-05 
  2.57378e-01  3.83684e-04  6.34058e-05 
  2.58629e-01  3.44670e-04  6.29723e-05 
  2.59880e-01  2.09564e-04  6.25284e-05 
  2.61130e-01  2.87159e-04  6.20785e-05 
  2.62381e-01  1.91289e-04  6.16267e-05 
  2.63632e-01  1.78572e-04  6.11773e-05 
  2.64882e-01  3.34564e-04  6.07343e-05 
  2.66133e-01  2.55758e-04  6.03016e-05 
  2.67383e-01  1.61902e-04  5.98829e-05 
  2.68634e-01  1.51223e-04  5.94815e-05 
  2.69885e-01  7.78520e-05  5.91005e-05 
  2.71135e-01  9.66850e-05  5.87425e-05 
  2.72386e-01  1.40629e-04  5.84098e-05 
  2.73637e-01  7.53933e-05  5.81041e-05 
  2.74887e-01  1.56048e-04  5.78268e-05 
  2.76138e-01  3.31345e-05  5.75787e-05 
  2.77388e-01  9.28203e-06  5.73600e-05 
  2.78639e-01  1.03165e-05  5.71707e-05 
  2.79890e-01  2.05974e-05  5.70102e-05 
  2.81140e-01  -4.45180e-05 5.68774e-05 
  2.82391e-01  2.23699e-05  5.67708e-05 
  2.83642e-01  7.39825e-05  5.66887e-05 
  2.84892e-01  1.73401e-04  5.66288e-05 
  2.86143e-01  1.98310e-05  5.65889e-05 
  2.87393e-01  1.67738e-04  5.65662e-05 
  2.88644e-01  -1.42282e-05 5.65580e-05 
  2.89895e-01  1.31486e-04  5.65615e-05 
  2.91145e-01  1.61069e-04  5.65737e-05 
  2.92396e-01  1.27680e-04  5.65916e-05 
  2.93647e-01  -7.18470e-06 5.66125e-05 
  2.94897e-01  1.60469e-04  5.66335e-05 
  2.96148e-01  1.18186e-04  5.66518e-05 
  2.97398e-01  2.39865e-04  5.66652e-05 
  2.98649e-01  1.96172e-04  5.66711e-05 
  2.99900e-01  1.68017e-04  5.66676e-05 
  3.01150e-01  1.55964e-04  5.66527e-05 
  3.02401e-01  1.28382e-04  5.66249e-05 
  3.03652e-01  1.36604e-04  5.65828e-05 
  3.04902e-01  2.50402e-04  5.65253e-05 
  3.06153e-01  1.52040e-04  5.64517e-05 
  3.07404e-01  1.83755e-04  5.63612e-05 
  3.08654e-01  1.48556e-04  5.62538e-05 
  3.09905e-01  1.78267e-04  5.61293e-05 
  3.11155e-01  2.07141e-04  5.59880e-05 
  3.12406e-01  1.63908e-04  5.58304e-05 
  3.13657e-01  1.31014e-04  5.56571e-05 
  3.14907e-01  1.98286e-04  5.54691e-05 
  3.16158e-01  7.70330e-05  5.52674e-05 
  3.17409e-01  1.43031e-04  5.50533e-05 
  3.18659e-01  1.34621e-04  5.48282e-05 
  3.19910e-01  1.46553e-04  5.45937e-05 
  3.21160e-01  2.21151e-04  5.43513e-05 
  3.22411e-01  1.65614e-04  5.41029e-05 
  3.23662e-01  1.12355e-04  5.38501e-05 
  3.24912e-01  2.14164e-04  5.35948e-05 
  3.26163e-01  5.69500e-05  5.33387e-05 
  3.27414e-01  1.40003e-04  5.30837e-05 
  3.28664e-01  7.91971e-05  5.28315e-05 
  3.29915e-01  7.90220e-05  5.25837e-05 
  3.31165e-01  5.37032e-05  5.23419e-05 
  3.32416e-01  9.50540e-05  5.21075e-05 
  3.33667e-01  -7.27009e-06 5.18818e-05 
  3.34917e-01  2.10918e-05  5.16660e-05 
  3.36168e-01  -3.74160e-05 5.14611e-05 
  3.37419e-01  8.70188e-05  5.12678e-05 
  3.38669e-01  5.16480e-05  5.10868e-05 
  3.39920e-01  -4.40377e-05 5.09185e-05 
  3.41170e-01  1.38463e-04  5.07631e-05 
  3.42421e-01  6.10329e-05  5.06207e-05 
  3.43672e-01  -3.02071e-05 5.04911e-05 
  3.44922e-01  -5.68799e-05 5.03740e-05 
  3.46173e-01  -9.12551e-05 5.02689e-05 
  3.47424e-01  -1.99894e-05 5.01750e-05 
  3.48674e-01  -1.13521e-04 5.00918e-05 
  3.49925e-01  -1.43200e-04 5.00181e-05 
  3.51175e-01  -8.84228e-06 4.99531e-05 
  3.52426e-01  -1.33484e-05 4.98956e-05 
  3.53677e-01  -4.85638e-05 4.98445e-05 
  3.54927e-01  5.99278e-05  4.97987e-05 
  3.56178e-01  -6.74311e-05 4.97568e-05 
  3.57429e-01  1.14109e-05  4.97177e-05 
  3.58679e-01  4.65565e-06  4.96803e-05 
  3.59930e-01  -4.77379e-05 4.96434e-05 
  3.61180e-01  1.49112e-04  4.96060e-05 
  3.62431e-01  -3.96444e-05 4.95670e-05 
  3.63682e-01  1.90867e-06  4.95255e-05 
  3.64932e-01  -2.50738e-05 4.94807e-05 
  3.66183e-01  -3.56382e-06 4.94319e-05 
  3.67434e-01  -5.48096e-05 4.93784e-05 
  3.68684e-01  2.23425e-05  4.93199e-05 
  3.69935e-01  5.34194e-05  4.92558e-05 
  3.71185e-01  -3.46948e-05 4.91860e-05 
  3.72436e-01  1.59143e-04  4.91104e-05 
  3.73687e-01  -2.28815e-05 4.90289e-05 
  3.74937e-01  -2.38908e-05 4.89417e-05 
  3.76188e-01  6.59062e-06  4.88489e-05 
  3.77439e-01  9.89369e-05  4.87509e-05 
  3.78689e-01  -5.32565e-05 4.86481e-05 
  3.79940e-01  5.73018e-06  4.85410e-05 
  3.81190e-01  -6.81650e-06 4.84302e-05 
  3.82441e-01  4.12305e-05  4.83163e-05 
  3.83692e-01  4.88214e-05  4.82001e-05 
  3.84942e-01  -3.02787e-05 4.80823e-05 
  3.86193e-01  7.66728e-05  4.79636e-05 
  3.87444e-01  -2.23571e-05 4.78449e-05 
  3.88694e-01  -5.42363e-05 4.77268e-05 
  3.89945e-01  4.59501e-05  4.76103e-05 
  3.91195e-01  -2.89951e-05 4.74960e-05 
  3.92446e-01  -1.67644e-05 4.73847e-05 
  3.93697e-01  -3.68974e-05 4.72770e-05 
  3.94947e-01  -6.89023e-05 4.71736e-05 
  3.96198e-01  -1.82876e-05 4.70749e-05 
  3.97449e-01  3.79081e-05  4.69815e-05 
  3.98699e-01  -5.02345e-05 4.68938e-05 
  3.99950e-01  4.76591e-05  4.68120e-05 
  4.01201e-01  -4.14736e-05 4.67363e-05 
  4.02451e-01  -1.58771e-04 4.66668e-05 
  4.03702e-01  3.43167e-05  4.66036e-05 
  4.04952e-01  -3.76007e-05 4.65466e-05 
  4.06203e-01  8.80015e-06  4.64955e-05 
  4.07454e-01  -9.59046e-05 4.64502e-05 
  4.08704e-01  1.16424e-05  4.64102e-05 
  4.09955e-01  -8.60098e-06 4.63752e-05 
  4.11206e-01  -5.60237e-05 4.63446e-05 
  4.12456e-01  -5.36211e-05 4.63179e-05 
  4.13707e-01  -3.14491e-06 4.62944e-05 
  4.14957e-01  -3.56126e-05 4.62736e-05 
  4.16208e-01  -6.04531e-05 4.62546e-05 
  4.17459e-01  -1.56994e-05 4.62369e-05 
  4.18709e-01  4.85619e-05  4.62197e-05 
  4.19960e-01  1.80527e-05  4.62023e-05 
  4.21211e-01  4.81838e-05  4.61840e-05 
  4.22461e-01  8.95670e-05  4.61640e-05 
  4.23712e-01  -3.04827e-05 4.61418e-05 
  4.24962e-01  1.55039e-05  4.61167e-05 
  4.26213e-01  4.10930e-05  4.60882e-05 
  4.27464e-01  1.39157e-05  4.60557e-05 
  4.28714e-01  3.87839e-05  4.60187e-05 
  4.29965e-01  -6.06341e-06 4.59769e-05 
  4.31216e-01  1.25113e-05  4.59300e-05 
  4.32466e-01  8.13268e-05  4.58776e-05 
  4.33717e-01  5.35854e-05  4.58196e-05 
  4.34967e-01  1.73551e-05  4.57559e-05 
  4.36218e-01  7.10883e-05  4.56863e-05 
  4.37469e-01  3.31150e-05  4.56111e-05 
  4.38719e-01  6.59824e-06  4.55302e-05 
  4.39970e-01  6.20312e-05  4.54438e-05 
  4.41221e-01  5.20798e-05  4.53522e-05 
  4.42471e-01  5.73292e-05  4.52557e-05 
  4.43722e-01  1.93907e-05  4.51546e-05 
  4.44972e-01  5.02019e-05  4.50494e-05 
  4.46223e-01  6.72801e-05  4.49405e-05 
  4.47474e-01  9.92205e-05  4.48283e-05 
  4.48724e-01  -4.70653e-05 4.47135e-05 
  4.49975e-01  -4.31719e-05 4.45966e-05 
  4.51226e-01  -1.27686e-05 4.44782e-05 
  4.52476e-01  4.80154e-05  4.43588e-05 
  4.53727e-01  1.36039e-05  4.42390e-05 
  4.54977e-01  -4.83709e-05 4.41195e-05 
  4.56228e-01  8.65132e-07  4.40008e-05 
  4.57479e-01  -3.66944e-06 4.38834e-05 
  4.58729e-01  -4.37669e-05 4.37679e-05 
  4.59980e-01  -2.59631e-05 4.36548e-05 
  4.61231e-01  -9.61116e-05 4.35445e-05 
  4.62481e-01  -6.51334e-05 4.34376e-05 
  4.63732e-01  -1.96180e-05 4.33342e-05 
  4.64982e-01  3.39378e-05  4.32348e-05 
  4.66233e-01  -4.75609e-05 4.31397e-05 
  4.67484e-01  -4.23371e-05 4.30490e-05 
  4.68734e-01  -5.93315e-05 4.29629e-05 
  4.69985e-01  -7.19049e-05 4.28815e-05 
  4.71236e-01  -7.01705e-05 4.28048e-05 
  4.72486e-01  -3.57713e-05 4.27329e-05 
  4.73737e-01  -5.56944e-05 4.26656e-05 
  4.74987e-01  4.65909e-05  4.26029e-05 
  4.76238e-01  -9.39181e-05 4.25446e-05 
  4.77489e-01  4.10817e-06  4.24904e-05 
  4.78739e-01  -1.35534e-04 4.24401e-05 
  4.79990e-01  -6.26228e-05 4.23935e-05 
  4.81241e-01  -2.58157e-05 4.23502e-05 
  4.82491e-01  -9.28223e-05 4.23099e-05 
  4.83742e-01  -4.81607e-05 4.22723e-05 
  4.84992e-01  -7.84451e-05 4.22369e-05 
  4.86243e-01  -2.39582e-05 4.22035e-05 
  4.87494e-01  -5.88135e-05 4.21717e-05 
  4.88744e-01  -7.15581e-05 4.21411e-05 
  4.89995e-01  -9.17522e-05 4.21114e-05 
  4.91246e-01  -2.39322e-05 4.20822e-05 
  4.92496e-01  -9.65377e-05 4.20533e-05 
  4.93747e-01  -5.41587e-05 4.20243e-05 
  4.94997e-01  -2.24304e-05 4.19951e-05 
  4.96248e-01  -9.89482e-05 4.19653e-05 
  4.97499e-01  -9.28916e-05 4.19348e-05 
  4.98749e-01  -2.77449e-06 4.19034e-05 
  5.00000e-01  -6.31522e-05 4.18710e-05 
