# Simulated data
# sigma generated using Sedlak et al, k=100000, c=0.55, https://doi.org/10.1107/S1600576717003077, and rebinned with 10 per bin)
# q            I            sigma       
  1.00000e-03  1.04142e+00  2.15794e-02 
  2.25063e-03  1.07135e+00  1.43677e-02 
  3.50125e-03  1.02636e+00  1.14958e-02 
  4.75188e-03  1.04179e+00  9.83885e-03 
  6.00251e-03  1.02569e+00  8.72068e-03 
  7.25313e-03  1.00395e+00  7.89596e-03 
  8.50376e-03  1.00915e+00  7.25143e-03 
  9.75439e-03  9.86597e-01  6.72666e-03 
  1.10050e-02  9.74824e-01  6.28611e-03 
  1.22556e-02  9.63946e-01  5.90734e-03 
  1.35063e-02  9.43854e-01  5.57543e-03 
  1.47569e-02  9.19171e-01  5.28001e-03 
  1.60075e-02  9.00631e-01  5.01364e-03 
  1.72581e-02  8.78448e-01  4.77085e-03 
  1.85088e-02  8.54932e-01  4.54750e-03 
  1.97594e-02  8.37425e-01  4.34040e-03 
  2.10100e-02  8.12261e-01  4.14707e-03 
  2.22607e-02  7.83852e-01  3.96555e-03 
  2.35113e-02  7.61523e-01  3.79423e-03 
  2.47619e-02  7.34190e-01  3.63186e-03 
  2.60125e-02  7.03141e-01  3.47738e-03 
  2.72632e-02  6.66866e-01  3.32992e-03 
  2.85138e-02  6.52108e-01  3.18877e-03 
  2.97644e-02  6.25038e-01  3.05333e-03 
  3.10150e-02  5.97560e-01  2.92311e-03 
  3.22657e-02  5.66624e-01  2.79768e-03 
  3.35163e-02  5.36830e-01  2.67668e-03 
  3.47669e-02  5.09669e-01  2.55981e-03 
  3.60175e-02  4.87081e-01  2.44681e-03 
  3.72682e-02  4.53501e-01  2.33746e-03 
  3.85188e-02  4.30786e-01  2.23159e-03 
  3.97694e-02  4.02130e-01  2.12901e-03 
  4.10201e-02  3.83479e-01  2.02961e-03 
  4.22707e-02  3.55804e-01  1.93325e-03 
  4.35213e-02  3.31463e-01  1.83984e-03 
  4.47719e-02  3.06894e-01  1.74928e-03 
  4.60226e-02  2.83429e-01  1.66151e-03 
  4.72732e-02  2.62900e-01  1.57646e-03 
  4.85238e-02  2.43753e-01  1.49406e-03 
  4.97744e-02  2.21421e-01  1.41427e-03 
  5.10251e-02  2.01605e-01  1.33705e-03 
  5.22757e-02  1.85514e-01  1.26236e-03 
  5.35263e-02  1.67161e-01  1.19016e-03 
  5.47769e-02  1.52602e-01  1.12042e-03 
  5.60276e-02  1.39989e-01  1.05312e-03 
  5.72782e-02  1.25031e-01  9.88235e-04 
  5.85288e-02  1.13164e-01  9.25745e-04 
  5.97794e-02  9.94324e-02  8.65630e-04 
  6.10301e-02  8.79762e-02  8.07876e-04 
  6.22807e-02  7.81018e-02  7.52468e-04 
  6.35313e-02  6.94495e-02  6.99397e-04 
  6.47820e-02  6.03272e-02  6.48654e-04 
  6.60326e-02  5.10348e-02  6.00235e-04 
  6.72832e-02  4.44837e-02  5.54138e-04 
  6.85338e-02  3.85926e-02  5.10368e-04 
  6.97845e-02  3.24479e-02  4.68933e-04 
  7.10351e-02  2.81938e-02  4.29851e-04 
  7.22857e-02  2.38292e-02  3.93146e-04 
  7.35363e-02  1.97091e-02  3.58854e-04 
  7.47870e-02  1.66831e-02  3.27021e-04 
  7.60376e-02  1.45293e-02  2.97708e-04 
  7.72882e-02  1.13442e-02  2.70991e-04 
  7.85388e-02  9.47744e-03  2.46956e-04 
  7.97895e-02  7.76577e-03  2.25699e-04 
  8.10401e-02  6.55516e-03  2.07312e-04 
  8.22907e-02  5.50598e-03  1.91867e-04 
  8.35414e-02  4.36975e-03  1.79388e-04 
  8.47920e-02  3.88986e-03  1.69827e-04 
  8.60426e-02  3.54485e-03  1.63034e-04 
  8.72932e-02  3.55468e-03  1.58756e-04 
  8.85439e-02  3.40373e-03  1.56649e-04 
  8.97945e-02  3.30809e-03  1.56311e-04 
  9.10451e-02  3.75823e-03  1.57329e-04 
  9.22957e-02  3.90321e-03  1.59308e-04 
  9.35464e-02  3.98418e-03  1.61903e-04 
  9.47970e-02  4.54362e-03  1.64823e-04 
  9.60476e-02  4.40924e-03  1.67834e-04 
  9.72982e-02  4.96164e-03  1.70757e-04 
  9.85489e-02  5.14537e-03  1.73456e-04 
  9.97995e-02  5.55996e-03  1.75831e-04 
  1.01050e-01  5.72781e-03  1.77813e-04 
  1.02301e-01  5.95861e-03  1.79357e-04 
  1.03551e-01  6.15942e-03  1.80436e-04 
  1.04802e-01  5.84602e-03  1.81036e-04 
  1.06053e-01  6.10282e-03  1.81156e-04 
  1.07303e-01  6.42356e-03  1.80804e-04 
  1.08554e-01  6.49229e-03  1.79994e-04 
  1.09805e-01  6.26155e-03  1.78747e-04 
  1.11055e-01  6.40701e-03  1.77085e-04 
  1.12306e-01  6.40655e-03  1.75037e-04 
  1.13556e-01  6.02475e-03  1.72632e-04 
  1.14807e-01  5.97449e-03  1.69901e-04 
  1.16058e-01  6.13910e-03  1.66879e-04 
  1.17308e-01  5.37338e-03  1.63597e-04 
  1.18559e-01  5.26002e-03  1.60092e-04 
  1.19810e-01  5.06551e-03  1.56398e-04 
  1.21060e-01  4.77003e-03  1.52550e-04 
  1.22311e-01  4.54809e-03  1.48583e-04 
  1.23561e-01  4.25332e-03  1.44531e-04 
  1.24812e-01  4.07152e-03  1.40430e-04 
  1.26063e-01  3.61203e-03  1.36311e-04 
  1.27313e-01  3.50969e-03  1.32209e-04 
  1.28564e-01  3.52266e-03  1.28154e-04 
  1.29815e-01  3.15148e-03  1.24177e-04 
  1.31065e-01  2.75252e-03  1.20308e-04 
  1.32316e-01  2.62200e-03  1.16574e-04 
  1.33566e-01  2.26822e-03  1.12999e-04 
  1.34817e-01  2.27746e-03  1.09608e-04 
  1.36068e-01  2.06849e-03  1.06419e-04 
  1.37318e-01  1.77821e-03  1.03450e-04 
  1.38569e-01  1.56432e-03  1.00714e-04 
  1.39820e-01  1.59353e-03  9.82203e-05 
  1.41070e-01  1.41635e-03  9.59751e-05 
  1.42321e-01  1.26916e-03  9.39793e-05 
  1.43571e-01  1.23519e-03  9.22297e-05 
  1.44822e-01  1.15348e-03  9.07192e-05 
  1.46073e-01  1.01735e-03  8.94367e-05 
  1.47323e-01  1.11999e-03  8.83677e-05 
  1.48574e-01  1.08142e-03  8.74951e-05 
  1.49825e-01  1.06561e-03  8.67994e-05 
  1.51075e-01  1.08272e-03  8.62596e-05 
  1.52326e-01  1.09089e-03  8.58543e-05 
  1.53576e-01  1.03633e-03  8.55613e-05 
  1.54827e-01  8.50719e-04  8.53594e-05 
  1.56078e-01  1.06914e-03  8.52278e-05 
  1.57328e-01  1.06009e-03  8.51472e-05 
  1.58579e-01  1.17940e-03  8.50997e-05 
  1.59830e-01  1.05706e-03  8.50692e-05 
  1.61080e-01  1.02228e-03  8.50413e-05 
  1.62331e-01  1.21980e-03  8.50034e-05 
  1.63581e-01  1.22356e-03  8.49448e-05 
  1.64832e-01  1.25405e-03  8.48566e-05 
  1.66083e-01  1.26953e-03  8.47314e-05 
  1.67333e-01  1.25752e-03  8.45637e-05 
  1.68584e-01  1.35251e-03  8.43491e-05 
  1.69835e-01  1.13654e-03  8.40847e-05 
  1.71085e-01  1.17349e-03  8.37689e-05 
  1.72336e-01  1.04117e-03  8.34012e-05 
  1.73586e-01  1.18820e-03  8.29819e-05 
  1.74837e-01  1.18288e-03  8.25122e-05 
  1.76088e-01  1.12033e-03  8.19943e-05 
  1.77338e-01  1.08868e-03  8.14308e-05 
  1.78589e-01  1.12947e-03  8.08248e-05 
  1.79840e-01  9.84569e-04  8.01800e-05 
  1.81090e-01  9.57734e-04  7.95004e-05 
  1.82341e-01  1.08989e-03  7.87902e-05 
  1.83591e-01  1.11477e-03  7.80540e-05 
  1.84842e-01  9.21338e-04  7.72963e-05 
  1.86093e-01  1.04636e-03  7.65217e-05 
  1.87343e-01  8.54835e-04  7.57349e-05 
  1.88594e-01  8.55735e-04  7.49404e-05 
  1.89845e-01  8.31615e-04  7.41426e-05 
  1.91095e-01  8.40075e-04  7.33457e-05 
  1.92346e-01  8.39633e-04  7.25539e-05 
  1.93596e-01  7.24686e-04  7.17708e-05 
  1.94847e-01  6.72417e-04  7.09999e-05 
  1.96098e-01  7.20551e-04  7.02444e-05 
  1.97348e-01  6.54187e-04  6.95071e-05 
  1.98599e-01  5.86420e-04  6.87904e-05 
  1.99850e-01  6.25803e-04  6.80965e-05 
  2.01100e-01  5.09439e-04  6.74271e-05 
  2.02351e-01  6.40587e-04  6.67834e-05 
  2.03602e-01  4.71938e-04  6.61666e-05 
  2.04852e-01  3.76493e-04  6.55771e-05 
  2.06103e-01  4.04251e-04  6.50154e-05 
  2.07353e-01  4.61681e-04  6.44814e-05 
  2.08604e-01  4.47610e-04  6.39749e-05 
  2.09855e-01  3.34919e-04  6.34952e-05 
  2.11105e-01  3.76761e-04  6.30416e-05 
  2.12356e-01  3.14282e-04  6.26131e-05 
  2.13607e-01  3.10993e-04  6.22087e-05 
  2.14857e-01  2.89689e-04  6.18269e-05 
  2.16108e-01  2.44500e-04  6.14665e-05 
  2.17358e-01  3.27581e-04  6.11260e-05 
  2.18609e-01  2.34617e-04  6.08040e-05 
  2.19860e-01  2.59093e-04  6.04989e-05 
  2.21110e-01  2.63567e-04  6.02094e-05 
  2.22361e-01  2.08183e-04  5.99338e-05 
  2.23612e-01  3.46116e-04  5.96709e-05 
  2.24862e-01  2.68715e-04  5.94193e-05 
  2.26113e-01  4.05937e-04  5.91777e-05 
  2.27363e-01  3.06907e-04  5.89450e-05 
  2.28614e-01  1.59053e-04  5.87201e-05 
  2.29865e-01  1.66229e-04  5.85020e-05 
  2.31115e-01  2.35891e-04  5.82898e-05 
  2.32366e-01  2.39188e-04  5.80827e-05 
  2.33617e-01  2.15569e-04  5.78800e-05 
  2.34867e-01  2.65160e-04  5.76810e-05 
  2.36118e-01  3.32268e-04  5.74854e-05 
  2.37368e-01  2.42619e-04  5.72925e-05 
  2.38619e-01  2.36876e-04  5.71021e-05 
  2.39870e-01  2.71413e-04  5.69138e-05 
  2.41120e-01  3.84947e-04  5.67275e-05 
  2.42371e-01  3.20890e-04  5.65428e-05 
  2.43622e-01  1.19732e-04  5.63598e-05 
  2.44872e-01  3.73779e-04  5.61782e-05 
  2.46123e-01  1.13001e-04  5.59980e-05 
  2.47373e-01  2.23870e-04  5.58191e-05 
  2.48624e-01  1.72043e-04  5.56416e-05 
  2.49875e-01  2.37227e-04  5.54653e-05 
  2.51125e-01  2.91696e-04  5.52904e-05 
  2.52376e-01  2.15744e-04  5.51168e-05 
  2.53627e-01  2.68805e-04  5.49446e-05 
  2.54877e-01  2.23556e-04  5.47736e-05 
  2.56128e-01  2.58056e-04  5.46040e-05 
  2.57378e-01  2.47766e-04  5.44357e-05 
  2.58629e-01  2.02314e-04  5.42687e-05 
  2.59880e-01  1.25780e-04  5.41030e-05 
  2.61130e-01  2.39144e-04  5.39386e-05 
  2.62381e-01  2.03322e-04  5.37754e-05 
  2.63632e-01  1.31747e-04  5.36133e-05 
  2.64882e-01  2.21422e-04  5.34524e-05 
  2.66133e-01  1.99319e-04  5.32926e-05 
  2.67383e-01  1.65730e-04  5.31338e-05 
  2.68634e-01  2.44291e-04  5.29759e-05 
  2.69885e-01  9.44460e-05  5.28190e-05 
  2.71135e-01  9.95747e-05  5.26628e-05 
  2.72386e-01  1.66862e-04  5.25074e-05 
  2.73637e-01  1.52675e-04  5.23526e-05 
  2.74887e-01  4.60366e-05  5.21985e-05 
  2.76138e-01  1.30586e-04  5.20450e-05 
  2.77388e-01  1.45745e-04  5.18920e-05 
  2.78639e-01  2.10739e-04  5.17394e-05 
  2.79890e-01  2.13145e-04  5.15873e-05 
  2.81140e-01  1.43299e-04  5.14356e-05 
  2.82391e-01  1.34171e-04  5.12842e-05 
  2.83642e-01  1.20547e-04  5.11333e-05 
  2.84892e-01  1.67126e-04  5.09827e-05 
  2.86143e-01  9.44971e-05  5.08324e-05 
  2.87393e-01  1.05779e-04  5.06826e-05 
  2.88644e-01  1.47968e-04  5.05332e-05 
  2.89895e-01  1.18524e-04  5.03842e-05 
  2.91145e-01  1.88026e-04  5.02357e-05 
  2.92396e-01  1.87614e-04  5.00878e-05 
  2.93647e-01  2.12723e-04  4.99404e-05 
  2.94897e-01  1.96882e-04  4.97937e-05 
  2.96148e-01  1.60461e-04  4.96476e-05 
  2.97398e-01  1.11659e-04  4.95023e-05 
  2.98649e-01  9.89569e-05  4.93578e-05 
  2.99900e-01  1.24854e-04  4.92142e-05 
  3.01150e-01  1.18288e-04  4.90716e-05 
  3.02401e-01  1.55839e-04  4.89300e-05 
  3.03652e-01  1.32982e-04  4.87894e-05 
  3.04902e-01  1.64270e-04  4.86500e-05 
  3.06153e-01  1.79443e-04  4.85118e-05 
  3.07404e-01  1.57353e-04  4.83748e-05 
  3.08654e-01  1.21398e-04  4.82392e-05 
  3.09905e-01  1.67402e-04  4.81049e-05 
  3.11155e-01  1.17324e-04  4.79719e-05 
  3.12406e-01  1.45795e-04  4.78404e-05 
  3.13657e-01  6.91343e-05  4.77104e-05 
  3.14907e-01  7.36018e-05  4.75818e-05 
  3.16158e-01  5.30518e-05  4.74547e-05 
  3.17409e-01  1.08781e-04  4.73291e-05 
  3.18659e-01  9.53039e-05  4.72050e-05 
  3.19910e-01  3.62917e-05  4.70825e-05 
  3.21160e-01  1.69854e-04  4.69614e-05 
  3.22411e-01  5.92857e-05  4.68419e-05 
  3.23662e-01  1.20282e-04  4.67238e-05 
  3.24912e-01  7.08625e-06  4.66072e-05 
  3.26163e-01  1.83934e-04  4.64921e-05 
  3.27414e-01  1.22683e-04  4.63784e-05 
  3.28664e-01  1.24453e-04  4.62661e-05 
  3.29915e-01  8.52193e-05  4.61552e-05 
  3.31165e-01  -5.44295e-06 4.60456e-05 
  3.32416e-01  9.08088e-05  4.59373e-05 
  3.33667e-01  1.32145e-04  4.58303e-05 
  3.34917e-01  5.75157e-05  4.57246e-05 
  3.36168e-01  3.03369e-05  4.56201e-05 
  3.37419e-01  9.41250e-05  4.55168e-05 
  3.38669e-01  7.95764e-05  4.54147e-05 
  3.39920e-01  9.30859e-05  4.53136e-05 
  3.41170e-01  2.10840e-05  4.52137e-05 
  3.42421e-01  -2.26430e-05 4.51148e-05 
  3.43672e-01  1.21981e-04  4.50169e-05 
  3.44922e-01  -2.08208e-05 4.49201e-05 
  3.46173e-01  1.82942e-05  4.48242e-05 
  3.47424e-01  4.33179e-05  4.47293e-05 
  3.48674e-01  2.63528e-05  4.46353e-05 
  3.49925e-01  1.47667e-05  4.45422e-05 
  3.51175e-01  9.67021e-05  4.44500e-05 
  3.52426e-01  8.69966e-05  4.43586e-05 
  3.53677e-01  3.87300e-05  4.42681e-05 
  3.54927e-01  -9.73596e-06 4.41784e-05 
  3.56178e-01  7.10580e-05  4.40895e-05 
  3.57429e-01  7.95189e-05  4.40013e-05 
  3.58679e-01  7.44930e-05  4.39139e-05 
  3.59930e-01  4.57141e-05  4.38273e-05 
  3.61180e-01  1.45467e-05  4.37413e-05 
  3.62431e-01  -1.52304e-05 4.36561e-05 
  3.63682e-01  2.04722e-05  4.35716e-05 
  3.64932e-01  1.06901e-04  4.34877e-05 
  3.66183e-01  -1.06236e-05 4.34044e-05 
  3.67434e-01  3.24283e-05  4.33218e-05 
  3.68684e-01  1.23668e-04  4.32397e-05 
  3.69935e-01  5.67003e-05  4.31583e-05 
  3.71185e-01  6.57381e-05  4.30774e-05 
  3.72436e-01  3.19816e-05  4.29971e-05 
  3.73687e-01  1.03919e-04  4.29173e-05 
  3.74937e-01  -3.90443e-06 4.28380e-05 
  3.76188e-01  3.96876e-06  4.27592e-05 
  3.77439e-01  6.57753e-06  4.26808e-05 
  3.78689e-01  6.88512e-05  4.26029e-05 
  3.79940e-01  -4.43484e-05 4.25255e-05 
  3.81190e-01  1.06429e-04  4.24484e-05 
  3.82441e-01  4.15211e-05  4.23717e-05 
  3.83692e-01  9.00040e-05  4.22954e-05 
  3.84942e-01  4.75383e-05  4.22195e-05 
  3.86193e-01  3.33196e-05  4.21439e-05 
  3.87444e-01  2.53968e-05  4.20687e-05 
  3.88694e-01  -6.35938e-05 4.19937e-05 
  3.89945e-01  -1.92544e-05 4.19191e-05 
  3.91195e-01  1.10376e-04  4.18447e-05 
  3.92446e-01  5.18648e-05  4.17706e-05 
  3.93697e-01  3.49461e-05  4.16968e-05 
  3.94947e-01  4.32624e-05  4.16233e-05 
  3.96198e-01  5.71152e-05  4.15500e-05 
  3.97449e-01  7.40266e-05  4.14769e-05 
  3.98699e-01  2.90220e-05  4.14041e-05 
  3.99950e-01  -4.34176e-06 4.13315e-05 
  4.01201e-01  -4.72992e-06 4.12592e-05 
  4.02451e-01  6.14262e-06  4.11872e-05 
  4.03702e-01  4.34046e-05  4.11153e-05 
  4.04952e-01  -2.54802e-07 4.10437e-05 
  4.06203e-01  4.08598e-05  4.09724e-05 
  4.07454e-01  1.08457e-04  4.09013e-05 
  4.08704e-01  1.27258e-05  4.08304e-05 
  4.09955e-01  -1.87775e-05 4.07598e-05 
  4.11206e-01  1.22034e-04  4.06895e-05 
  4.12456e-01  6.14098e-06  4.06195e-05 
  4.13707e-01  4.56972e-05  4.05497e-05 
  4.14957e-01  1.06299e-04  4.04802e-05 
  4.16208e-01  4.87889e-06  4.04111e-05 
  4.17459e-01  2.60477e-05  4.03422e-05 
  4.18709e-01  -2.21272e-05 4.02736e-05 
  4.19960e-01  5.74916e-05  4.02054e-05 
  4.21211e-01  3.23611e-05  4.01374e-05 
  4.22461e-01  1.03614e-05  4.00698e-05 
  4.23712e-01  5.69202e-05  4.00026e-05 
  4.24962e-01  -8.94942e-05 3.99357e-05 
  4.26213e-01  6.92294e-05  3.98692e-05 
  4.27464e-01  5.94419e-06  3.98030e-05 
  4.28714e-01  -1.20772e-05 3.97372e-05 
  4.29965e-01  5.76504e-05  3.96717e-05 
  4.31216e-01  7.54946e-05  3.96066e-05 
  4.32466e-01  3.01931e-06  3.95419e-05 
  4.33717e-01  -4.65327e-06 3.94776e-05 
  4.34967e-01  -9.65666e-06 3.94137e-05 
  4.36218e-01  -2.52906e-06 3.93501e-05 
  4.37469e-01  7.99492e-05  3.92869e-05 
  4.38719e-01  6.49163e-05  3.92241e-05 
  4.39970e-01  -4.34937e-05 3.91617e-05 
  4.41221e-01  5.32842e-05  3.90996e-05 
  4.42471e-01  -2.30946e-05 3.90379e-05 
  4.43722e-01  -3.17306e-05 3.89765e-05 
  4.44972e-01  5.53288e-05  3.89155e-05 
  4.46223e-01  -2.83364e-05 3.88549e-05 
  4.47474e-01  3.37703e-05  3.87946e-05 
  4.48724e-01  6.68253e-05  3.87346e-05 
  4.49975e-01  -4.70598e-05 3.86750e-05 
  4.51226e-01  4.69750e-05  3.86156e-05 
  4.52476e-01  5.00056e-05  3.85566e-05 
  4.53727e-01  3.35653e-05  3.84979e-05 
  4.54977e-01  1.51821e-05  3.84395e-05 
  4.56228e-01  3.53618e-05  3.83813e-05 
  4.57479e-01  4.07483e-05  3.83235e-05 
  4.58729e-01  -5.62422e-05 3.82659e-05 
  4.59980e-01  4.05621e-05  3.82085e-05 
  4.61231e-01  2.03893e-05  3.81514e-05 
  4.62481e-01  1.36643e-05  3.80946e-05 
  4.63732e-01  1.52673e-05  3.80380e-05 
  4.64982e-01  1.36031e-06  3.79817e-05 
  4.66233e-01  6.37067e-06  3.79256e-05 
  4.67484e-01  3.18613e-06  3.78697e-05 
  4.68734e-01  1.69778e-05  3.78140e-05 
  4.69985e-01  1.95866e-05  3.77586e-05 
  4.71236e-01  -2.97234e-05 3.77034e-05 
  4.72486e-01  1.09979e-05  3.76484e-05 
  4.73737e-01  1.65951e-05  3.75937e-05 
  4.74987e-01  -2.23194e-05 3.75392e-05 
  4.76238e-01  -4.52603e-05 3.74849e-05 
  4.77489e-01  -2.89814e-05 3.74308e-05 
  4.78739e-01  -3.98507e-05 3.73770e-05 
  4.79990e-01  5.36170e-07  3.73235e-05 
  4.81241e-01  -2.07645e-05 3.72701e-05 
  4.82491e-01  -5.74251e-06 3.72171e-05 
  4.83742e-01  2.75206e-05  3.71642e-05 
  4.84992e-01  -3.26261e-05 3.71117e-05 
  4.86243e-01  4.88863e-05  3.70594e-05 
  4.87494e-01  -1.15542e-05 3.70074e-05 
  4.88744e-01  1.44019e-05  3.69556e-05 
  4.89995e-01  3.28605e-05  3.69042e-05 
  4.91246e-01  7.57212e-05  3.68530e-05 
  4.92496e-01  2.00478e-05  3.68021e-05 
  4.93747e-01  1.64196e-05  3.67515e-05 
  4.94997e-01  -1.97519e-06 3.67012e-05 
  4.96248e-01  3.59255e-05  3.66512e-05 
  4.97499e-01  -1.22218e-05 3.66014e-05 
  4.98749e-01  6.09242e-06  3.65520e-05 
  5.00000e-01  2.73038e-06  3.65029e-05 
