# Simulated data
# sigma generated using Sedlak et al, k=100000, c=0.55, https://doi.org/10.1107/S1600576717003077, and rebinned with 10 per bin)
# q            I            sigma       
  1.00000e-03  5.26804e-01  1.54555e-02 
  2.25063e-03  5.42104e-01  1.02956e-02 
  3.50125e-03  5.37658e-01  8.24508e-03 
  4.75188e-03  5.13369e-01  7.06580e-03 
  6.00251e-03  5.30171e-01  6.27334e-03 
  7.25313e-03  5.22458e-01  5.69188e-03 
  8.50376e-03  5.22045e-01  5.24022e-03 
  9.75439e-03  5.22412e-01  4.87499e-03 
  1.10050e-02  5.08084e-01  4.57065e-03 
  1.22556e-02  5.14666e-01  4.31108e-03 
  1.35063e-02  5.06485e-01  4.08552e-03 
  1.47569e-02  5.01958e-01  3.88648e-03 
  1.60075e-02  4.99117e-01  3.70859e-03 
  1.72581e-02  4.86117e-01  3.54786e-03 
  1.85088e-02  4.77754e-01  3.40129e-03 
  1.97594e-02  4.73118e-01  3.26654e-03 
  2.10100e-02  4.69638e-01  3.14179e-03 
  2.22607e-02  4.56602e-01  3.02557e-03 
  2.35113e-02  4.45922e-01  2.91671e-03 
  2.47619e-02  4.42457e-01  2.81424e-03 
  2.60125e-02  4.33380e-01  2.71737e-03 
  2.72632e-02  4.18595e-01  2.62544e-03 
  2.85138e-02  4.10537e-01  2.53790e-03 
  2.97644e-02  4.02531e-01  2.45427e-03 
  3.10150e-02  3.90159e-01  2.37417e-03 
  3.22657e-02  3.82401e-01  2.29724e-03 
  3.35163e-02  3.71048e-01  2.22320e-03 
  3.47669e-02  3.58892e-01  2.15179e-03 
  3.60175e-02  3.46433e-01  2.08279e-03 
  3.72682e-02  3.43315e-01  2.01602e-03 
  3.85188e-02  3.28010e-01  1.95131e-03 
  3.97694e-02  3.16782e-01  1.88851e-03 
  4.10201e-02  3.08398e-01  1.82749e-03 
  4.22707e-02  2.96793e-01  1.76815e-03 
  4.35213e-02  2.86561e-01  1.71039e-03 
  4.47719e-02  2.72201e-01  1.65411e-03 
  4.60226e-02  2.63634e-01  1.59924e-03 
  4.72732e-02  2.50753e-01  1.54571e-03 
  4.85238e-02  2.42953e-01  1.49346e-03 
  4.97744e-02  2.31800e-01  1.44244e-03 
  5.10251e-02  2.22756e-01  1.39260e-03 
  5.22757e-02  2.11540e-01  1.34389e-03 
  5.35263e-02  2.01202e-01  1.29628e-03 
  5.47769e-02  1.92207e-01  1.24974e-03 
  5.60276e-02  1.81237e-01  1.20423e-03 
  5.72782e-02  1.70968e-01  1.15973e-03 
  5.85288e-02  1.63172e-01  1.11621e-03 
  5.97794e-02  1.54288e-01  1.07366e-03 
  6.10301e-02  1.45253e-01  1.03205e-03 
  6.22807e-02  1.36026e-01  9.91364e-04 
  6.35313e-02  1.28091e-01  9.51590e-04 
  6.47820e-02  1.20281e-01  9.12714e-04 
  6.60326e-02  1.12558e-01  8.74724e-04 
  6.72832e-02  1.03268e-01  8.37608e-04 
  6.85338e-02  9.75500e-02  8.01356e-04 
  6.97845e-02  8.98828e-02  7.65961e-04 
  7.10351e-02  8.44178e-02  7.31414e-04 
  7.22857e-02  7.65830e-02  6.97708e-04 
  7.35363e-02  7.10560e-02  6.64837e-04 
  7.47870e-02  6.55782e-02  6.32796e-04 
  7.60376e-02  5.96700e-02  6.01579e-04 
  7.72882e-02  5.62818e-02  5.71182e-04 
  7.85388e-02  4.93289e-02  5.41601e-04 
  7.97895e-02  4.57108e-02  5.12833e-04 
  8.10401e-02  4.16412e-02  4.84875e-04 
  8.22907e-02  3.63713e-02  4.57724e-04 
  8.35414e-02  3.38510e-02  4.31380e-04 
  8.47920e-02  2.95112e-02  4.05841e-04 
  8.60426e-02  2.62152e-02  3.81106e-04 
  8.72932e-02  2.31952e-02  3.57178e-04 
  8.85439e-02  2.09049e-02  3.34056e-04 
  8.97945e-02  1.80627e-02  3.11746e-04 
  9.10451e-02  1.61042e-02  2.90251e-04 
  9.22957e-02  1.32033e-02  2.69578e-04 
  9.35464e-02  1.14043e-02  2.49737e-04 
  9.47970e-02  9.91541e-03  2.30740e-04 
  9.60476e-02  8.45836e-03  2.12605e-04 
  9.72982e-02  6.53879e-03  1.95354e-04 
  9.85489e-02  5.83762e-03  1.79016e-04 
  9.97995e-02  4.51751e-03  1.63628e-04 
  1.01050e-01  3.51928e-03  1.49239e-04 
  1.02301e-01  2.95247e-03  1.35910e-04 
  1.03551e-01  1.77395e-03  1.23718e-04 
  1.04802e-01  1.27158e-03  1.12754e-04 
  1.06053e-01  1.03568e-03  1.03127e-04 
  1.07303e-01  4.30343e-04  9.49516e-05 
  1.08554e-01  4.72656e-04  8.83392e-05 
  1.09805e-01  -1.11306e-05 8.33703e-05 
  1.11055e-01  -5.05342e-06 8.00683e-05 
  1.12306e-01  8.55675e-05  7.83753e-05 
  1.13556e-01  1.31689e-04  7.81462e-05 
  1.14807e-01  2.19787e-05  7.91660e-05 
  1.16058e-01  8.44820e-05  8.11832e-05 
  1.17308e-01  2.48956e-04  8.39447e-05 
  1.18559e-01  4.48944e-04  8.72205e-05 
  1.19810e-01  6.66176e-04  9.08158e-05 
  1.21060e-01  9.17941e-04  9.45735e-05 
  1.22311e-01  9.58329e-04  9.83706e-05 
  1.23561e-01  1.06199e-03  1.02113e-04 
  1.24812e-01  1.57568e-03  1.05730e-04 
  1.26063e-01  1.83001e-03  1.09169e-04 
  1.27313e-01  2.14499e-03  1.12392e-04 
  1.28564e-01  2.45660e-03  1.15370e-04 
  1.29815e-01  2.31537e-03  1.18085e-04 
  1.31065e-01  2.75883e-03  1.20523e-04 
  1.32316e-01  2.78885e-03  1.22678e-04 
  1.33566e-01  3.09829e-03  1.24546e-04 
  1.34817e-01  3.22993e-03  1.26126e-04 
  1.36068e-01  3.35436e-03  1.27420e-04 
  1.37318e-01  3.64939e-03  1.28433e-04 
  1.38569e-01  3.82989e-03  1.29170e-04 
  1.39820e-01  3.67273e-03  1.29638e-04 
  1.41070e-01  3.82486e-03  1.29846e-04 
  1.42321e-01  3.63832e-03  1.29802e-04 
  1.43571e-01  3.80144e-03  1.29516e-04 
  1.44822e-01  3.94780e-03  1.28998e-04 
  1.46073e-01  4.11695e-03  1.28260e-04 
  1.47323e-01  3.91149e-03  1.27312e-04 
  1.48574e-01  3.61145e-03  1.26166e-04 
  1.49825e-01  3.64151e-03  1.24835e-04 
  1.51075e-01  3.52825e-03  1.23329e-04 
  1.52326e-01  3.63097e-03  1.21663e-04 
  1.53576e-01  3.20715e-03  1.19847e-04 
  1.54827e-01  3.16907e-03  1.17896e-04 
  1.56078e-01  3.14970e-03  1.15821e-04 
  1.57328e-01  2.89805e-03  1.13636e-04 
  1.58579e-01  2.89526e-03  1.11354e-04 
  1.59830e-01  2.69593e-03  1.08988e-04 
  1.61080e-01  2.35564e-03  1.06551e-04 
  1.62331e-01  2.38101e-03  1.04056e-04 
  1.63581e-01  2.38840e-03  1.01518e-04 
  1.64832e-01  2.28181e-03  9.89497e-05 
  1.66083e-01  2.03158e-03  9.63643e-05 
  1.67333e-01  1.75205e-03  9.37757e-05 
  1.68584e-01  1.52826e-03  9.11974e-05 
  1.69835e-01  1.47993e-03  8.86433e-05 
  1.71085e-01  1.35998e-03  8.61269e-05 
  1.72336e-01  1.23556e-03  8.36617e-05 
  1.73586e-01  9.61781e-04  8.12613e-05 
  1.74837e-01  9.41391e-04  7.89388e-05 
  1.76088e-01  7.50473e-04  7.67072e-05 
  1.77338e-01  6.55281e-04  7.45787e-05 
  1.78589e-01  5.64987e-04  7.25651e-05 
  1.79840e-01  5.93898e-04  7.06774e-05 
  1.81090e-01  2.23785e-04  6.89255e-05 
  1.82341e-01  4.23326e-04  6.73180e-05 
  1.83591e-01  1.95064e-04  6.58620e-05 
  1.84842e-01  2.06238e-04  6.45627e-05 
  1.86093e-01  1.72642e-04  6.34237e-05 
  1.87343e-01  1.07565e-04  6.24462e-05 
  1.88594e-01  1.87760e-05  6.16293e-05 
  1.89845e-01  8.58150e-05  6.09699e-05 
  1.91095e-01  -3.14652e-05 6.04627e-05 
  1.92346e-01  -1.38524e-04 6.01004e-05 
  1.93596e-01  4.64849e-05  5.98741e-05 
  1.94847e-01  -8.69941e-05 5.97732e-05 
  1.96098e-01  5.37169e-05  5.97860e-05 
  1.97348e-01  -5.85704e-05 5.99001e-05 
  1.98599e-01  -2.09286e-05 6.01024e-05 
  1.99850e-01  1.47502e-04  6.03800e-05 
  2.01100e-01  1.02405e-04  6.07197e-05 
  2.02351e-01  1.41589e-04  6.11088e-05 
  2.03602e-01  1.36658e-04  6.15353e-05 
  2.04852e-01  1.98581e-04  6.19877e-05 
  2.06103e-01  2.56897e-04  6.24552e-05 
  2.07353e-01  2.22553e-04  6.29281e-05 
  2.08604e-01  4.22551e-04  6.33974e-05 
  2.09855e-01  2.75269e-04  6.38549e-05 
  2.11105e-01  4.21765e-04  6.42935e-05 
  2.12356e-01  4.40976e-04  6.47068e-05 
  2.13607e-01  4.60633e-04  6.50893e-05 
  2.14857e-01  5.27107e-04  6.54362e-05 
  2.16108e-01  4.51276e-04  6.57435e-05 
  2.17358e-01  6.15375e-04  6.60080e-05 
  2.18609e-01  3.93221e-04  6.62269e-05 
  2.19860e-01  7.13833e-04  6.63982e-05 
  2.21110e-01  6.75726e-04  6.65204e-05 
  2.22361e-01  8.11668e-04  6.65927e-05 
  2.23612e-01  6.02062e-04  6.66145e-05 
  2.24862e-01  6.84319e-04  6.65859e-05 
  2.26113e-01  6.53856e-04  6.65072e-05 
  2.27363e-01  6.71946e-04  6.63793e-05 
  2.28614e-01  6.92880e-04  6.62034e-05 
  2.29865e-01  6.00416e-04  6.59809e-05 
  2.31115e-01  6.15063e-04  6.57137e-05 
  2.32366e-01  7.02188e-04  6.54037e-05 
  2.33617e-01  7.25020e-04  6.50535e-05 
  2.34867e-01  6.37119e-04  6.46654e-05 
  2.36118e-01  5.76588e-04  6.42423e-05 
  2.37368e-01  4.94484e-04  6.37870e-05 
  2.38619e-01  6.71656e-04  6.33028e-05 
  2.39870e-01  6.31171e-04  6.27927e-05 
  2.41120e-01  5.35055e-04  6.22602e-05 
  2.42371e-01  4.34085e-04  6.17087e-05 
  2.43622e-01  5.53545e-04  6.11417e-05 
  2.44872e-01  3.68925e-04  6.05628e-05 
  2.46123e-01  4.08718e-04  5.99754e-05 
  2.47373e-01  3.42700e-04  5.93832e-05 
  2.48624e-01  4.19783e-04  5.87896e-05 
  2.49875e-01  2.94245e-04  5.81982e-05 
  2.51125e-01  3.37856e-04  5.76122e-05 
  2.52376e-01  3.33981e-04  5.70351e-05 
  2.53627e-01  2.40789e-04  5.64698e-05 
  2.54877e-01  2.74250e-04  5.59195e-05 
  2.56128e-01  7.49758e-05  5.53867e-05 
  2.57378e-01  1.25228e-04  5.48741e-05 
  2.58629e-01  2.37768e-04  5.43841e-05 
  2.59880e-01  1.01220e-04  5.39185e-05 
  2.61130e-01  1.44009e-04  5.34793e-05 
  2.62381e-01  1.09970e-04  5.30678e-05 
  2.63632e-01  -1.24101e-05 5.26852e-05 
  2.64882e-01  2.50134e-05  5.23324e-05 
  2.66133e-01  6.25130e-05  5.20097e-05 
  2.67383e-01  1.44209e-05  5.17176e-05 
  2.68634e-01  -5.87998e-05 5.14557e-05 
  2.69885e-01  2.34287e-06  5.12236e-05 
  2.71135e-01  -9.19728e-06 5.10207e-05 
  2.72386e-01  6.12415e-05  5.08459e-05 
  2.73637e-01  -1.22527e-06 5.06980e-05 
  2.74887e-01  3.98689e-05  5.05754e-05 
  2.76138e-01  2.03958e-05  5.04765e-05 
  2.77388e-01  2.57513e-05  5.03995e-05 
  2.78639e-01  1.01151e-04  5.03424e-05 
  2.79890e-01  1.02611e-04  5.03031e-05 
  2.81140e-01  -3.00947e-05 5.02794e-05 
  2.82391e-01  2.17094e-05  5.02692e-05 
  2.83642e-01  1.66522e-06  5.02701e-05 
  2.84892e-01  9.54159e-05  5.02801e-05 
  2.86143e-01  4.09321e-05  5.02970e-05 
  2.87393e-01  4.66957e-06  5.03185e-05 
  2.88644e-01  4.60174e-05  5.03428e-05 
  2.89895e-01  9.76528e-05  5.03678e-05 
  2.91145e-01  -7.22342e-07 5.03917e-05 
  2.92396e-01  1.81209e-05  5.04128e-05 
  2.93647e-01  1.18719e-04  5.04295e-05 
  2.94897e-01  1.44744e-04  5.04404e-05 
  2.96148e-01  1.95389e-04  5.04442e-05 
  2.97398e-01  8.62419e-05  5.04397e-05 
  2.98649e-01  1.12986e-04  5.04260e-05 
  2.99900e-01  1.27524e-04  5.04021e-05 
  3.01150e-01  1.90944e-04  5.03675e-05 
  3.02401e-01  1.26821e-04  5.03215e-05 
  3.03652e-01  2.48880e-04  5.02639e-05 
  3.04902e-01  1.13041e-04  5.01943e-05 
  3.06153e-01  1.42606e-04  5.01126e-05 
  3.07404e-01  1.99582e-04  5.00189e-05 
  3.08654e-01  1.42033e-04  4.99133e-05 
  3.09905e-01  1.72485e-04  4.97962e-05 
  3.11155e-01  1.97201e-04  4.96679e-05 
  3.12406e-01  1.98598e-04  4.95289e-05 
  3.13657e-01  1.02348e-04  4.93798e-05 
  3.14907e-01  1.33084e-04  4.92213e-05 
  3.16158e-01  1.85227e-04  4.90543e-05 
  3.17409e-01  1.52970e-04  4.88795e-05 
  3.18659e-01  6.45631e-05  4.86979e-05 
  3.19910e-01  1.48261e-04  4.85104e-05 
  3.21160e-01  1.28817e-04  4.83180e-05 
  3.22411e-01  4.09801e-05  4.81218e-05 
  3.23662e-01  4.40695e-05  4.79228e-05 
  3.24912e-01  1.34567e-04  4.77222e-05 
  3.26163e-01  1.41919e-04  4.75210e-05 
  3.27414e-01  1.10178e-04  4.73202e-05 
  3.28664e-01  7.06639e-05  4.71209e-05 
  3.29915e-01  3.37018e-05  4.69241e-05 
  3.31165e-01  -9.91883e-06 4.67309e-05 
  3.32416e-01  1.01331e-04  4.65420e-05 
  3.33667e-01  3.78683e-05  4.63585e-05 
  3.34917e-01  3.69533e-05  4.61812e-05 
  3.36168e-01  7.47643e-05  4.60107e-05 
  3.37419e-01  3.95375e-05  4.58477e-05 
  3.38669e-01  1.03103e-05  4.56928e-05 
  3.39920e-01  4.22780e-05  4.55465e-05 
  3.41170e-01  4.82151e-05  4.54092e-05 
  3.42421e-01  -2.19292e-05 4.52812e-05 
  3.43672e-01  -4.20340e-05 4.51627e-05 
  3.44922e-01  1.30482e-05  4.50538e-05 
  3.46173e-01  8.73278e-06  4.49545e-05 
  3.47424e-01  -7.77637e-05 4.48648e-05 
  3.48674e-01  -1.18354e-05 4.47844e-05 
  3.49925e-01  -9.24988e-06 4.47132e-05 
  3.51175e-01  8.20488e-06  4.46507e-05 
  3.52426e-01  -2.92934e-05 4.45966e-05 
  3.53677e-01  1.87297e-05  4.45504e-05 
  3.54927e-01  7.23655e-05  4.45115e-05 
  3.56178e-01  5.33165e-05  4.44794e-05 
  3.57429e-01  8.35088e-05  4.44534e-05 
  3.58679e-01  6.25932e-05  4.44328e-05 
  3.59930e-01  1.51804e-05  4.44169e-05 
  3.61180e-01  2.22729e-05  4.44049e-05 
  3.62431e-01  1.21534e-04  4.43963e-05 
  3.63682e-01  2.44989e-05  4.43901e-05 
  3.64932e-01  4.34771e-05  4.43856e-05 
  3.66183e-01  5.30199e-05  4.43821e-05 
  3.67434e-01  7.56826e-05  4.43789e-05 
  3.68684e-01  2.99617e-05  4.43753e-05 
  3.69935e-01  5.00915e-05  4.43706e-05 
  3.71185e-01  1.37934e-04  4.43641e-05 
  3.72436e-01  -4.28100e-05 4.43552e-05 
  3.73687e-01  8.60685e-05  4.43435e-05 
  3.74937e-01  8.48489e-06  4.43283e-05 
  3.76188e-01  4.65737e-05  4.43093e-05 
  3.77439e-01  1.41287e-04  4.42860e-05 
  3.78689e-01  6.56516e-05  4.42580e-05 
  3.79940e-01  8.52008e-05  4.42250e-05 
  3.81190e-01  7.09411e-05  4.41869e-05 
  3.82441e-01  1.50600e-04  4.41433e-05 
  3.83692e-01  2.63998e-05  4.40942e-05 
  3.84942e-01  1.10975e-04  4.40394e-05 
  3.86193e-01  1.26316e-04  4.39791e-05 
  3.87444e-01  -1.82329e-05 4.39130e-05 
  3.88694e-01  5.89144e-05  4.38415e-05 
  3.89945e-01  1.42116e-04  4.37645e-05 
  3.91195e-01  7.53418e-05  4.36822e-05 
  3.92446e-01  1.25255e-04  4.35949e-05 
  3.93697e-01  3.83250e-05  4.35028e-05 
  3.94947e-01  6.14176e-05  4.34061e-05 
  3.96198e-01  3.89455e-05  4.33053e-05 
  3.97449e-01  6.14293e-06  4.32007e-05 
  3.98699e-01  1.11317e-04  4.30927e-05 
  3.99950e-01  4.37939e-05  4.29816e-05 
  4.01201e-01  1.12146e-04  4.28679e-05 
  4.02451e-01  -2.43336e-05 4.27520e-05 
  4.03702e-01  7.92777e-05  4.26344e-05 
  4.04952e-01  1.00510e-04  4.25155e-05 
  4.06203e-01  5.64121e-05  4.23958e-05 
  4.07454e-01  6.26004e-05  4.22757e-05 
  4.08704e-01  9.71166e-05  4.21557e-05 
  4.09955e-01  5.01471e-05  4.20363e-05 
  4.11206e-01  4.70670e-05  4.19178e-05 
  4.12456e-01  8.77855e-05  4.18007e-05 
  4.13707e-01  -4.27978e-05 4.16852e-05 
  4.14957e-01  4.20008e-05  4.15719e-05 
  4.16208e-01  -3.93228e-07 4.14611e-05 
  4.17459e-01  5.16967e-05  4.13530e-05 
  4.18709e-01  3.49613e-05  4.12478e-05 
  4.19960e-01  2.19618e-05  4.11460e-05 
  4.21211e-01  7.19603e-05  4.10476e-05 
  4.22461e-01  2.43258e-05  4.09529e-05 
  4.23712e-01  -3.14360e-05 4.08619e-05 
  4.24962e-01  -5.97133e-05 4.07747e-05 
  4.26213e-01  -3.16006e-05 4.06915e-05 
  4.27464e-01  2.23452e-05  4.06123e-05 
  4.28714e-01  -1.79607e-05 4.05369e-05 
  4.29965e-01  -2.76324e-05 4.04655e-05 
  4.31216e-01  -5.67839e-05 4.03978e-05 
  4.32466e-01  -2.38643e-05 4.03338e-05 
  4.33717e-01  -3.47550e-05 4.02734e-05 
  4.34967e-01  2.97765e-06  4.02164e-05 
  4.36218e-01  2.60437e-05  4.01626e-05 
  4.37469e-01  -2.32415e-05 4.01117e-05 
  4.38719e-01  -1.18359e-06 4.00636e-05 
  4.39970e-01  -3.34508e-05 4.00180e-05 
  4.41221e-01  -1.71875e-05 3.99746e-05 
  4.42471e-01  3.18449e-05  3.99332e-05 
  4.43722e-01  1.23674e-05  3.98934e-05 
  4.44972e-01  1.93609e-05  3.98551e-05 
  4.46223e-01  4.14750e-05  3.98180e-05 
  4.47474e-01  3.24209e-05  3.97816e-05 
  4.48724e-01  -1.43415e-06 3.97459e-05 
  4.49975e-01  -5.56431e-08 3.97105e-05 
  4.51226e-01  -1.15186e-05 3.96751e-05 
  4.52476e-01  4.15890e-05  3.96396e-05 
  4.53727e-01  -2.67817e-05 3.96037e-05 
  4.54977e-01  2.21865e-05  3.95671e-05 
  4.56228e-01  7.94275e-05  3.95297e-05 
  4.57479e-01  3.60338e-05  3.94914e-05 
  4.58729e-01  9.99353e-05  3.94518e-05 
  4.59980e-01  -2.52785e-05 3.94110e-05 
  4.61231e-01  1.86795e-05  3.93689e-05 
  4.62481e-01  1.61768e-05  3.93252e-05 
  4.63732e-01  6.21002e-05  3.92799e-05 
  4.64982e-01  -1.62831e-05 3.92331e-05 
  4.66233e-01  7.58529e-05  3.91846e-05 
  4.67484e-01  8.58486e-05  3.91346e-05 
  4.68734e-01  2.26893e-05  3.90828e-05 
  4.69985e-01  3.30090e-06  3.90296e-05 
  4.71236e-01  -3.56702e-06 3.89748e-05 
  4.72486e-01  -2.83166e-05 3.89185e-05 
  4.73737e-01  1.03359e-04  3.88609e-05 
  4.74987e-01  -3.51983e-05 3.88020e-05 
  4.76238e-01  6.90810e-06  3.87421e-05 
  4.77489e-01  2.63231e-05  3.86811e-05 
  4.78739e-01  3.16545e-05  3.86192e-05 
  4.79990e-01  -2.20413e-05 3.85567e-05 
  4.81241e-01  -3.16911e-05 3.84936e-05 
  4.82491e-01  5.02166e-05  3.84301e-05 
  4.83742e-01  3.04267e-05  3.83664e-05 
  4.84992e-01  4.16841e-05  3.83026e-05 
  4.86243e-01  -1.87518e-05 3.82389e-05 
  4.87494e-01  2.47602e-05  3.81755e-05 
  4.88744e-01  -2.33064e-07 3.81125e-05 
  4.89995e-01  3.57989e-05  3.80502e-05 
  4.91246e-01  6.09442e-06  3.79885e-05 
  4.92496e-01  -2.42199e-06 3.79277e-05 
  4.93747e-01  -2.82125e-05 3.78679e-05 
  4.94997e-01  -2.33476e-07 3.78092e-05 
  4.96248e-01  5.08479e-05  3.77516e-05 
  4.97499e-01  5.98022e-05  3.76954e-05 
  4.98749e-01  3.55372e-05  3.76406e-05 
  5.00000e-01  -2.61573e-05 3.75871e-05 
