q I
0.01258 13.8766267
0.014 11.88131407
0.01542 10.87630871
0.01684 9.318532186
0.01826 8.526105716
0.01967 7.302644314
0.02109 6.236972324
0.02251 5.758271828
0.02393 5.133914595
0.02535 4.8602229
0.02677 4.534624784
0.02818 4.33331997
0.0296 4.141733848
0.03102 3.930729821
0.03244 3.97785631
0.03386 3.819728523
0.03527 3.747060203
0.03669 3.620779667
0.03811 3.442881885
0.03953 3.513422889
0.04095 3.388824585
0.04237 3.336143958
0.04378 3.308218415
0.0452 3.385152992
0.04662 3.371608372
0.04804 3.286939675
0.04946 3.293949738
0.05087 3.24559766
0.05229 3.269329354
0.05371 3.297475317
0.05513 3.314098729
0.05655 3.251769775
0.05797 3.313687168
0.05938 3.368792249
0.0608 3.773077215
0.06222 4.590343438
0.06364 5.514407533
0.06506 4.994993415
0.06647 3.975245448
0.06789 3.588781268
0.06931 3.342488466
0.07073 3.258644011
0.07215 3.336252863
0.07356 3.161134709
0.07498 3.216424326
0.0764 3.142803862
0.07782 3.177001907
0.07924 3.179084135
0.08066 3.163724563
0.08207 3.282735745
0.08349 3.230704718
0.08491 3.333051042
0.08633 3.327221377
0.08775 3.523445683
0.08916 3.745308583
0.09058 3.941093658
0.092 3.722928706
0.09342 3.537132826
0.09484 3.283041656
0.09626 3.230671216
0.09767 3.059763133
0.09909 3.147070558
0.10051 3.156847316
0.10193 3.067905296
0.10335 3.113065117
0.10476 3.163117959
0.10618 3.199042384
0.1076 3.332796447
0.10902 3.593261002
0.11044 3.81712854
0.11185 4.195104708
0.11327 3.721898774
0.11469 3.248314872
0.11611 3.114205107
0.11753 2.908881677
0.11895 2.942371486
0.12036 2.917092267
0.12178 2.798556701
0.1232 2.801403688
0.12462 2.728884202
0.12604 2.8556482
0.12745 2.877673812
0.12887 2.773189425
0.13029 2.76942464
0.13171 2.736767358
0.13313 2.653221042
0.13455 2.736313215
0.13596 2.662754858
0.13738 2.771049136
0.1388 2.699923736
0.14022 2.736352298
0.14164 2.576210229
0.14305 2.730294711
0.14447 2.737617848
0.14589 2.637387176
0.14731 2.739126396
0.14873 2.672738907
0.15015 2.659162592
0.15156 2.674001906
0.15298 2.634276836
0.1544 2.690133553
0.15582 2.69965571
0.15724 2.687443304
0.15865 2.735058173
0.16007 2.736197275
0.16149 2.657738972
0.16291 2.72337434
0.16433 2.744110331
0.16574 2.669480001
0.16716 2.696113441
0.16858 2.652254325
0.17 2.75962511
0.17142 2.653852102
0.17284 2.691908065
0.17425 2.71823051
0.17567 2.618625765
0.17709 2.574367664
0.17851 2.593471091
0.17993 2.543566478
0.18134 2.580984818
0.18276 2.62739067
0.18418 2.558227828
0.1856 2.615463687
0.18702 2.570796885
0.18844 2.469446521
0.18985 2.540160513
0.19127 2.548407566
0.19269 2.621514414
0.19411 2.577997179
0.19553 2.49646715
0.19694 2.537956928
0.19836 2.54799474
0.19978 2.463364144
0.2012 2.423329179
0.20262 2.414654021
0.20403 2.460651214
0.20545 2.514941692
0.20687 2.353499019
0.20829 2.454722627
0.20971 2.482510228
0.21113 2.585673088
0.21254 2.477350224
0.21396 2.402741373
0.21538 2.445766039
0.2168 2.514676511
0.21822 2.488674158
0.21963 2.407288349
0.22105 2.37580031
0.22247 2.457581966
0.22389 2.420200024
0.22531 2.425794784
0.22673 2.423458832
0.22814 2.354604739
0.22956 2.411061991
0.23098 2.431083765
0.2324 2.307200602
0.23382 2.366085894
0.23523 2.324352245
0.23665 2.367936201
0.23807 2.450700816
0.23949 2.41729862
0.24091 2.397536167
0.24233 2.283795454
0.24374 2.31272351
0.24516 2.410006836
0.24658 2.343828237
0.248 2.367781157
0.24942 2.283362436
0.25083 2.388461144
0.25225 2.357318491
0.25367 2.325265261
0.25509 2.384302838
0.25651 2.360572379
0.25792 2.286226968
0.25934 2.348412138
0.26076 2.273236473
0.26218 2.337563383
0.2636 2.338530443
0.26502 2.326727924
0.26643 2.336647748
0.26785 2.419614392
0.26927 2.275104767
0.27069 2.376854987
0.27211 2.38402359
0.27352 2.32590803
0.27494 2.296727774
0.27636 2.409774872
0.27778 2.318665999
0.2792 2.35431941
0.28062 2.386419819
0.28203 2.276991668
0.28345 2.349408001
0.28487 2.465423543
0.28629 2.345368006
0.28771 2.346215783
0.28912 2.257722805
0.29054 2.295099028
0.29196 2.314711637
0.29338 2.307632943
0.2948 2.402883057
0.29621 2.34111417
0.29763 2.373555001
0.29905 2.362739104
0.30047 2.321791451
0.30189 2.416237576
0.30331 2.340469343
0.30472 2.365036928
0.30614 2.429017864
0.30756 2.365064624
0.30898 2.389256675
0.3104 2.293554316
0.31181 2.403484868
0.31323 2.416236524
0.31465 2.335225972
0.31607 2.306112019
0.31749 2.413022937
0.31891 2.264624107
0.32032 2.295884434
0.32174 2.282336051
0.32316 2.351213042
0.32458 2.380635705
0.326 2.264957737
0.32741 2.263174236
0.32883 2.289047168
0.33025 2.398001562
0.33167 2.351909133
0.33309 2.396444944
0.33451 2.329439926
0.33592 2.401682329
0.33734 2.439141017
0.33876 2.355748427
0.34018 2.447643149
0.3416 2.318800795
0.34301 2.326046311
0.34443 2.387705387
0.34585 2.380301464
0.34727 2.371534861
0.34869 2.304339043
0.3501 2.28513851
0.35152 2.392288905
0.35294 2.390588786
0.35436 2.40028589
0.35578 2.365356655
0.3572 2.339883175
0.35861 2.360984881
0.36003 2.449029878
0.36145 2.421128788
0.36287 2.370330109
0.36429 2.282699916
0.3657 2.338459924
0.36712 2.358145829
0.36854 2.333432056
0.36996 2.444635901
0.37138 2.404120979
0.3728 2.334129942
0.37421 2.350723113
0.37563 2.376433655
0.37705 2.37676585
0.37847 2.358055274
0.37989 2.38344519
0.3813 2.426969113
0.38272 2.388238902
0.38414 2.464206442
0.38556 2.469024138
0.38698 2.35366134
0.38839 2.291201578
0.38981 2.302971961
0.39123 2.450884878
0.39265 2.382749595
0.39407 2.39927497
0.39549 2.470437088
0.3969 2.375702591
0.39832 2.399635863
0.39974 2.298058695
0.40116 2.456900423
0.40258 2.368852614
0.40399 2.448283313
0.40541 2.402664434
0.40683 2.438274559
0.40825 2.396154324
0.40967 2.476136864
0.41109 2.419689505
0.4125 2.412142202
0.41392 2.441493689
0.41534 2.476935928
0.41676 2.463184889
0.41818 2.39121221
0.41959 2.374364314
0.42101 2.312637518
0.42243 2.349261596
0.42385 2.424039833
0.42527 2.418694284
0.42669 2.440242071
0.4281 2.380881798
0.42952 2.355541975
0.43094 2.461663605
0.43236 2.395633322
0.43378 2.459939257
0.43519 2.484467648
0.43661 2.456286394
0.43803 2.465566799
0.43945 2.413408669
0.44087 2.39490541
0.44228 2.390967207
0.4437 2.413961012
0.44512 2.374772909
0.44654 2.421539993
0.44796 2.50474736
0.44938 2.437967315
0.45079 2.416255583
0.45221 2.375725822
0.45363 2.423534218
0.45505 2.548748727
0.45647 2.446105855
0.45788 2.413918713
0.4593 2.498686593
0.46072 2.431877924
0.46214 2.402261627
0.46356 2.409303366
0.46498 2.390090878
0.46639 2.420451623
0.46781 2.419361805
0.46923 2.473393043
0.47065 2.429824433
0.47207 2.40252191
0.47348 2.419059006
0.4749 2.440599441
0.47632 2.312492365
0.47774 2.477555263
0.47916 2.401600192
0.48057 2.447660693
0.48199 2.481174059
0.48341 2.349758741
0.48483 2.494404038
0.48625 2.379429649
0.48767 2.375825686
0.48908 2.384006029
0.4905 2.440674656
0.49192 2.487239697
0.49334 2.357433891
0.49476 2.426269191
0.49617 2.444883184
0.49759 2.546340618
0.49901 2.449956146
0.50043 2.512535738
0.50185 2.436686142
0.50327 2.408869322
0.50468 2.374665291
0.5061 2.37683146
0.50752 2.336007156
0.50894 2.432437616
0.51036 2.496463843
0.51177 2.518397276
0.51319 2.343233139
0.51461 2.505495999
0.51603 2.59573603
0.51745 2.585597175
0.51887 2.448492451
0.52028 2.541764351
0.5217 2.497412764
0.52312 2.44991513
0.52454 2.494374951
0.52596 2.517086066
0.52737 2.569433976
0.52879 2.509415453
0.53021 2.526539197
0.53163 2.510744479
0.53305 2.586250104
0.53446 2.439978923
0.53588 2.411792219
0.5373 2.415447399
0.53872 2.542735788
0.54014 2.486281234
0.54156 2.476454182
0.54297 2.49441646
0.54439 2.494436949
0.54581 2.448370531
0.54723 2.612849957
0.54865 2.54580604
0.55006 2.522691175
0.55148 2.542014609
0.5529 2.495575571
0.55432 2.548894154
0.55574 2.530556566
0.55716 2.537862997
0.55857 2.598756491
0.55999 2.509327027
0.56141 2.593189492
0.56283 2.510938641
0.56425 2.493452673
0.56566 2.571463307
0.56708 2.56704616
0.5685 2.4944388
0.56992 2.601682129
0.57134 2.550966958
0.57275 2.561250418
0.57417 2.48542358
0.57559 2.476781681
0.57701 2.574297758
0.57843 2.570509858
0.57985 2.551650052
0.58126 2.692205733
0.58268 2.647128035
0.5841 2.597246035
0.58552 2.576187049
0.58694 2.622368191
0.58835 2.623313254
0.58977 2.637630703
0.59119 2.473458661
0.59261 2.605385945
0.59403 2.612951795
0.59545 2.563138562
0.59686 2.6414135
0.59828 2.606937584
0.5997 2.518527486
0.60112 2.61175073
0.60254 2.618173971
0.60395 2.666177121
0.60537 2.470618301
0.60679 2.566302073
0.60821 2.570351214
0.60963 2.614659311
0.61105 2.557754089
0.61246 2.531312695
0.61388 2.632069671
0.6153 2.632451347
0.61672 2.624578386
0.61814 2.668574037
0.61955 2.626232158
0.62097 2.778875346
0.62239 2.610175594
0.62381 2.648892884
0.62523 2.663756861
0.62664 2.592434817
0.62806 2.616974685
0.62948 2.569087029
0.6309 2.626644984
0.63232 2.6826283
0.63374 2.626781989
0.63515 2.625759862
0.63657 2.703502185
0.63799 2.604367706
0.63941 2.633876454
0.64083 2.615342158
0.64224 2.542870322
0.64366 2.641755076
0.64508 2.755791867
0.6465 2.624978333
0.64792 2.653412655
0.64934 2.600082761
0.65075 2.628587487
0.65217 2.716846062
0.65359 2.643714052
0.65501 2.597737496
0.65643 2.780035725
0.65784 2.735567449
0.65926 2.700463295
0.66068 2.776727734
0.6621 2.751274785
0.66352 2.532070862
0.66493 2.663251286
0.66635 2.67787649
0.66777 2.710458843
0.66919 2.662032623
0.67061 2.711024131
0.67203 2.598038193
0.67344 2.730184612
0.67486 2.63950427
0.67628 2.738089621
0.6777 2.689299931
0.67912 2.770570562
0.68053 2.691362082
0.68195 2.661239197
0.68337 2.811487592
0.68479 2.772323217
0.68621 2.693617126
0.68763 2.796537912
0.68904 2.652291848
0.69046 2.780255096
0.69188 2.85264626
0.6933 2.704683122
0.69472 2.73491613
0.69613 2.740009891
0.69755 2.706815112
0.69897 2.704169823
0.70039 2.697341485
0.70181 2.756252192
0.70323 2.729876259
0.70464 2.841454395
0.70606 2.687869081
0.70748 2.797370703
0.7089 2.735068186
0.71032 2.781945832
0.71173 2.913187188
0.71315 2.730264553
0.71457 2.713961634
0.71599 2.820675743
0.71741 2.7849008
0.71882 2.672533784
0.72024 2.790170363
0.72166 2.811301926
0.72308 2.759120746
0.7245 2.744407524
0.72592 2.781884006
0.72733 2.800022958
0.72875 2.809470919
0.73017 2.770300486
0.73159 2.749568677
0.73301 2.734536532
0.73442 2.790621638
0.73584 2.855561233
0.73726 2.869593263
0.73868 2.86657329
0.7401 2.855400797
0.74152 2.868522353
0.74293 2.867209005
0.74435 2.931751693
0.74577 2.843529196
0.74719 2.89013249
0.74861 2.893430733
0.75002 2.784460748
0.75144 2.815330167
0.75286 2.917713434
0.75428 2.910971424
0.7557 2.879744401
0.75711 2.853728349
0.75853 2.798845666
0.75995 2.740039497
0.76137 2.763501087
0.76279 2.794435624
0.76421 2.814647966
0.76562 2.819426422
0.76704 2.864831745
0.76846 2.863908107
0.76988 2.920005214
0.7713 2.814215516
0.77271 2.947631711
0.77413 2.834877408
0.77555 2.83545228
0.77697 2.856007323
0.77839 2.815137259
0.77981 2.90127439
0.78122 2.808554535
0.78264 2.872576979
0.78406 2.820434566
0.78548 2.890179276
0.7869 2.892136547
0.78831 2.913965988
0.78973 2.792815492
0.79115 2.86639346
0.79257 2.799936391
0.79399 2.856497141
0.79541 2.89297368
0.79682 2.839990514
0.79824 2.862873096
0.79966 2.951223138
0.80108 2.856005972
0.8025 2.909951885
0.80391 2.864030345
0.80533 2.921986713
0.80675 2.940424248
0.80817 2.889893015
0.80959 2.863931484
0.811 2.875551501
0.81242 2.982670189
0.81384 2.946919376
0.81526 2.921651453
0.81668 2.991880401
0.8181 3.027422977
0.81951 2.998472595
0.82093 2.907319587
0.82235 2.988590293
0.82377 2.912063039
0.82519 2.975903479
0.8266 2.959270086
0.82802 3.069208105
0.82944 2.95102808
0.83086 2.951422452
0.83228 3.008784272
0.8337 2.90645813
0.83511 2.941386331
0.83653 3.020089511
0.83795 2.995958369
0.83937 2.961092674
0.84079 2.994798902
0.8422 2.987446648
0.84362 2.992620865
0.84504 2.990791649
0.84646 2.937468828
0.84788 2.96669236
0.84929 2.986702662
0.85071 3.037300372
0.85213 2.920715806
0.85355 2.935811478
0.85497 2.999815548
0.85639 2.979233574
0.8578 3.013282613
0.85922 2.955394442
0.86064 2.916109483
0.86206 2.942079812
0.86348 2.921484263
0.86489 3.018296988
0.86631 2.9457456
0.86773 3.051791075
0.86915 2.998283996
0.87057 2.934454635
0.87199 2.998517824
0.8734 3.100732796
0.87482 3.02349423
0.87624 3.059358421
0.87766 2.966249496
0.87908 2.991353253
0.88049 2.996157665
0.88191 2.96965232
0.88333 3.031448128
0.88475 2.989714968
0.88617 3.054444113
0.88759 3.00875102
0.889 3.111995097
0.89042 3.02848168
0.89184 3.027360054
0.89326 3.004617207
0.89468 3.073107597
0.89609 3.047312102
0.89751 3.001763264
0.89893 3.017084409
0.90035 2.97059882
0.90177 3.04493172
0.90318 2.960840982
0.9046 2.939679404
0.90602 3.017201506
0.90744 3.04374295
0.90886 3.026870083
0.91028 2.991704272
0.91169 3.061729671
0.91311 3.090533215
0.91453 2.990043324
0.91595 3.096342638
0.91737 3.073702493
0.91878 3.087259113
0.9202 3.102565377
0.92162 3.06211612
0.92304 3.079238936
0.92446 3.043232971
0.92588 3.041898989
0.92729 3.018550096
0.92871 3.072828754
0.93013 3.029129719
0.93155 3.180010155
0.93297 3.014710102
0.93438 3.082609343
0.9358 3.155318299
0.93722 3.059677188
0.93864 3.024270603
0.94006 3.066916773
0.94147 3.135498599
0.94289 3.128290552
0.94431 3.104721246
0.94573 2.992906794
0.94715 3.08332025
0.94857 3.022785082
0.94998 3.050894279
0.9514 3.079207963
0.95282 3.179387585
0.95424 3.043842433
0.95566 3.077816463
0.95707 3.121747927
0.95849 3.080962384
0.95991 3.132342569
0.96133 3.069628156
0.96275 3.028889818
0.96417 3.066717455
0.96558 3.195447978
0.967 3.142909458
0.96842 3.129828511
0.96984 3.131213823
0.97126 3.02191268
0.97267 3.081917035
0.97409 3.08236511
0.97551 3.130034139
0.97693 3.130491996
0.97835 3.034861482
0.97977 2.985273856
0.98118 3.118777918
0.9826 3.106604617
0.98402 3.174832284
0.98544 3.101738226
0.98686 2.982975407
0.98827 3.128933588
0.98969 3.108676256
0.99111 3.097848387
0.99253 3.118483197
0.99395 3.117810394
0.99536 2.959104737
0.99678 3.146697415
0.9982 3.068041899
0.99962 3.029628828
1.00104 3.26921092
1.00246 3.117171205
1.00387 3.053476157
1.00529 3.054504676
1.00671 3.203666211
1.00813 3.185764609
1.00955 3.131057823
1.01096 3.156134038
1.01238 3.087371542
1.0138 3.156317956
1.01522 3.13586887
1.01664 3.206091824
1.01806 3.147335442
1.01947 3.258300339
1.02089 3.129705095
1.02231 3.190696735
1.02373 3.240586112
1.02515 3.106222571
1.02656 3.168348031
1.02798 3.183854503
1.0294 3.185465358
1.03082 3.191071725
1.03224 3.212036136
1.03365 3.185067863
1.03507 3.139689014
1.03649 3.181335858
1.03791 3.16556707
1.03933 3.103667425
1.04075 3.148711154
1.04216 3.149160916
1.04358 3.222516502
1.045 3.199556675
1.04642 3.20868568
1.04784 3.20935253
1.04925 3.191080689
1.05067 3.167000267
1.05209 3.152027765
1.05351 3.150711581
1.05493 3.28360317
1.05635 3.209597879
1.05776 3.254888432
1.05918 3.212334215
1.0606 3.263031278
1.06202 3.191117099
1.06344 3.188375253
1.06485 3.317406611
1.06627 3.343311986
1.06769 3.45128769
1.06911 3.213632675
1.07053 3.3109083
1.07195 3.332265143
1.07336 3.351844483
1.07478 3.263905634
1.0762 3.243572816
1.07762 3.281109491
1.07904 3.245372302
1.08045 3.37045024
1.08187 3.350148576
1.08329 3.277125771
1.08471 3.349778299
1.08613 3.274567547
1.08754 3.267904319
1.08896 3.264170404
1.09038 3.353575796
1.0918 3.267257342
1.09322 3.387716051
1.09464 3.309373701
1.09605 3.357416879
1.09747 3.322085738
1.09889 3.331632288
1.10031 3.282664231
1.10173 3.379338781
1.10314 3.384172865
1.10456 3.293893146
1.10598 3.323392632
1.1074 3.320334847
1.10882 3.372253108
1.11024 3.358669253
1.11165 3.465994517
1.11307 3.306470836
1.11449 3.39991197
1.11591 3.43893223
1.11733 3.387983433
1.11874 3.456659626
1.12016 3.442717383
1.12158 3.495324068
1.123 3.431351202
1.12442 3.415260073
1.12583 3.470179225
1.12725 3.438756467
1.12867 3.50423946
1.13009 3.405909713
1.13151 3.536772655
1.13293 3.405761313
1.13434 3.38072672
1.13576 3.447009243
1.13718 3.41957872
1.1386 3.467545653
1.14002 3.50086193
1.14143 3.473268078
1.14285 3.437383891
1.14427 3.536129811
1.14569 3.476391625
1.14711 3.513428176
1.14853 3.504741311
1.14994 3.534230582
1.15136 3.604896423
1.15278 3.638040763
1.1542 3.596629705
1.15562 3.601991562
1.15703 3.613281985
1.15845 3.49474119
1.15987 3.464924731
1.16129 3.54044492
1.16271 3.665392039
1.16413 3.662051639
1.16554 3.579347691
1.16696 3.688364183
1.16838 3.591819428
1.1698 3.649773907
1.17122 3.664591884
1.17263 3.667726298
1.17405 3.617263462
1.17547 3.643923787
1.17689 3.743571723
1.17831 3.744008164
1.17972 3.841545408
1.18114 3.695980512
1.18256 3.753738405
1.18398 3.628544859
1.1854 3.773032671
1.18682 3.735692801
1.18823 3.715950941
1.18965 3.668165273
1.19107 3.751037092
1.19249 3.706160798
1.19391 3.696419566
1.19532 3.794914771
1.19674 3.838586518
1.19816 3.744169527
1.19958 3.754501826
1.201 3.743164699
1.20242 3.82698214
1.20383 3.726519016
1.20525 3.779731796
1.20667 3.843185605
1.20809 3.872553419
1.20951 3.806011054
1.21092 3.911070165
1.21234 3.890718355
1.21376 3.89917938
1.21518 3.907044419
1.2166 3.982810353
1.21801 3.857154497
1.21943 3.916934152
1.22085 3.934464213
1.22227 3.971960445
1.22369 3.925003205
1.22511 3.953537257
1.22652 3.919373025
1.22794 3.957332711
1.22936 3.950682992
1.23078 4.016814785
1.2322 3.997976672
1.23361 3.950060547
1.23503 3.988441738
1.23645 4.03796803
1.23787 3.994577483
1.23929 4.112390337
1.24071 3.962966612
1.24212 4.06843146
1.24354 4.011012244
1.24496 4.097763682
1.24638 4.057889561
1.2478 4.145251606
1.24921 4.061280412
1.25063 4.055617314
1.25205 4.150518242
1.25347 4.167591993
1.25489 4.183210018
1.25631 4.159153212
1.25772 4.09818732
1.25914 4.143555701
1.26056 4.232536037
1.26198 4.095445138
1.2634 4.244490871
1.26481 4.165623093
1.26623 4.256423635
1.26765 4.274850143
1.26907 4.226621374
1.27049 4.237011296
1.2719 4.266090888
1.27332 4.340762794
1.27474 4.289583574
1.27616 4.382229259
1.27758 4.329001103
1.279 4.242685954
1.28041 4.218370189
1.28183 4.418795976
1.28325 4.373440099
1.28467 4.426453477
1.28609 4.485196629
1.2875 4.51850931
1.28892 4.381640443
1.29034 4.415995617
1.29176 4.438678462
1.29318 4.397187832
1.2946 4.499899085
1.29601 4.439960977
1.29743 4.542397467
1.29885 4.607882872
1.30027 4.533913403
1.30169 4.562881761
1.3031 4.554212982
1.30452 4.589756055
1.30594 4.727234526
1.30736 4.549765161
1.30878 4.615434623
1.3102 4.716034245
1.31161 4.557317225
1.31303 4.529674833
1.31445 4.608527071
1.31587 4.710215825
1.31729 4.637410305
1.3187 4.767156269
1.32012 4.739454514
1.32154 4.805242291
1.32296 4.728965883
1.32438 4.759311612
1.32579 4.670027601
1.32721 4.823383209
1.32863 4.808468727
1.33005 4.760933295
1.33147 4.806208637
1.33289 4.672008329
1.3343 4.76092426
1.33572 4.818388817
1.33714 4.794859004
1.33856 4.806332724
1.33998 4.811507835
1.34139 4.861772007
1.34281 4.982612874
1.34423 4.890827355
1.34565 4.814571961
1.34707 4.964711908
1.34849 4.923569263
1.3499 4.920187711
1.35132 4.875948188
1.35274 4.936840279
1.35416 4.909346125
1.35558 5.114162882
1.35699 4.947568055
1.35841 5.054532505
1.35983 5.025832221
1.36125 5.064301596
1.36267 4.9866154
1.36408 5.057088836
1.3655 5.104367631
1.36692 5.14673426
1.36834 5.085561204
1.36976 5.120947992
1.37118 5.11463424
1.37259 5.198411138
1.37401 5.189316631
1.37543 5.120260987
1.37685 5.182103081
1.37827 5.178897362
1.37968 5.228324222
1.3811 5.304698312
1.38252 5.270069222
1.38394 5.282723788
1.38536 5.335004717
1.38678 5.359513484
1.38819 5.233868292
1.38961 5.236233556
1.39103 5.341349158
1.39245 5.282469097
1.39387 5.241479161
1.39528 5.415113428
1.3967 5.410753007
1.39812 5.376542992
1.39954 5.371073153
1.40096 5.36773843
1.40238 5.370996692
1.40379 5.557396004
1.40521 5.46078876
1.40663 5.352731731
1.40805 5.476523756
1.40947 5.431217006
1.41088 5.546441432
1.4123 5.512448447
1.41372 5.699501575
1.41514 5.310372327
1.41656 5.384166206