FILE CREATED: 07/08/2023 16:55:10
Stitching:     KKB0020044_Faba 10 PBS B-abs_cut_smooth_ip_Lake_DSM + BBY0054163_FB 10% PBS Salt B_T_sub
Normalization:     1.3324831 * KKB0020044_Faba 10 PBS B-abs_cut_smooth_ip_Lake_DSM
The 6 columns are | Q (1/A) | I(Q) (1/cm) | std. dev. I(Q) (1/cm) | sigmaQ | meanQ | ShadowFactor|
    3.19968e-05       307834492      2968685.13     3.19968e-07     3.19968e-05               1
   3.839616e-05       172837866      1987654.13    3.839616e-07    3.839616e-05               1
  4.6075392e-05       105741023      1457482.23   4.6075392e-07   4.6075392e-05               1
 5.52904704e-05      62832081.7      1039407.09  5.52904704e-07  5.52904704e-05               1
 6.63485645e-05      35035184.8      711336.439  6.63485645e-07  6.63485645e-05               1
 7.96182774e-05      20649114.4      523967.664  7.96182774e-07  7.96182774e-05               1
 9.55419329e-05      11116247.3      330496.214  9.55419329e-07  9.55419329e-05               1
 0.000114650319      5651385.23      170494.274  1.14650319e-06  0.000114650319               1
 0.000137580383      2892579.57      90159.5807  1.37580383e-06  0.000137580383               1
  0.00016509646      1514214.75      46064.9771   1.6509646e-06   0.00016509646               1
 0.000198115752       798298.57      25422.1703  1.98115752e-06  0.000198115752               1
 0.000237738902      416600.498      12838.0543  2.37738902e-06  0.000237738902               1
 0.000285286683      194666.307      5950.23639  2.85286683e-06  0.000285286683               1
 0.000342344019      101527.696      3181.70082  3.42344019e-06  0.000342344019               1
 0.000410812823      51209.6414      1632.91809  4.10812823e-06  0.000410812823               1
 0.000492975388      26783.8173      865.633209  4.92975388e-06  0.000492975388               1
 0.000591570466      15724.2152      533.955349  5.91570466e-06  0.000591570466               1
 0.000709884559       9133.4674      320.808015  7.09884559e-06  0.000709884559               1
  0.00085186147       5204.1415      187.378018   8.5186147e-06   0.00085186147               1
  0.00102223376      3043.98151      115.105408  1.02223376e-05   0.00102223376               1
  0.00122668052       1960.8881       79.094666  1.22668052e-05   0.00122668052               1
  0.00147201662      1386.85618      58.8790577  1.47201662e-05   0.00147201662               1
     0.00165035         1063.09         20.5396               0      0.00165035               1
  0.00176641994      996.265003      46.6632785  1.76641994e-05   0.00176641994               1
     0.00178238         898.495         10.8398               0      0.00178238               1
     0.00192497         799.483          8.8172               0      0.00192497               1
     0.00207896         775.993         5.04305               0      0.00207896               1
  0.00211970393      693.200131      36.8490149  2.11970393e-05   0.00211970393               1
     0.00224528         644.035         3.62412               0      0.00224528               1
      0.0024249         544.541         2.83416               0       0.0024249               1
  0.00254364472      457.096169      28.0130766  2.54364472e-05   0.00254364472               1
      0.0026189         420.422         2.43233               0       0.0026189               1
     0.00282841         377.048         1.50548               0      0.00282841               1
  0.00305237366      285.756392       20.263981  3.05237366e-05   0.00305237366               1
     0.00305468         307.075         1.42153               0      0.00305468               1
     0.00329906         263.857         1.11044               0      0.00329906               1
     0.00356298         213.637        0.949904               0      0.00356298               1
   0.0036628484      186.231786      14.9372611   3.6628484e-05    0.0036628484               1
     0.00384802         184.708        0.831093               0      0.00384802               1
     0.00415586         152.258        0.664637               0      0.00415586               1
  0.00439541808      150.236186       13.449974  4.39541808e-05   0.00439541808               1
     0.00448833         129.047        0.588509               0      0.00448833               1
      0.0048474         110.709        0.510254               0       0.0048474               1
     0.00523519         96.3156        0.435601               0      0.00523519               1
  0.00527450169      142.498756      14.6194251  5.27450169e-05   0.00527450169               1
       0.005654         82.8911        0.367896               0        0.005654               1
     0.00610632          71.685         0.31918               0      0.00610632               1
  0.00632940203      72.5550596      9.45287718  6.32940203e-05   0.00632940203               1
     0.00659483         62.9369        0.276306               0      0.00659483               1
     0.00712241         54.6168        0.233033               0      0.00712241               1
     0.00769221         48.8105        0.208162               0      0.00769221               1
     0.00830758         43.6246        0.185059               0      0.00830758               1
     0.00897219         38.8285         0.15727               0      0.00897219               1
     0.00968997         35.1907         0.14204               0      0.00968997               1
      0.0104652         31.5992        0.122457               0       0.0104652               1
      0.0113024         27.9861        0.107408               0       0.0113024               1
      0.0122066         25.0791       0.0939892               0       0.0122066               1
      0.0131831         22.2615       0.0827058               0       0.0131831               1
      0.0142377         19.7315       0.0727997               0       0.0142377               1
      0.0153768         17.1076       0.0674166               0       0.0153768               1
      0.0166069         15.2056       0.0543584               0       0.0166069               1
      0.0179355          13.311       0.0550195               0       0.0179355               1
      0.0193703         11.5436       0.0502389               0       0.0193703               1
      0.0209199         10.0734       0.0583135               0       0.0209199               1
      0.0225935         8.54425       0.0484603               0       0.0225935               1
       0.024401          7.6047       0.0466167               0        0.024401               1
      0.0263531         6.64677       0.0452245               0       0.0263531               1
      0.0284613         5.96989       0.0334265               0       0.0284613               1
      0.0307382         5.17238       0.0286998               0       0.0307382               1
      0.0331973         4.56927       0.0242886               0       0.0331973               1
       0.035853         4.01228       0.0216421               0        0.035853               1
      0.0387213         3.55956       0.0182888               0       0.0387213               1
       0.041819         3.22977       0.0161497               0        0.041819               1
      0.0451645         2.87586       0.0140693               0       0.0451645               1
      0.0487777         2.61331       0.0110367               0       0.0487777               1
      0.0526799         2.38085      0.00945482               0       0.0526799               1
      0.0568943         2.15978      0.00762456               0       0.0568943               1
      0.0614458         1.96757      0.00667721               0       0.0614458               1
      0.0663615         1.82481      0.00594915               0       0.0663615               1
      0.0716704         1.70085      0.00524218               0       0.0716704               1
       0.077404         1.61482      0.00449276               0        0.077404               1
      0.0835964         1.55243      0.00384147               0       0.0835964               1
      0.0902841         1.52675      0.00356422               0       0.0902841               1
      0.0975068         1.51031      0.00321737               0       0.0975068               1
       0.105307         1.50902      0.00294543               0        0.105307               1
       0.113732         1.49351      0.00281949               0        0.113732               1
        0.12283         1.47067      0.00264627               0         0.12283               1
       0.132657         1.46151      0.00259274               0        0.132657               1
       0.143269         1.44323      0.00256954               0        0.143269               1
       0.154731         1.43891      0.00245819               0        0.154731               1
        0.16711          1.4284      0.00249089               0         0.16711               1
       0.180478         1.43191      0.00260835               0        0.180478               1
       0.194917         1.42711       0.0023315               0        0.194917               1
        0.21051         1.40926      0.00203715               0         0.21051               1
       0.227351         1.41481      0.00183764               0        0.227351               1
       0.245539         1.41072      0.00171947               0        0.245539               1
       0.265182          1.4124      0.00192101               0        0.265182               1
       0.286396         1.42061       0.0021207               0        0.286396               1
       0.309308         1.42891      0.00215707               0        0.309308               1
       0.334053         1.41865      0.00208711               0        0.334053               1
       0.360777         1.41704      0.00252679               0        0.360777               1
       0.389639         1.39676      0.00949529               0        0.389639               1
