FILE CREATED: 23/02/2023 14:16:48
Stitching:     KKB0020935_Soy 10 PBS B-abs_cut.dat_smooth_ip_Lake_DSM + BBY0060053_Soy_PBS_Salt_10%_sub
Normalization:     1.1324736 * KKB0020935_Soy 10 PBS B-abs_cut.dat_smooth_ip_Lake_DSM
The 6 columns are | Q (1/A) | I(Q) (1/cm) | std. dev. I(Q) (1/cm) | sigmaQ | meanQ | ShadowFactor|
    3.21508e-05       777149801      4882971.15     3.21508e-07     3.21508e-05               1
   3.858096e-05       354289764      2891845.39    3.858096e-07    3.858096e-05               1
  4.6297152e-05       181687788      1881623.84   4.6297152e-07   4.6297152e-05               1
 5.55565824e-05      99338736.5      1241754.86  5.55565824e-07  5.55565824e-05               1
 6.66678989e-05      56502024.6      882816.353  6.66678989e-07  6.66678989e-05               1
 8.00014787e-05      29654131.2      579598.017  8.00014787e-07  8.00014787e-05               1
 9.60017744e-05      15258439.3      380824.931  9.60017744e-07  9.60017744e-05               1
 0.000115202129      7618230.16      227554.929  1.15202129e-06  0.000115202129               1
 0.000138242555      4402340.47      134903.304  1.38242555e-06  0.000138242555               1
 0.000165891066      2300523.22      70779.9567  1.65891066e-06  0.000165891066               1
 0.000199069279      1168098.47      36402.6063  1.99069279e-06  0.000199069279               1
 0.000238883135      622984.597      18904.3106  2.38883135e-06  0.000238883135               1
 0.000286659762      310679.554      9487.47525  2.86659762e-06  0.000286659762               1
 0.000343991715      156209.374      4735.82203  3.43991715e-06  0.000343991715               1
 0.000412790058      82239.6622      2580.40886  4.12790058e-06  0.000412790058               1
 0.000495348069      47924.8529      1520.61282  4.95348069e-06  0.000495348069               1
 0.000594417683      28509.8408      900.765385  5.94417683e-06  0.000594417683               1
  0.00071330122      16820.3158      545.698019   7.1330122e-06   0.00071330122               1
 0.000855961464      10376.3254       337.97444  8.55961464e-06  0.000855961464               1
  0.00102715376      7069.66521       241.84052  1.02715376e-05   0.00102715376               1
  0.00123258451      4861.34267      171.546988  1.23258451e-05   0.00123258451               1
  0.00147910141      3361.87583      113.136155  1.47910141e-05   0.00147910141               1
  0.00177492169      2523.36851      93.7495558  1.77492169e-05   0.00177492169               1
        0.00192        2161.288       12.472358      0.00069448         0.00192               1
        0.00208       1907.3368      9.48164196      0.00069543         0.00208               1
  0.00212990603      1906.37295      73.5035282  2.12990603e-05   0.00212990603               1
        0.00225       1707.9116      6.49684076      0.00069663         0.00225               1
        0.00242       1485.5604      4.78055917      0.00069779         0.00242               1
  0.00255588724      1315.82273      51.4027682  2.55588724e-05   0.00255588724               1
        0.00262       1253.6802      4.21184331      0.00069934         0.00262               1
        0.00283       1086.8109      2.62951801      0.00070103         0.00283               1
        0.00305       942.29365      2.60715592       0.0007031         0.00305               1
  0.00306706468      879.531401      36.8663482  3.06706468e-05   0.00306706468               1
         0.0033       782.88529      1.87780107      0.00070549          0.0033               1
        0.00356       632.47733      1.80809416      0.00070839         0.00356               1
  0.00368047762      592.310943      29.5234865  3.68047762e-05   0.00368047762               1
        0.00385       527.13817      1.41681734      0.00071133         0.00385               1
        0.00416         411.752      1.14360696      0.00071525         0.00416               1
  0.00441657314       375.78532      24.1756106  4.41657314e-05   0.00441657314               1
        0.00449       321.29824      0.95563001      0.00071962         0.00449               1
        0.00485       249.35293      0.80113861      0.00072439         0.00485               1
        0.00524       187.54592      0.61422295      0.00073009         0.00524               1
  0.00529988777      179.778089      16.4415572  5.29988777e-05   0.00529988777               1
        0.00565        138.3454      0.49273071      0.00073685         0.00565               1
        0.00611       103.18664      0.39462538      0.00074458         0.00611               1
        0.00659        76.28132      0.31449003      0.00075346         0.00659               1
        0.00712        58.49861      0.24786108      0.00076393         0.00712               1
        0.00769        46.86007      0.21093657      0.00077598         0.00769               1
        0.00831        38.84945      0.18021995      0.00078944         0.00831               1
        0.00897        33.06142      0.14911075      0.00080508         0.00897               1
        0.00969        29.06981       0.1341765      0.00082284         0.00969               1
        0.01047        25.62433      0.11380888      0.00084291         0.01047               1
         0.0113        22.64798      0.10266171      0.00086578          0.0113               1
        0.01221         20.6852      0.09476479      0.00089202         0.01221               1
        0.01318        18.35921      0.07181589      0.00111538         0.01318               1
        0.01424        16.98812      0.07109827      0.00104643         0.01424               1
        0.01538        15.40416      0.05945572      0.00117323         0.01538               1
        0.01661        14.23569      0.05813914      0.00118888         0.01661               1
        0.01794         12.9616      0.05247206      0.00128394         0.01794               1
        0.01937         11.8877      0.05529331      0.00141476         0.01937               1
        0.02092        10.55172      0.05233709      0.00159858         0.02092               1
        0.02259         9.39935        0.056272      0.00171177         0.02259               1
         0.0244          8.2116      0.04453717      0.00183975          0.0244               1
        0.02635         6.90823      0.03967634      0.00190577         0.02635               1
        0.02846          5.8919      0.03513178      0.00196685         0.02846               1
        0.03074         4.99554      0.02812034      0.00203629         0.03074               1
         0.0332         4.21844      0.02361235      0.00211875          0.0332               1
        0.03585         3.53927      0.01984901      0.00221082         0.03585               1
        0.03872         3.07357      0.01712932      0.00231327         0.03872               1
        0.04182         2.70057      0.01482672      0.00242609         0.04182               1
        0.04516         2.39904      0.01255438      0.00255307         0.04516               1
        0.04878         2.17236      0.01035392      0.00269701         0.04878               1
        0.05268         1.98954      0.00863637      0.00284934         0.05268               1
        0.05689         1.86807      0.00732017      0.00301894         0.05689               1
        0.06145         1.77883      0.00648191      0.00320805         0.06145               1
        0.06636         1.69885      0.00583266      0.00341107         0.06636               1
        0.07167         1.62137      0.00510944      0.00363418         0.07167               1
         0.0774         1.56411      0.00442336      0.00390665          0.0774               1
         0.0836         1.51443      0.00385663      0.00419111          0.0836               1
        0.09028         1.50169      0.00356265      0.00449066         0.09028               1
        0.09751         1.46597      0.00325608      0.00480686         0.09751               1
        0.10531         1.45657       0.0030272      0.00515957         0.10531               1
        0.11373         1.44071      0.00294035      0.00553022         0.11373               1
        0.12283         1.41513      0.00277953      0.00594419         0.12283               1
        0.13266         1.40819      0.00275926      0.00640102         0.13266               1
        0.14327         1.38922      0.00273355      0.00689128         0.14327               1
        0.15473          1.3909      0.00259028       0.0074189         0.15473               1
        0.16711         1.38184      0.00266184      0.00798913         0.16711               1
        0.18048         1.39422      0.00293574      0.00859847         0.18048               1
        0.19492         1.37773      0.00243121      0.00928639         0.19492               1
        0.21051         1.36301      0.00213884      0.00999468         0.21051               1
        0.22735         1.36643      0.00193639       0.0107622         0.22735               1
        0.24554         1.36728      0.00186116       0.0115677         0.24554               1
        0.26518         1.37062      0.00209543       0.0124645         0.26518               1
         0.2864         1.37264      0.00231247       0.0134375          0.2864               1
        0.30931         1.37103      0.00228029       0.0145024         0.30931               1
        0.33405         1.37803      0.00221192       0.0156481         0.33405               1
        0.36078         1.38052      0.00289468        0.016727         0.36078               1
        0.38964         1.41653      0.01795458       0.0177458         0.38964               1
